30 117 1 30 12
1 25 6 8
1 2 10 5
1 11 13 3
1 14 3 25
2 3 9 27
2 11 23 10
2 21 25 21
2 9 5 10
3 14 8 24
3 9 14 5
3 26 9 23
3 29 15 26
4 24 1 5
4 5 15 1
4 18 1 23
4 19 23 21
5 17 6 20
5 18 28 19
5 29 8 20
5 9 3 23
6 15 26 15
6 17 28 20
6 10 1 21
6 29 23 22
7 6 5 27
7 23 18 26
7 20 9 3
7 19 9 26
8 5 8 16
8 28 6 5
8 8 6 17
8 15 9 5
9 18 22 22
9 3 3 2
9 4 24 24
9 12 18 13
10 22 15 10
10 24 24 5
10 3 2 2
10 6 20 7
11 17 8 11
11 25 10 10
11 20 21 27
11 10 14 9
12 23 22 17
12 21 12 16
12 18 26 20
12 4 14 12
13 4 2 16
13 20 3 27
13 25 20 27
13 9 21 22
14 15 20 5
14 7 28 11
14 4 29 9
14 2 3 26
15 17 21 3
15 20 1 9
15 27 16 10
15 13 27 11
16 11 15 3
16 25 23 6
16 27 15 4
16 26 12 7
17 24 18 4
17 19 27 16
17 10 14 7
17 6 21 29
18 19 21 16
18 3 22 5
18 7 26 21
18 13 29 5
19 26 6 1
19 11 12 11
19 3 14 15
19 14 20 24
20 17 26 18
20 8 21 17
20 26 11 11
21 19 23 14
21 6 21 25
21 22 27 6
21 23 8 9
22 21 14 28
22 6 1 7
22 27 10 26
22 23 29 8
23 12 25 1
23 8 2 15
23 13 1 5
23 21 10 12
24 16 8 5
24 9 3 21
24 10 23 19
24 17 26 1
25 8 26 20
25 12 13 5
25 1 16 23
26 17 7 26
26 2 15 3
26 11 20 6
26 28 16 13
27 2 2 3
27 24 28 4
27 7 23 29
28 15 1 18
28 24 27 15
28 30 29 23
28 21 26 29
29 22 23 1
29 11 10 3
29 23 8 25
29 27 2 26
30 27 15 20
30 11 13 22
30 21 10 19
30 15 29 3
77 1223 1 77 70
2 42 2147483647 33
1 42 1 33
2 68 2147483647 30
1 68 1 30
2 76 2147483647 13
1 76 1 13
2 51 2147483647 93
1 51 1 93
2 12 2147483647 39
1 12 1 39
2 57 2147483647 74
1 57 1 74
2 70 2147483647 21
1 70 1 21
2 73 2147483647 24
1 73 1 24
2 52 2147483647 54
1 52 1 54
2 15 2147483647 99
1 15 1 99
2 27 2147483647 96
1 27 1 96
2 40 2147483647 21
1 40 1 21
2 18 2147483647 75
1 18 1 75
2 26 2147483647 68
1 26 1 68
2 54 2147483647 56
1 54 1 56
2 53 2147483647 52
1 53 1 52
2 3 2147483647 86
1 3 1 86
2 8 2147483647 47
1 8 1 47
2 32 2147483647 39
1 32 1 39
2 45 2147483647 49
1 45 1 49
2 65 2147483647 2
1 65 1 2
2 61 2147483647 15
1 61 1 15
2 33 2147483647 98
1 33 1 98
2 50 2147483647 100
1 50 1 100
2 16 2147483647 83
1 16 1 83
2 25 2147483647 93
1 25 1 93
2 19 2147483647 98
1 19 1 98
2 69 2147483647 23
1 69 1 23
2 22 2147483647 26
1 22 1 26
2 30 2147483647 79
1 30 1 79
2 77 30 0
3 70 2147483647 53
3 10 2147483647 78
1 10 1 78
3 29 2147483647 78
1 29 1 78
3 72 2147483647 44
1 72 1 44
3 8 2147483647 45
3 12 2147483647 75
3 73 2147483647 90
3 63 2147483647 9
1 63 1 9
3 58 2147483647 37
1 58 1 37
3 41 2147483647 80
1 41 1 80
3 5 2147483647 17
1 5 1 17
3 51 2147483647 61
3 66 2147483647 44
1 66 1 44
3 54 2147483647 75
3 74 2147483647 90
1 74 1 90
3 27 2147483647 64
3 61 2147483647 12
3 15 2147483647 42
3 53 2147483647 25
3 48 2147483647 86
1 48 1 86
3 28 2147483647 24
1 28 1 24
3 23 2147483647 43
1 23 1 43
3 22 2147483647 90
3 52 2147483647 26
3 64 2147483647 14
1 64 1 14
3 37 2147483647 67
1 37 1 67
3 14 2147483647 60
1 14 1 60
3 31 2147483647 7
1 31 1 7
3 77 28 0
3 2 2147483647 0
4 44 2147483647 100
1 44 1 100
4 54 2147483647 16
4 55 2147483647 97
1 55 1 97
4 12 2147483647 55
4 41 2147483647 39
4 77 5 0
4 2 2147483647 0
5 14 2147483647 20
5 40 2147483647 79
5 69 2147483647 50
5 23 2147483647 99
5 7 2147483647 80
1 7 1 80
5 74 2147483647 5
5 13 2147483647 29
1 13 1 29
5 47 2147483647 16
1 47 1 16
5 39 2147483647 50
1 39 1 50
5 70 2147483647 92
5 50 2147483647 8
5 15 2147483647 78
5 67 2147483647 72
1 67 1 72
5 55 2147483647 64
5 17 2147483647 77
1 17 1 77
5 32 2147483647 47
5 25 2147483647 28
5 37 2147483647 46
5 64 2147483647 35
5 11 2147483647 17
1 11 1 17
5 46 2147483647 62
1 46 1 62
5 36 2147483647 61
1 36 1 61
5 10 2147483647 56
5 56 2147483647 39
1 56 1 39
5 63 2147483647 88
5 73 2147483647 23
5 51 2147483647 66
5 61 2147483647 55
5 4 2147483647 60
1 4 1 60
5 6 2147483647 8
1 6 1 8
5 77 30 0
5 2 2147483647 0
6 18 2147483647 94
6 50 2147483647 79
6 44 2147483647 61
6 4 2147483647 60
6 77 4 0
6 2 2147483647 0
7 12 2147483647 92
7 44 2147483647 10
7 21 2147483647 54
1 21 1 54
7 77 3 0
7 2 2147483647 0
8 77 0 0
8 2 2147483647 0
9 54 2147483647 10
9 26 2147483647 40
9 19 2147483647 54
9 32 2147483647 70
9 71 2147483647 96
1 71 1 96
9 4 2147483647 38
9 23 2147483647 5
9 7 2147483647 70
9 45 2147483647 28
9 59 2147483647 8
1 59 1 8
9 8 2147483647 17
9 61 2147483647 5
9 43 2147483647 25
1 43 1 25
9 28 2147483647 67
9 21 2147483647 26
9 65 2147483647 61
9 50 2147483647 73
9 67 2147483647 7
9 77 18 0
9 2 2147483647 0
10 74 2147483647 86
10 61 2147483647 32
10 50 2147483647 74
10 53 2147483647 24
10 30 2147483647 24
10 9 2147483647 22
1 9 1 22
10 34 2147483647 21
1 34 1 21
10 12 2147483647 49
10 35 2147483647 46
1 35 1 46
10 6 2147483647 44
10 67 2147483647 10
10 47 2147483647 2
10 69 2147483647 64
10 55 2147483647 49
10 64 2147483647 98
10 48 2147483647 8
10 63 2147483647 75
10 56 2147483647 8
10 23 2147483647 94
10 36 2147483647 33
10 60 2147483647 18
1 60 1 18
10 39 2147483647 97
10 75 2147483647 83
1 75 1 83
10 38 2147483647 16
1 38 1 16
10 65 2147483647 92
10 40 2147483647 26
10 15 2147483647 5
10 4 2147483647 81
10 44 2147483647 41
10 33 2147483647 6
10 77 30 0
10 2 2147483647 0
11 63 2147483647 36
11 18 2147483647 63
11 26 2147483647 94
11 28 2147483647 90
11 41 2147483647 25
11 15 2147483647 33
11 58 2147483647 41
11 21 2147483647 81
11 77 8 0
11 2 2147483647 0
12 77 0 0
12 2 2147483647 0
13 7 2147483647 1
13 6 2147483647 75
13 35 2147483647 82
13 65 2147483647 15
13 4 2147483647 40
13 54 2147483647 23
13 33 2147483647 5
13 15 2147483647 100
13 12 2147483647 64
13 50 2147483647 89
13 58 2147483647 80
13 77 11 0
13 2 2147483647 0
14 9 2147483647 54
14 73 2147483647 66
14 45 2147483647 41
14 26 2147483647 100
14 49 2147483647 53
1 49 1 53
14 29 2147483647 88
14 8 2147483647 62
14 50 2147483647 53
14 71 2147483647 15
14 38 2147483647 71
14 28 2147483647 81
14 15 2147483647 56
14 59 2147483647 15
14 72 2147483647 9
14 22 2147483647 35
14 24 2147483647 36
1 24 1 36
14 43 2147483647 65
14 75 2147483647 12
14 54 2147483647 69
14 35 2147483647 85
14 52 2147483647 5
14 12 2147483647 81
14 64 2147483647 46
14 40 2147483647 27
14 17 2147483647 24
14 77 25 0
14 2 2147483647 0
15 35 2147483647 20
15 28 2147483647 7
15 44 2147483647 29
15 7 2147483647 39
15 77 4 0
15 2 2147483647 0
16 28 2147483647 22
16 12 2147483647 20
16 15 2147483647 59
16 4 2147483647 35
16 53 2147483647 13
16 35 2147483647 61
16 77 6 0
16 2 2147483647 0
17 64 2147483647 82
17 57 2147483647 39
17 27 2147483647 7
17 61 2147483647 83
17 69 2147483647 35
17 39 2147483647 35
17 63 2147483647 17
17 9 2147483647 20
17 73 2147483647 23
17 31 2147483647 47
17 47 2147483647 4
17 72 2147483647 23
17 55 2147483647 14
17 50 2147483647 20
17 76 2147483647 35
17 23 2147483647 5
17 58 2147483647 79
17 46 2147483647 66
17 48 2147483647 61
17 12 2147483647 74
17 52 2147483647 4
17 22 2147483647 63
17 45 2147483647 8
17 67 2147483647 27
17 40 2147483647 23
17 59 2147483647 96
17 34 2147483647 23
17 77 27 0
17 2 2147483647 0
18 21 2147483647 16
18 12 2147483647 42
18 44 2147483647 43
18 41 2147483647 6
18 77 4 0
18 2 2147483647 0
19 35 2147483647 15
19 65 2147483647 49
19 23 2147483647 4
19 43 2147483647 75
19 44 2147483647 90
19 54 2147483647 97
19 11 2147483647 71
19 46 2147483647 19
19 61 2147483647 52
19 56 2147483647 1
19 26 2147483647 63
19 33 2147483647 40
19 32 2147483647 75
19 63 2147483647 42
19 77 14 0
19 2 2147483647 0
20 66 2147483647 64
20 65 2147483647 56
20 63 2147483647 58
20 60 2147483647 83
20 50 2147483647 12
20 10 2147483647 45
20 27 2147483647 85
20 59 2147483647 39
20 44 2147483647 34
20 46 2147483647 75
20 54 2147483647 64
20 57 2147483647 66
20 52 2147483647 82
20 19 2147483647 77
20 74 2147483647 22
20 24 2147483647 41
20 43 2147483647 77
20 8 2147483647 7
20 39 2147483647 54
20 29 2147483647 40
20 4 2147483647 38
20 61 2147483647 1
20 16 2147483647 98
20 41 2147483647 74
20 28 2147483647 13
20 6 2147483647 45
20 64 2147483647 45
20 77 27 0
20 2 2147483647 0
21 77 0 0
21 2 2147483647 0
22 36 2147483647 19
22 59 2147483647 25
22 41 2147483647 86
22 16 2147483647 80
22 35 2147483647 99
22 44 2147483647 78
22 73 2147483647 58
22 13 2147483647 29
22 53 2147483647 54
22 45 2147483647 91
22 66 2147483647 43
22 67 2147483647 18
22 26 2147483647 12
22 61 2147483647 7
22 12 2147483647 22
22 33 2147483647 24
22 11 2147483647 70
22 32 2147483647 53
22 47 2147483647 89
22 28 2147483647 97
22 31 2147483647 42
22 77 21 0
22 2 2147483647 0
23 24 2147483647 30
23 6 2147483647 29
23 35 2147483647 22
23 13 2147483647 49
23 55 2147483647 51
23 50 2147483647 19
23 41 2147483647 65
23 52 2147483647 26
23 43 2147483647 98
23 53 2147483647 51
23 39 2147483647 97
23 45 2147483647 94
23 65 2147483647 71
23 67 2147483647 98
23 28 2147483647 45
23 15 2147483647 78
23 77 16 0
23 2 2147483647 0
24 6 2147483647 40
24 54 2147483647 17
24 53 2147483647 79
24 56 2147483647 13
24 4 2147483647 52
24 21 2147483647 85
24 55 2147483647 17
24 12 2147483647 15
24 77 8 0
24 2 2147483647 0
25 22 2147483647 70
25 46 2147483647 20
25 52 2147483647 66
25 9 2147483647 80
25 29 2147483647 74
25 67 2147483647 3
25 8 2147483647 47
25 16 2147483647 30
25 34 2147483647 49
25 11 2147483647 63
25 49 2147483647 73
25 38 2147483647 93
25 59 2147483647 72
25 19 2147483647 7
25 63 2147483647 49
25 18 2147483647 17
25 30 2147483647 52
25 7 2147483647 24
25 56 2147483647 36
25 43 2147483647 57
25 65 2147483647 98
25 50 2147483647 7
25 61 2147483647 33
25 33 2147483647 44
25 77 24 0
25 2 2147483647 0
26 12 2147483647 57
26 7 2147483647 85
26 55 2147483647 44
26 77 3 0
26 2 2147483647 0
27 44 2147483647 47
27 6 2147483647 8
27 35 2147483647 9
27 65 2147483647 79
27 50 2147483647 8
27 59 2147483647 16
27 54 2147483647 11
27 52 2147483647 78
27 33 2147483647 62
27 53 2147483647 24
27 16 2147483647 73
27 26 2147483647 18
27 4 2147483647 68
27 8 2147483647 9
27 13 2147483647 52
27 77 15 0
27 2 2147483647 0
28 6 2147483647 33
28 41 2147483647 15
28 50 2147483647 30
28 44 2147483647 80
28 21 2147483647 80
28 77 5 0
28 2 2147483647 0
29 27 2147483647 51
29 18 2147483647 84
29 69 2147483647 53
29 63 2147483647 71
29 58 2147483647 79
29 33 2147483647 98
29 54 2147483647 85
29 16 2147483647 38
29 66 2147483647 29
29 22 2147483647 9
29 61 2147483647 73
29 6 2147483647 29
29 46 2147483647 81
29 75 2147483647 12
29 72 2147483647 79
29 36 2147483647 17
29 59 2147483647 29
29 77 17 0
29 2 2147483647 0
30 47 2147483647 37
30 59 2147483647 100
30 49 2147483647 9
30 6 2147483647 54
30 18 2147483647 15
30 36 2147483647 59
30 33 2147483647 12
30 27 2147483647 86
30 75 2147483647 47
30 28 2147483647 62
30 9 2147483647 88
30 16 2147483647 31
30 72 2147483647 16
30 41 2147483647 96
30 15 2147483647 23
30 63 2147483647 66
30 4 2147483647 88
30 76 2147483647 36
30 44 2147483647 78
30 57 2147483647 65
30 56 2147483647 56
30 19 2147483647 91
30 52 2147483647 76
30 77 23 0
30 2 2147483647 0
31 43 2147483647 9
31 27 2147483647 33
31 6 2147483647 96
31 12 2147483647 86
31 24 2147483647 3
31 44 2147483647 44
31 21 2147483647 6
31 61 2147483647 31
31 56 2147483647 72
31 52 2147483647 25
31 41 2147483647 70
31 63 2147483647 18
31 71 2147483647 15
31 77 13 0
31 2 2147483647 0
32 54 2147483647 1
32 24 2147483647 36
32 21 2147483647 100
32 67 2147483647 50
32 12 2147483647 51
32 39 2147483647 59
32 16 2147483647 45
32 59 2147483647 39
32 15 2147483647 100
32 31 2147483647 29
32 52 2147483647 28
32 63 2147483647 24
32 77 12 0
32 2 2147483647 0
33 50 2147483647 13
33 44 2147483647 90
33 53 2147483647 96
33 6 2147483647 84
33 7 2147483647 91
33 4 2147483647 76
33 77 6 0
33 2 2147483647 0
34 52 2147483647 76
34 58 2147483647 85
34 56 2147483647 47
34 76 2147483647 31
34 61 2147483647 60
34 19 2147483647 65
34 15 2147483647 93
34 38 2147483647 81
34 39 2147483647 63
34 4 2147483647 45
34 51 2147483647 61
34 32 2147483647 6
34 73 2147483647 38
34 21 2147483647 36
34 44 2147483647 31
34 59 2147483647 9
34 57 2147483647 15
34 45 2147483647 99
34 47 2147483647 83
34 12 2147483647 92
34 72 2147483647 90
34 77 21 0
34 2 2147483647 0
35 12 2147483647 61
35 50 2147483647 61
35 6 2147483647 94
35 33 2147483647 16
35 7 2147483647 5
35 55 2147483647 19
35 77 6 0
35 2 2147483647 0
36 77 0 0
36 2 2147483647 0
37 34 2147483647 80
37 60 2147483647 57
37 49 2147483647 47
37 57 2147483647 25
37 8 2147483647 89
37 22 2147483647 43
37 33 2147483647 65
37 12 2147483647 26
37 74 2147483647 84
37 65 2147483647 49
37 4 2147483647 24
37 19 2147483647 19
37 35 2147483647 56
37 17 2147483647 33
37 45 2147483647 64
37 70 2147483647 94
37 63 2147483647 88
37 43 2147483647 79
37 29 2147483647 46
37 10 2147483647 58
37 40 2147483647 27
37 39 2147483647 86
37 24 2147483647 5
37 51 2147483647 42
37 67 2147483647 27
37 73 2147483647 74
37 77 26 0
37 2 2147483647 0
38 32 2147483647 17
38 67 2147483647 5
38 48 2147483647 66
38 66 2147483647 70
38 73 2147483647 3
38 35 2147483647 47
38 65 2147483647 51
38 57 2147483647 6
38 58 2147483647 24
38 49 2147483647 72
38 19 2147483647 71
38 61 2147483647 41
38 50 2147483647 71
38 16 2147483647 67
38 11 2147483647 28
38 52 2147483647 96
38 75 2147483647 85
38 24 2147483647 50
38 46 2147483647 96
38 77 19 0
38 2 2147483647 0
39 13 2147483647 95
39 33 2147483647 17
39 50 2147483647 45
39 58 2147483647 98
39 35 2147483647 21
39 55 2147483647 43
39 41 2147483647 44
39 18 2147483647 70
39 12 2147483647 36
39 77 9 0
39 2 2147483647 0
40 35 2147483647 27
40 18 2147483647 53
40 61 2147483647 90
40 69 2147483647 82
40 64 2147483647 17
40 30 2147483647 11
40 44 2147483647 90
40 21 2147483647 55
40 56 2147483647 26
40 7 2147483647 66
40 66 2147483647 46
40 13 2147483647 1
40 16 2147483647 73
40 29 2147483647 62
40 63 2147483647 74
40 48 2147483647 57
40 49 2147483647 33
40 32 2147483647 73
40 24 2147483647 95
40 19 2147483647 34
40 75 2147483647 17
40 54 2147483647 38
40 4 2147483647 55
40 77 23 0
40 2 2147483647 0
41 77 0 0
41 2 2147483647 0
42 3 2147483647 45
42 37 2147483647 54
42 30 2147483647 32
42 19 2147483647 24
42 41 2147483647 73
42 38 2147483647 41
42 15 2147483647 69
42 10 2147483647 37
42 40 2147483647 7
42 12 2147483647 59
42 28 2147483647 58
42 44 2147483647 55
42 6 2147483647 73
42 71 2147483647 22
42 24 2147483647 62
42 48 2147483647 28
42 69 2147483647 72
42 72 2147483647 78
42 46 2147483647 79
42 74 2147483647 11
42 26 2147483647 64
42 76 2147483647 19
42 61 2147483647 12
42 51 2147483647 48
42 23 2147483647 19
42 9 2147483647 2
42 27 2147483647 64
42 34 2147483647 56
42 7 2147483647 44
42 39 2147483647 24
42 77 30 0
42 2 2147483647 0
43 18 2147483647 100
43 35 2147483647 40
43 65 2147483647 65
43 41 2147483647 49
43 11 2147483647 20
43 6 2147483647 46
43 12 2147483647 10
43 58 2147483647 58
43 77 8 0
43 2 2147483647 0
44 77 0 0
44 2 2147483647 0
45 24 2147483647 46
45 44 2147483647 50
45 41 2147483647 89
45 4 2147483647 4
45 48 2147483647 40
45 35 2147483647 15
45 15 2147483647 43
45 21 2147483647 85
45 18 2147483647 14
45 77 9 0
45 2 2147483647 0
46 31 2147483647 39
46 59 2147483647 7
46 43 2147483647 98
46 73 2147483647 99
46 4 2147483647 10
46 11 2147483647 44
46 53 2147483647 12
46 13 2147483647 8
46 23 2147483647 13
46 16 2147483647 20
46 52 2147483647 15
46 36 2147483647 68
46 15 2147483647 20
46 27 2147483647 79
46 21 2147483647 57
46 41 2147483647 98
46 67 2147483647 8
46 77 17 0
46 2 2147483647 0
47 35 2147483647 3
47 24 2147483647 32
47 60 2147483647 28
47 36 2147483647 2
47 46 2147483647 85
47 54 2147483647 28
47 61 2147483647 84
47 73 2147483647 98
47 52 2147483647 66
47 45 2147483647 19
47 57 2147483647 23
47 33 2147483647 20
47 44 2147483647 75
47 63 2147483647 68
47 19 2147483647 40
47 77 15 0
47 2 2147483647 0
48 50 2147483647 21
48 54 2147483647 51
48 35 2147483647 22
48 58 2147483647 62
48 44 2147483647 54
48 53 2147483647 28
48 33 2147483647 18
48 18 2147483647 78
48 24 2147483647 90
48 39 2147483647 67
48 12 2147483647 77
48 77 11 0
48 2 2147483647 0
49 11 2147483647 59
49 50 2147483647 13
49 41 2147483647 26
49 73 2147483647 32
49 71 2147483647 56
49 7 2147483647 40
49 27 2147483647 78
49 67 2147483647 64
49 16 2147483647 27
49 61 2147483647 55
49 48 2147483647 34
49 31 2147483647 75
49 59 2147483647 52
49 15 2147483647 9
49 65 2147483647 48
49 26 2147483647 32
49 33 2147483647 15
49 46 2147483647 41
49 54 2147483647 38
49 21 2147483647 35
49 13 2147483647 4
49 57 2147483647 32
49 36 2147483647 37
49 77 23 0
49 2 2147483647 0
50 4 2147483647 82
50 77 1 0
50 2 2147483647 0
51 26 2147483647 99
51 58 2147483647 49
51 41 2147483647 63
51 13 2147483647 6
51 11 2147483647 63
51 52 2147483647 15
51 69 2147483647 33
51 27 2147483647 52
51 31 2147483647 74
51 7 2147483647 44
51 50 2147483647 33
51 53 2147483647 24
51 63 2147483647 77
51 59 2147483647 53
51 44 2147483647 49
51 71 2147483647 65
51 73 2147483647 72
51 21 2147483647 92
51 56 2147483647 81
51 77 19 0
51 2 2147483647 0
52 56 2147483647 69
52 48 2147483647 36
52 11 2147483647 84
52 7 2147483647 11
52 12 2147483647 50
52 53 2147483647 24
52 50 2147483647 65
52 4 2147483647 80
52 26 2147483647 69
52 35 2147483647 12
52 77 10 0
52 2 2147483647 0
53 7 2147483647 79
53 77 1 0
53 2 2147483647 0
54 7 2147483647 46
54 77 1 0
54 2 2147483647 0
55 77 0 0
55 2 2147483647 0
56 58 2147483647 75
56 4 2147483647 79
56 7 2147483647 34
56 21 2147483647 21
56 41 2147483647 37
56 15 2147483647 55
56 18 2147483647 47
56 35 2147483647 63
56 77 8 0
56 2 2147483647 0
57 15 2147483647 65
57 52 2147483647 75
57 12 2147483647 65
57 53 2147483647 17
57 27 2147483647 83
57 41 2147483647 7
57 18 2147483647 17
57 65 2147483647 92
57 63 2147483647 81
57 45 2147483647 31
57 73 2147483647 10
57 23 2147483647 68
57 46 2147483647 12
57 19 2147483647 67
57 77 14 0
57 2 2147483647 0
58 54 2147483647 32
58 50 2147483647 52
58 4 2147483647 26
58 41 2147483647 25
58 12 2147483647 82
58 21 2147483647 59
58 77 6 0
58 2 2147483647 0
59 11 2147483647 81
59 18 2147483647 24
59 39 2147483647 67
59 7 2147483647 11
59 35 2147483647 40
59 63 2147483647 24
59 56 2147483647 56
59 16 2147483647 87
59 71 2147483647 45
59 26 2147483647 85
59 33 2147483647 71
59 21 2147483647 31
59 54 2147483647 75
59 28 2147483647 17
59 43 2147483647 28
59 77 15 0
59 2 2147483647 0
60 77 0 0
60 2 2147483647 0
61 71 2147483647 8
61 39 2147483647 41
61 16 2147483647 69
61 45 2147483647 4
61 6 2147483647 82
61 33 2147483647 65
61 55 2147483647 100
61 50 2147483647 49
61 43 2147483647 52
61 35 2147483647 92
61 52 2147483647 30
61 11 2147483647 33
61 24 2147483647 2
61 41 2147483647 55
61 63 2147483647 20
61 77 15 0
61 2 2147483647 0
62 25 2147483647 91
62 63 2147483647 57
62 69 2147483647 74
62 66 2147483647 38
62 18 2147483647 44
62 12 2147483647 100
62 31 2147483647 66
62 7 2147483647 93
62 36 2147483647 83
62 10 2147483647 80
62 15 2147483647 9
62 65 2147483647 26
62 27 2147483647 58
62 8 2147483647 77
62 54 2147483647 8
62 45 2147483647 96
62 28 2147483647 24
62 60 2147483647 13
62 75 2147483647 32
62 71 2147483647 53
62 41 2147483647 4
62 29 2147483647 43
62 34 2147483647 9
62 22 2147483647 34
62 57 2147483647 90
62 35 2147483647 52
62 11 2147483647 78
62 9 2147483647 38
62 76 2147483647 24
62 47 2147483647 93
62 77 30 0
62 2 2147483647 0
63 65 2147483647 54
63 4 2147483647 6
63 13 2147483647 47
63 35 2147483647 25
63 12 2147483647 86
63 55 2147483647 17
63 21 2147483647 9
63 33 2147483647 66
63 15 2147483647 49
63 54 2147483647 17
63 77 10 0
63 2 2147483647 0
64 11 2147483647 8
64 8 2147483647 29
64 9 2147483647 58
64 23 2147483647 17
64 52 2147483647 53
64 75 2147483647 3
64 44 2147483647 71
64 73 2147483647 74
64 35 2147483647 78
64 48 2147483647 95
64 15 2147483647 29
64 56 2147483647 71
64 18 2147483647 6
64 46 2147483647 10
64 43 2147483647 65
64 19 2147483647 87
64 32 2147483647 16
64 61 2147483647 45
64 24 2147483647 80
64 65 2147483647 44
64 16 2147483647 44
64 6 2147483647 29
64 54 2147483647 4
64 38 2147483647 34
64 53 2147483647 61
64 39 2147483647 54
64 77 26 0
64 2 2147483647 0
65 26 2147483647 4
65 15 2147483647 62
65 7 2147483647 56
65 21 2147483647 24
65 6 2147483647 27
65 77 5 0
65 2 2147483647 0
66 12 2147483647 58
66 54 2147483647 15
66 49 2147483647 13
66 19 2147483647 40
66 7 2147483647 24
66 56 2147483647 89
66 46 2147483647 100
66 18 2147483647 40
66 28 2147483647 78
66 53 2147483647 38
66 51 2147483647 72
66 41 2147483647 98
66 21 2147483647 54
66 48 2147483647 73
66 9 2147483647 16
66 39 2147483647 87
66 27 2147483647 16
66 15 2147483647 86
66 77 18 0
66 2 2147483647 0
67 35 2147483647 99
67 15 2147483647 25
67 12 2147483647 65
67 41 2147483647 61
67 7 2147483647 62
67 6 2147483647 50
67 65 2147483647 54
67 21 2147483647 18
67 39 2147483647 66
67 16 2147483647 90
67 52 2147483647 25
67 56 2147483647 88
67 4 2147483647 89
67 63 2147483647 11
67 77 14 0
67 2 2147483647 0
68 5 2147483647 66
68 20 2147483647 29
1 20 1 29
68 62 2147483647 80
1 62 1 80
68 75 2147483647 89
68 28 2147483647 42
68 64 2147483647 64
68 22 2147483647 30
68 6 2147483647 57
68 7 2147483647 58
68 9 2147483647 7
68 50 2147483647 75
68 12 2147483647 52
68 38 2147483647 51
68 25 2147483647 7
68 14 2147483647 61
68 49 2147483647 95
68 16 2147483647 68
68 67 2147483647 48
68 4 2147483647 99
68 10 2147483647 34
68 65 2147483647 37
68 17 2147483647 89
68 70 2147483647 13
68 11 2147483647 12
68 57 2147483647 47
68 23 2147483647 89
68 21 2147483647 6
68 55 2147483647 35
68 29 2147483647 70
68 54 2147483647 27
68 77 30 0
68 2 2147483647 0
69 44 2147483647 35
69 56 2147483647 33
69 71 2147483647 13
69 6 2147483647 95
69 45 2147483647 38
69 13 2147483647 11
69 32 2147483647 95
69 46 2147483647 62
69 55 2147483647 56
69 26 2147483647 37
69 52 2147483647 13
69 57 2147483647 87
69 16 2147483647 70
69 33 2147483647 21
69 24 2147483647 55
69 28 2147483647 42
69 8 2147483647 7
69 77 17 0
69 2 2147483647 0
70 17 2147483647 64
70 38 2147483647 92
70 25 2147483647 59
70 64 2147483647 80
70 76 2147483647 96
70 24 2147483647 8
70 6 2147483647 82
70 74 2147483647 96
70 19 2147483647 76
70 8 2147483647 36
70 23 2147483647 92
70 54 2147483647 87
70 58 2147483647 95
70 36 2147483647 66
70 72 2147483647 82
70 29 2147483647 65
70 22 2147483647 19
70 26 2147483647 19
70 57 2147483647 12
70 62 2147483647 15
70 55 2147483647 34
70 21 2147483647 8
70 32 2147483647 49
70 75 2147483647 18
70 77 24 0
70 2 2147483647 0
71 6 2147483647 33
71 55 2147483647 81
71 65 2147483647 69
71 43 2147483647 55
71 48 2147483647 60
71 21 2147483647 22
71 44 2147483647 15
71 33 2147483647 31
71 41 2147483647 32
71 53 2147483647 78
71 45 2147483647 100
71 77 11 0
71 2 2147483647 0
72 8 2147483647 96
72 41 2147483647 84
72 43 2147483647 58
72 27 2147483647 61
72 33 2147483647 33
72 11 2147483647 10
72 4 2147483647 81
72 15 2147483647 93
72 58 2147483647 58
72 31 2147483647 85
72 48 2147483647 19
72 63 2147483647 87
72 21 2147483647 15
72 35 2147483647 40
72 61 2147483647 44
72 24 2147483647 6
72 44 2147483647 70
72 18 2147483647 76
72 77 18 0
72 2 2147483647 0
73 77 0 0
73 2 2147483647 0
74 58 2147483647 5
74 52 2147483647 8
74 76 2147483647 38
74 33 2147483647 39
74 26 2147483647 95
74 69 2147483647 22
74 49 2147483647 42
74 54 2147483647 41
74 59 2147483647 88
74 39 2147483647 32
74 23 2147483647 84
74 38 2147483647 84
74 43 2147483647 39
74 21 2147483647 66
74 77 14 0
74 2 2147483647 0
75 13 2147483647 6
75 35 2147483647 49
75 61 2147483647 63
75 26 2147483647 44
75 57 2147483647 43
75 53 2147483647 7
75 24 2147483647 81
75 59 2147483647 84
75 55 2147483647 12
75 9 2147483647 25
75 48 2147483647 41
75 39 2147483647 12
75 31 2147483647 31
75 21 2147483647 7
75 8 2147483647 73
75 56 2147483647 88
75 50 2147483647 45
75 52 2147483647 64
75 77 18 0
75 2 2147483647 0
76 44 2147483647 11
76 49 2147483647 92
76 46 2147483647 73
76 39 2147483647 45
76 23 2147483647 4
76 21 2147483647 56
76 51 2147483647 68
76 66 2147483647 42
76 31 2147483647 4
76 53 2147483647 95
76 12 2147483647 57
76 4 2147483647 89
76 27 2147483647 96
76 48 2147483647 54
76 50 2147483647 66
76 18 2147483647 58
76 16 2147483647 20
76 36 2147483647 21
76 72 2147483647 7
76 64 2147483647 38
76 57 2147483647 7
76 77 21 0
76 2 2147483647 0

