22 18 85
1 11
1 12
1 13
1 14
2 6
2 9
2 11
2 12
3 8
3 11
3 18
4 12
4 15
4 17
5 10
5 12
5 18
6 15
6 18
7 2
7 5
7 6
7 15
7 17
8 1
8 7
8 8
8 17
9 6
9 9
9 11
9 12
9 16
9 17
9 18
10 3
10 8
10 17
11 2
11 4
11 7
12 5
12 11
12 15
12 16
13 8
13 16
13 17
14 4
14 5
14 8
14 12
14 18
15 2
15 5
15 11
15 16
16 1
16 2
16 5
16 9
16 12
16 15
16 17
17 3
17 13
17 18
18 17
19 3
19 4
19 7
19 12
19 16
20 5
20 7
20 10
20 13
20 16
21 1
21 3
21 15
22 3
22 5
22 8
22 12
4 18 13
1 1
1 3
1 7
1 9
1 10
2 2
2 11
3 2
3 4
3 17
4 7
4 9
4 15
