8 9 10
7 2
2 6
3 2
3 4
1 4
1 7
1 3
7 3
6 3
5 7
6 6 10
2 2
2 4
2 6
3 1
3 2
3 4
3 6
4 2
4 4
4 6
18 18 15
15 4
5 12
6 3
7 8
2 9
2 15
2 5
16 7
14 6
12 15
13 6
3 6
8 5
15 5
9 3
18 28 15
15 6
5 19
6 5
7 12
2 13
2 23
2 8
16 10
14 9
12 23
13 9
3 9
8 7
15 8
9 5
20 28 25
17 6
6 19
7 5
8 12
2 13
2 23
2 8
18 10
15 9
14 23
14 9
4 9
9 7
16 8
10 5
17 8
15 27
10 24
16 1
3 4
10 1
12 1
15 18
15 20
11 6
20 28 35
17 6
6 19
7 5
8 12
2 13
2 23
2 8
18 10
15 9
14 23
14 9
4 9
9 7
16 8
10 5
17 8
15 27
10 24
16 1
3 4
10 1
12 1
15 18
15 20
11 6
13 17
19 18
19 7
13 8
2 21
10 24
10 16
19 19
7 1
14 27
30 30 25
25 6
8 20
10 5
11 13
3 14
3 25
2 9
27 11
23 10
21 25
21 9
5 10
14 8
24 9
14 5
26 9
23 29
15 26
24 1
5 5
15 1
18 1
23 19
23 21
17 6
