4 18 13
1 1
1 3
1 7
1 9
1 10
2 2
2 11
3 2
3 4
3 17
4 7
4 9
4 15
20 15 70
1 4
1 9
1 13
2 3
2 12
2 14
3 7
3 9
3 12
3 13
4 4
4 5
4 6
4 8
4 15
5 3
5 15
6 1
6 10
6 11
6 13
6 15
7 2
7 3
7 5
7 7
7 14
8 1
8 6
8 8
8 9
9 1
9 12
9 14
9 15
10 1
10 11
11 6
11 12
12 3
12 11
13 1
13 5
13 9
13 10
13 15
14 4
14 7
15 4
15 5
15 7
15 8
15 13
16 1
16 6
17 7
17 15
18 2
18 3
18 7
18 13
19 2
19 4
19 7
19 9
20 2
20 7
20 9
20 14
20 15
5 18 21
1 2
1 14
2 6
2 9
2 14
2 17
3 1
3 3
3 12
3 14
3 16
3 17
4 1
4 2
4 4
4 5
4 6
4 7
5 4
5 6
5 8
22 7 35
1 1
1 3
1 4
1 5
2 7
3 3
3 6
4 7
5 1
5 4
7 2
7 4
9 3
10 1
10 3
12 3
12 6
12 7
13 2
13 4
13 6
14 3
14 5
15 2
15 4
15 5
16 6
17 1
17 4
19 4
21 1
21 3
21 4
21 5
22 2
