4 14 8
1 5
1 6
1 12
2 10
3 4
3 13
4 8
4 9
15 23 44
1 11
1 13
2 2
2 6
2 8
2 14
3 1
3 9
3 11
3 14
3 17
4 16
5 8
5 9
6 14
6 21
6 23
7 4
7 16
7 22
8 15
9 1
9 3
9 10
9 15
10 6
10 10
10 15
10 19
11 3
11 5
11 6
12 6
12 10
12 18
12 21
13 4
13 11
14 1
14 2
14 7
14 18
15 10
15 18
23 24 66
1 9
1 20
2 19
3 20
4 12
4 24
5 1
5 3
5 23
6 3
6 6
6 8
6 13
6 21
7 8
7 12
7 13
7 22
8 8
8 21
9 12
10 1
10 3
10 16
10 19
11 3
11 6
11 17
11 19
12 11
13 3
13 6
13 11
13 19
14 17
15 2
15 8
15 16
15 19
16 7
16 8
16 12
16 14
16 21
17 13
17 21
18 20
18 22
19 2
19 5
19 16
20 5
20 7
20 9
20 16
20 22
20 23
21 16
21 23
22 3
22 7
22 23
23 1
23 13
23 16
23 18
2 12 4
1 8
2 6
2 9
2 10
19 26 60
1 7
1 14
2 8
2 13
2 23
3 7
3 24
4 16
5 7
5 15
5 20
5 26
6 5
6 16
7 1
7 12
7 17
7 20
8 6
8 16
8 19
8 21
8 25
9 7
9 10
9 19
10 3
10 13
10 16
10 21
11 2
11 8
11 21
11 22
11 25
12 1
12 7
12 13
12 18
12 20
13 14
13 24
14 10
14 20
14 25
15 3
15 5
15 6
15 16
15 22
16 23
17 1
17 6
17 14
17 19
17 25
18 2
19 1
19 17
19 26
