11 29 39
2 2
2 9
2 20
2 22
3 7
3 14
4 2
4 6
4 14
4 15
5 15
6 1
6 5
6 9
6 10
6 13
6 14
6 15
6 22
7 2
7 4
7 7
7 8
7 12
7 16
8 3
8 16
9 1
9 4
9 7
9 9
9 27
10 1
10 2
10 10
10 12
10 29
11 3
11 13
11 3 5
1 3
5 1
8 3
10 1
11 1
2 6 2
1 5
2 2
28 11 37
1 2
2 11
3 7
4 2
4 3
4 10
5 2
5 10
6 4
6 5
6 6
6 8
9 9
10 5
11 6
11 10
12 3
13 1
14 4
15 1
16 3
16 4
16 9
17 7
18 2
18 10
18 11
19 2
19 7
21 2
21 3
22 2
22 7
23 3
24 5
25 6
27 5
27 27 88
1 20
2 25
3 7
3 25
4 13
5 6
5 23
6 8
6 18
6 19
6 24
7 14
7 16
7 18
7 20
7 21
7 23
8 3
8 6
8 19
9 2
9 3
9 23
9 24
10 10
10 11
10 13
10 14
11 12
11 14
11 19
12 7
12 12
13 9
13 13
13 21
13 25
14 3
14 13
14 20
15 4
15 11
15 20
15 27
16 23
17 2
17 14
17 22
18 2
18 8
18 10
18 16
18 26
19 11
19 12
20 9
20 11
20 14
21 1
21 5
21 12
21 15
21 16
21 24
22 9
22 24
23 2
23 11
23 12
23 27
24 7
24 10
24 11
24 20
24 21
24 22
24 23
26 6
26 10
26 15
26 22
26 25
27 12
27 20
27 21
27 22
27 23
27 24
