10 28 35
1 7
1 15
1 22
1 25
1 28
2 3
2 14
2 15
3 1
3 2
3 3
3 5
3 13
3 15
4 3
4 4
4 8
4 14
4 15
4 17
5 26
6 3
6 12
7 3
7 21
7 28
8 4
8 27
9 9
9 15
9 18
10 7
10 17
10 19
10 22
25 24 73
1 3
1 22
3 2
3 4
3 17
3 18
4 9
5 18
5 20
6 9
6 12
7 3
7 4
7 7
7 16
7 22
8 7
8 12
8 15
8 23
9 1
9 3
9 4
9 11
9 13
9 17
10 1
10 4
10 22
11 10
11 11
11 16
11 23
12 9
12 21
13 12
13 16
13 17
14 4
14 14
15 13
15 14
16 2
16 13
17 17
17 19
18 4
18 13
18 18
19 3
19 14
19 17
19 22
20 10
20 14
21 8
21 9
21 18
21 19
21 20
22 8
22 11
22 13
22 19
23 10
23 24
24 4
24 6
24 22
25 8
25 15
25 17
25 20
28 21 73
1 13
1 17
2 16
3 19
4 2
4 8
4 21
5 12
5 17
6 5
6 9
6 12
6 15
6 16
6 18
6 19
7 10
7 21
8 7
9 7
9 12
10 8
10 12
10 15
10 18
10 21
11 12
11 13
12 14
12 18
12 19
13 7
13 8
15 5
15 14
16 2
16 8
16 10
16 15
16 18
17 20
18 3
18 18
19 9
19 12
19 13
20 3
20 17
21 1
21 6
22 3
22 9
22 13
22 18
23 1
23 10
23 12
23 16
23 17
24 1
24 2
24 4
24 9
25 1
26 3
26 4
26 6
26 15
26 21
27 4
27 8
27 10
27 21
17 7 14
1 1
1 3
3 3
3 5
4 1
6 4
6 5
8 7
9 2
11 5
12 4
13 5
13 6
17 7
15 28 49
1 1
1 5
1 12
1 14
1 21
1 22
1 27
2 23
3 6
3 19
3 22
3 24
3 25
3 27
4 2
4 12
4 13
4 18
4 23
5 5
5 6
6 1
6 5
6 11
6 14
6 17
7 11
7 14
7 22
7 26
8 8
8 14
8 22
8 25
9 22
9 27
10 4
11 9
12 10
12 16
13 3
13 12
13 15
13 20
13 21
14 5
15 2
15 14
15 20
