11 19 26
1 7
2 6
2 7
2 12
3 4
3 5
3 8
3 10
5 1
5 6
5 9
6 2
6 7
6 15
7 1
7 4
7 6
7 11
8 3
9 16
10 6
10 15
10 17
11 8
11 15
11 16
8 16 16
2 8
2 14
3 4
3 5
4 2
4 5
5 11
5 16
6 5
6 16
7 5
7 11
7 12
8 7
8 10
8 13
24 21 61
1 12
2 3
2 17
3 1
3 8
3 12
3 16
4 2
4 6
4 14
4 21
5 2
5 10
6 9
6 14
6 17
7 5
7 11
8 18
8 21
9 4
9 13
10 5
10 17
10 18
11 4
11 9
11 11
12 7
12 8
12 11
12 12
12 13
12 15
13 9
13 11
14 7
14 12
14 15
15 9
15 15
15 17
16 5
16 10
17 2
17 4
19 2
19 12
19 13
19 17
20 13
20 14
20 18
21 11
22 10
22 15
23 2
23 8
24 14
24 15
24 17
26 24 75
1 4
1 6
1 10
1 17
1 22
2 2
2 9
2 14
3 7
3 9
4 3
4 15
5 10
5 11
5 13
5 14
5 16
5 19
6 8
6 9
7 3
7 17
7 21
8 6
8 15
8 17
8 20
9 24
10 11
10 21
11 4
11 20
11 21
12 7
12 8
12 9
13 8
13 14
14 15
14 19
14 22
15 14
15 24
16 5
16 9
16 11
16 12
16 18
17 4
17 10
17 17
18 9
18 14
19 3
19 6
19 7
19 14
19 18
20 2
20 5
21 11
21 19
21 22
22 3
22 17
22 24
23 7
23 9
24 8
24 9
24 24
25 4
25 15
26 7
26 8
2 2 1
2 1
