19 1 3
5 1
13 1
15 1
12 25 37
1 3
1 7
1 12
1 17
1 20
1 22
2 3
3 3
3 6
3 7
3 15
3 25
4 5
4 14
5 14
5 23
6 2
6 3
6 7
6 20
7 7
7 11
8 9
8 24
9 11
10 1
10 6
10 14
10 20
10 25
11 17
11 21
12 7
12 10
12 11
12 15
12 17
26 2 7
1 1
2 1
2 2
10 1
19 2
22 2
25 2
20 11 26
1 2
2 2
2 3
4 11
5 7
6 7
8 1
9 5
9 6
9 7
11 2
11 6
12 7
12 8
12 10
13 2
13 8
13 9
15 6
16 4
16 9
16 10
17 1
17 2
18 9
19 9
4 21 10
1 4
1 10
2 9
3 1
3 6
3 13
4 1
4 3
4 4
4 20
