203.56 500302.69
169.93 500137.56
190.21 500079.06
40.17 500167.12
290.45 500243.91
294.87 500220.31
280.63 500211.38
72.14 500091.28
141.57 500146.69
27.94 500091.97
126.17 500148.94
76.96 500006.19
169.65 500095.16
65.29 500061.56
127.34 500278.69
3357486.75 65202.55
3357655.25 65189.45
3357573.25 65008.92
3357507.00 65157.02
3357591.75 65130.54
3357767.00 65255.19
3357546.25 65046.62
3357761.00 65205.53
3357474.75 65228.80
3357751.50 65249.25
3357662.25 65239.57
3357638.75 65171.38
3357511.25 65190.10
3357707.00 65051.09
3357757.00 65038.00
3357659.25 65249.71
3357757.25 65217.01
3357554.75 65278.14
