285.76 500317.56
110.28 500019.94
164.18 500184.00
25.08 500138.97
84.36 500316.78
65.03 500314.91
62.43 500255.59
61.97 500293.38
25.32 500270.91
197.07 500320.75
304.58 500251.50
284.04 500058.84
182.66 500174.16
202.45 500274.78
236.30 500323.59
98.77 500313.06
295.27 500248.00
119.49 500247.62
71.90 500188.50
260.13 500065.25
177.72 500036.16
94.55 500190.62
96.97 500209.41
279.03 500292.31
8.34 500162.09
24.91 500024.09
75.66 500224.66
298.64 500279.41
166.60 500195.25
61.82 500094.28
173.65 500056.00
225.16 500227.22
292.31 500162.72
7.58 500032.94
119.65 500057.75
46.62 500295.88
188.09 500135.72
228.26 500279.25
210.27 500068.38
28.69 500017.31
271.11 500184.94
149.59 500038.16
225.86 500041.62
132.25 500042.62
263.73 500048.91
234.68 500195.00
189.49 500063.06
291.22 500325.59
54.89 500154.25
234.16 500045.03
20.14 500080.12
239.69 500313.50
111.05 500055.22
262.70 500289.94
45.95 500000.56
199.33 500161.91
125.69 500191.34
114.24 500177.16
83.88 500159.72
133.12 500024.06
167.57 500081.12
92.65 500250.34
34.94 500190.22
186.95 500037.00
67.58 500161.56
81.21 500226.06
28.83 500226.56
25.34 500020.62
321.08 500063.94
127.57 500187.94
117.99 500184.28
10.25 500201.03
246.09 500207.34
250.45 500183.53
176.52 500063.53
291.08 500008.47
278.22 500156.62
123.48 500189.62
3.84 500293.31
99.32 500193.22
210.75 500297.72
274.59 500118.84
288.50 500150.59
197.23 500067.22
260.84 500277.38
213.35 500194.44
172.40 500152.72
288.40 500029.50
46.79 500105.34
39.90 500055.78
262.60 500230.91
237.57 500200.38
63.91 500314.22
292.70 500198.28
277.38 500238.28
184.56 500079.78
88.35 500194.44
34.86 500177.53
173.96 500171.31
207.62 500212.41
79.51 500002.25
60.58 500131.25
170.22 500104.72
191.63 500289.62
304.18 500259.47
80.44 500048.38
315.94 500166.88
228.68 500241.19
27.11 500111.41
43.57 500062.25
268.77 500229.06
240.51 500057.41
10.85 500312.97
26.40 500129.25
258.09 500290.47
133.38 500307.50
305.19 500029.94
326.00 500076.22
287.53 500249.28
157.77 500077.50
207.48 500234.97
119.97 500016.44
197.76 500042.09
162.08 500192.09
66.15 500262.88
263.24 500151.25
261.62 500152.12
34.29 500251.31
12.24 500305.50
63.71 500284.81
18.08 500192.25
20.68 500295.91
206.42 500015.31
161.05 500035.56
260.09 500150.34
266.26 500219.75
307.79 500098.75
39.55 500071.12
311.96 500037.41
232.41 500206.41
130.55 500018.88
5.84 500107.88
99.19 500231.91
285.35 500223.47
177.73 500326.09
94.39 500227.97
129.23 500226.50
212.63 500213.22
86.00 500114.88
160.99 500271.38
3357499.00 65037.40
3357698.50 65324.46
3357684.75 65091.87
3357641.25 65251.80
3357754.75 65016.29
3357736.25 65202.02
3357681.25 65114.55
3357557.25 65158.46
3357627.75 65047.66
3357504.25 65283.38
3357776.25 65047.39
3357659.50 65126.13
3357631.50 65097.93
3357499.00 65187.21
3357758.25 65003.90
3357531.50 65318.76
3357577.25 65150.25
3357551.75 65091.87
3357743.50 65301.79
3357496.50 65198.60
3357784.25 65180.09
3357558.50 65188.91
3357522.00 65148.41
3357645.25 65129.99
3357544.75 65171.94
3357756.25 65177.41
3357747.50 65299.29
3357724.50 65075.10
3357726.25 65176.90
3357568.25 65110.13
3357724.75 65187.15
3357558.00 65296.59
3357680.50 65083.51
3357601.25 65297.42
3357666.00 65006.98
3357673.75 65135.27
3357599.00 65085.04
3357589.50 65269.24
3357544.00 65220.67
3357511.00 65105.42
3357471.25 65204.53
3357490.25 65071.71
3357462.25 65119.62
3357769.00 65098.94
3357556.50 65188.57
3357476.50 65294.05
3357574.50 65032.69
3357712.75 65251.95
3357749.25 65097.43
3357476.25 65170.31
3357553.00 65298.39
3357603.25 65213.90
3357480.00 65280.67
3357573.50 65309.65
3357573.75 65277.98
3357724.50 65096.01
3357783.00 65083.08
3357630.75 65224.58
3357538.75 65031.01
3357617.75 65150.05
3357674.00 65196.09
3357771.75 65160.17
3357487.25 65065.71
3357484.75 65160.28
3357611.75 65134.81
3357757.50 65014.95
3357556.00 65147.30
3357504.00 65187.19
3357595.75 65016.01
3357551.50 65268.94
3357489.00 65113.38
3357677.50 65041.37
3357760.00 65083.22
3357760.50 65003.47
3357662.50 65074.83
3357556.25 65109.15
3357535.50 65272.80
3357660.25 65204.89
3357694.50 65002.46
3357479.75 65253.02
3357638.50 65148.68
3357685.00 65227.88
3357550.50 65009.81
3357728.25 65063.88
3357674.25 65188.75
3357533.75 65198.07
3357546.50 65021.66
3357551.00 65137.11
3357552.75 65163.09
3357759.00 65178.71
3357570.75 65138.84
3357675.50 65112.96
3357468.50 65174.62
3357628.75 65033.73
3357495.00 65060.93
3357781.00 65034.57
3357759.75 65102.33
3357778.50 65314.80
3357463.00 65188.37
3357778.00 65108.67
3357658.75 65068.40
3357499.75 65240.16
3357726.75 65144.02
3357658.25 65179.46
3357526.75 65291.09
3357475.75 65302.04
3357707.00 65284.87
3357544.25 65226.52
3357687.25 65323.09
3357477.50 65327.42
3357550.50 65305.53
3357621.50 65248.37
3357465.50 65296.95
3357543.75 65201.21
3357598.50 65176.53
3357616.50 65186.94
3357707.25 65245.45
3357726.50 65302.82
3357733.25 65140.39
3357463.00 65220.65
3357607.25 65118.19
3357711.50 65017.40
3357583.00 65093.48
3357519.50 65115.51
3357638.50 65166.90
3357631.50 65220.42
3357590.25 65319.38
3357679.00 65255.47
3357771.50 65060.95
3357767.25 65232.49
3357658.75 65297.23
3357667.00 65092.36
3357537.50 65009.90
3357476.25 65058.11
3357648.50 65172.45
3357545.50 65241.26
3357606.75 65288.63
3357599.25 65043.90
3357745.00 65302.36
3357764.25 65029.29
3357638.50 65148.08
3357502.00 65250.10
3357722.00 65187.35
3357780.50 65000.57
3357614.75 65043.68
3357565.25 65190.79
3357723.25 65064.47
3357503.75 65202.29
3357738.25 65300.38
3357619.75 65253.33
3357606.75 65248.27
3357635.50 65150.16
3357553.00 65146.16
3357550.50 65209.77
3357479.00 65184.87
3357590.75 65145.55
3357564.50 65063.48
3357780.25 65062.95
3357778.00 65168.40
3357558.50 65012.08
3357786.00 65249.39
3357663.00 65278.11
3357596.25 65149.38
3357489.00 65167.04
3357473.75 65099.69
3357686.25 65089.50
3357465.25 65222.34
3357596.25 65112.23
3357688.50 65027.83
3357619.50 65107.75
3357761.50 65171.48
3357756.00 65242.59
3357507.75 65047.93
3357488.75 65052.95
3357641.25 65040.23
3357762.25 65091.37
3357652.00 65037.20
3357770.75 65133.24
3357787.25 65086.43
3357462.75 65220.63
