287.30 500126.41
314.44 500188.59
96.83 500063.47
177.21 500073.88
308.17 500048.62
323.19 500007.94
309.62 500168.03
6.53 500250.28
177.93 500083.41
74.47 500236.22
99.31 500318.59
132.05 500078.91
164.78 500128.91
59.39 500154.03
17.79 500074.16
198.50 500089.25
289.25 500211.81
260.63 500280.53
55.06 500065.09
118.50 500048.12
115.62 500130.19
240.74 500142.44
106.46 500263.59
17.52 500107.72
222.58 500284.25
254.49 500179.97
153.10 500097.84
219.76 500192.75
110.49 500090.41
108.35 500253.03
155.67 500081.31
292.04 500247.22
81.66 500204.59
27.06 500318.44
316.83 500042.50
94.65 500031.03
212.50 500035.31
250.48 500001.00
73.81 500181.03
217.86 500104.31
22.04 500048.84
15.92 500007.94
81.18 500034.69
165.57 500067.38
147.43 500019.50
186.01 500143.66
302.35 500272.59
184.41 500282.28
128.26 500106.12
19.27 500150.75
108.13 500105.84
184.78 500194.91
164.00 500167.28
207.54 500100.19
54.64 500145.75
13.41 500138.34
290.94 500264.28
56.12 500003.75
97.72 500223.94
94.68 500064.38
255.52 500058.34
275.51 500286.16
142.07 500038.88
146.75 500118.34
83.88 500050.84
243.41 500168.50
303.61 500006.91
232.49 500107.81
37.09 500079.44
223.02 500188.56
229.82 500024.66
212.88 500159.31
279.61 500312.41
17.73 500010.69
99.44 500074.31
224.45 500269.00
261.07 500154.56
288.27 500045.09
24.66 500050.91
214.65 500058.19
105.06 500306.41
306.27 500322.59
149.74 500122.09
173.55 500044.38
72.80 500113.62
8.69 500229.75
135.12 500309.38
78.75 500167.97
67.80 500035.91
127.08 500087.09
320.97 500274.50
209.04 500162.28
164.49 500061.16
64.07 500310.75
310.21 500293.47
188.19 500128.16
194.76 500290.50
70.67 500123.41
213.97 500141.72
35.86 500002.72
30.90 500089.47
187.67 500074.66
299.58 500150.09
276.38 500216.22
237.04 500065.88
211.11 500178.62
24.16 500171.81
122.45 500259.53
140.25 500319.69
26.34 500222.47
58.31 500065.12
287.29 500078.06
202.35 500209.22
310.76 500279.56
90.94 500053.06
267.19 500032.28
172.90 500287.38
0.69 500117.00
279.43 500304.59
252.57 500079.53
232.20 500183.47
25.11 500118.31
119.48 500065.81
130.84 500144.12
209.24 500294.09
199.16 500117.56
304.89 500272.28
168.67 500036.66
151.27 500074.22
90.62 500076.25
40.88 500140.34
96.74 500233.56
279.05 500137.78
255.17 500310.12
296.52 500189.31
201.64 500239.88
327.61 500303.06
235.73 500281.94
216.94 500225.41
164.86 500106.12
238.73 500136.72
207.25 500220.75
130.03 500152.06
236.57 500183.88
239.03 500030.19
41.05 500324.44
6.59 500001.72
156.60 500102.97
303.67 500187.38
48.48 500167.09
3357715.50 65172.96
3357542.75 65247.38
3357776.50 65144.40
3357587.50 65277.25
3357724.75 65233.42
3357707.50 65158.98
3357730.50 65133.09
3357719.25 65316.44
3357722.75 65221.67
3357464.75 65095.42
3357642.25 65027.31
3357526.00 65084.01
3357729.00 65187.71
3357648.25 65171.17
3357507.75 65132.81
3357505.00 65071.31
3357530.50 65265.87
3357733.75 65031.14
3357625.75 65215.72
3357683.00 65254.72
3357680.50 65297.25
3357625.75 65039.80
3357651.25 65046.52
3357623.75 65076.42
3357590.75 65312.28
3357520.75 65053.66
3357658.00 65148.85
3357785.00 65268.36
3357595.75 65235.01
3357484.50 65036.95
3357601.00 65131.67
3357641.25 65293.61
3357782.00 65119.96
3357723.00 65226.75
3357476.50 65175.35
3357779.00 65252.21
3357512.75 65265.96
3357586.75 65192.16
3357523.75 65101.08
3357773.75 65042.82
3357615.50 65224.26
3357563.25 65064.42
3357483.75 65283.54
3357710.50 65039.80
3357695.75 65304.99
3357706.50 65005.67
3357537.00 65146.90
3357782.75 65009.09
3357749.75 65011.77
3357745.50 65210.27
3357644.00 65142.40
3357600.00 65194.91
3357528.00 65285.55
3357562.00 65127.82
3357583.75 65326.27
3357507.00 65317.49
3357574.00 65054.98
3357709.25 65184.73
3357685.50 65125.53
3357647.25 65086.41
3357685.00 65200.60
3357676.50 65106.21
3357638.75 65274.57
3357723.25 65246.33
3357707.00 65187.16
3357473.50 65064.36
3357634.75 65041.43
3357781.75 65223.05
3357715.25 65143.60
3357615.50 65065.09
3357585.50 65229.39
3357728.50 65234.26
3357580.25 65198.74
3357513.25 65195.16
3357692.75 65157.46
3357539.25 65000.59
3357557.50 65021.76
3357504.25 65090.96
3357748.00 65088.52
3357512.25 65282.83
3357609.00 65205.89
3357654.00 65250.52
3357784.50 65257.80
3357577.75 65036.56
3357745.50 65252.37
3357575.50 65273.50
3357785.75 65106.20
3357632.75 65325.07
3357758.75 65036.12
3357604.50 65255.15
3357764.25 65012.06
3357587.75 65245.13
3357645.50 65165.36
3357719.75 65091.21
3357553.00 65278.76
3357783.50 65266.52
3357749.50 65252.34
3357488.50 65298.44
3357620.00 65326.96
3357480.75 65205.76
3357628.50 65010.33
3357690.00 65090.73
3357632.00 65057.88
3357653.50 65026.14
3357588.75 65227.68
3357722.00 65247.66
3357678.25 65110.52
3357594.00 65187.17
3357635.75 65014.51
3357634.00 65289.44
3357571.00 65029.99
3357787.75 65232.68
3357776.75 65152.53
3357580.50 65116.67
3357497.50 65245.15
3357584.00 65205.29
3357711.25 65095.97
3357644.00 65216.38
3357728.50 65318.77
3357497.25 65299.49
3357543.50 65092.52
3357696.50 65106.85
3357713.50 65024.12
3357615.25 65064.21
3357552.50 65232.33
3357633.25 65263.97
3357510.75 65298.48
3357687.00 65103.94
3357677.25 65029.41
3357643.50 65320.35
3357619.75 65141.71
3357581.25 65052.50
3357696.25 65174.00
3357542.00 65090.53
3357543.50 65273.27
3357782.25 65028.38
3357778.00 65229.78
3357778.50 65145.75
3357668.50 65112.63
3357637.25 65001.14
3357758.75 65140.50
3357540.50 65299.68
3357582.50 65207.48
3357572.50 65018.00
3357775.00 65302.91
3357482.25 65265.06
3357708.00 65279.14
3357749.75 65307.48
3357623.25 65206.10
3357580.75 65187.50
3357701.75 65094.24
3357744.00 65277.21
3357474.75 65224.81
3357655.75 65073.25
3357515.50 65213.56
3357574.00 65010.19
3357644.50 65013.03
3357599.00 65077.28
3357515.25 65324.13
3357463.00 65327.56
3357749.25 65051.50
3357649.50 65012.97
3357657.50 65069.99
3357640.50 65106.96
3357542.75 65123.23
3357722.00 65049.76
3357691.75 65087.70
3357529.25 65031.68
3357464.75 65287.62
3357762.50 65304.79
3357728.50 65297.55
3357595.25 65318.66
3357592.50 65093.19
3357488.50 65311.74
3357539.75 65037.94
3357633.00 65289.67
3357617.25 65289.02
3357479.75 65005.12
3357538.25 65042.98
3357714.75 65113.40
