288.18 500079.38
222.57 500132.06
260.33 500140.66
34.54 500266.56
178.78 500027.06
283.26 500019.84
61.19 500048.03
100.17 500016.34
209.83 500143.03
241.08 500034.31
232.38 500238.59
253.89 500006.78
175.42 500165.66
242.14 500014.97
94.45 500007.56
25.71 500225.62
118.47 500274.69
132.55 500250.62
282.43 500154.53
44.12 500191.66
219.38 500114.50
94.65 500226.28
279.23 500225.00
153.13 500015.62
234.11 500152.25
177.22 500032.47
86.03 500052.88
28.03 500191.78
120.10 500127.78
30.50 500176.94
131.40 500033.06
323.48 500119.28
211.63 500165.91
156.78 500126.91
74.53 500124.34
94.36 500269.34
289.27 500291.38
88.96 500168.84
106.97 500203.94
319.57 500133.38
164.81 500312.28
50.68 500032.41
165.40 500135.31
94.07 500144.31
143.38 500072.31
199.88 500176.94
4.65 500204.72
234.61 500034.31
51.89 500071.50
77.09 500169.62
130.79 500287.94
209.01 500182.56
110.75 500161.91
224.65 500053.91
317.59 500040.91
185.48 500055.09
44.25 500250.38
78.51 500120.28
293.92 500114.44
9.85 500289.72
34.14 500059.19
324.78 500062.72
308.19 500133.19
26.05 500234.78
239.65 500238.25
218.06 500142.44
259.28 500319.97
135.37 500116.06
194.65 500241.72
19.89 500098.28
15.19 500211.84
43.44 500295.69
47.87 500177.56
37.43 500064.81
264.31 500038.66
39.76 500244.38
42.06 500076.66
194.70 500220.00
294.59 500176.62
15.97 500175.81
197.72 500185.94
136.23 500146.81
237.36 500314.91
327.26 500100.94
201.82 500319.34
190.91 500201.22
239.20 500301.75
237.19 500233.59
156.56 500233.06
246.88 500300.31
166.26 500048.53
171.73 500126.47
222.27 500041.28
141.89 500061.62
168.72 500129.97
246.05 500142.00
137.37 500017.97
258.57 500294.50
139.35 500131.69
306.70 500014.72
253.96 500111.69
30.61 500272.22
32.26 500315.56
178.66 500076.44
156.63 500156.81
258.29 500288.31
58.72 500049.12
117.20 500228.22
107.64 500125.62
58.27 500321.47
104.74 500208.03
153.81 500264.25
75.32 500093.84
244.04 500052.19
8.86 500049.12
302.23 500236.72
278.18 500247.00
29.93 500231.06
44.70 500022.62
314.00 500206.19
295.21 500272.41
165.83 500155.94
297.61 500037.59
294.17 500032.91
19.53 500102.88
50.80 500105.16
246.09 500062.41
211.01 500192.25
161.42 500045.91
294.32 500207.44
186.44 500110.50
265.93 500009.50
7.05 500298.78
239.52 500007.72
240.75 500267.47
157.55 500195.62
297.17 500176.41
278.70 500040.53
225.10 500103.34
188.80 500180.94
84.74 500002.22
113.79 500167.06
50.14 500092.22
285.24 500077.47
23.26 500090.28
170.76 500247.38
326.57 500123.59
201.10 500060.56
289.27 500096.53
269.70 500197.84
3357686.50 65020.76
3357718.25 65119.43
3357480.75 65049.08
3357598.50 65089.68
3357596.00 65100.19
3357781.75 65176.09
3357695.75 65108.88
3357589.25 65288.68
3357714.50 65133.40
3357755.50 65245.41
3357537.25 65043.66
3357637.75 65324.74
3357513.25 65315.98
3357622.50 65308.38
3357601.00 65053.48
3357733.75 65096.48
3357692.00 65311.38
3357692.00 65226.33
3357572.00 65326.63
3357616.00 65133.58
3357753.25 65301.81
3357741.00 65023.87
3357669.75 65308.70
3357653.25 65261.77
3357714.50 65114.02
3357671.50 65212.64
3357676.50 65306.44
3357638.50 65274.81
3357729.75 65024.39
3357715.25 65190.13
3357481.00 65183.46
3357751.75 65319.78
3357589.50 65294.27
3357534.75 65283.76
3357500.00 65062.91
3357762.75 65012.62
3357735.25 65091.02
3357494.50 65231.55
3357665.50 65088.15
3357750.25 65216.02
3357531.25 65054.33
3357514.50 65325.16
3357600.75 65224.32
3357712.00 65270.76
3357671.00 65316.09
3357768.75 65300.16
3357654.75 65100.96
3357711.25 65183.32
3357548.00 65199.61
3357621.25 65233.23
3357522.00 65206.17
3357570.25 65232.80
3357744.00 65253.49
3357715.75 65169.77
3357687.00 65172.75
3357751.50 65291.34
3357481.75 65066.72
3357684.50 65120.01
3357470.00 65054.33
3357496.75 65168.38
3357524.00 65056.78
3357663.50 65096.12
3357537.50 65004.12
3357755.50 65323.65
3357705.75 65022.02
3357721.50 65190.35
3357701.00 65322.23
3357766.75 65327.31
3357623.50 65028.66
3357492.25 65038.62
3357543.25 65233.29
3357743.75 65310.21
3357525.75 65028.06
3357650.00 65291.34
3357577.50 65309.51
3357501.75 65161.33
3357772.50 65170.37
3357658.75 65192.84
3357660.50 65019.44
3357586.75 65076.85
3357515.25 65176.00
3357657.25 65117.11
3357577.25 65232.95
3357658.75 65167.28
3357514.50 65058.85
3357599.75 65212.26
3357505.00 65196.60
3357700.75 65105.37
3357591.00 65235.09
3357585.50 65068.99
3357694.25 65120.50
3357467.75 65125.85
3357559.00 65034.54
3357737.25 65068.46
3357704.75 65201.70
3357778.00 65099.97
3357708.75 65185.14
3357628.75 65149.60
3357480.25 65016.15
3357749.25 65289.42
3357527.50 65095.50
3357555.25 65255.88
3357647.25 65245.45
3357483.50 65175.12
3357575.75 65093.64
3357717.25 65167.61
3357724.25 65184.66
3357678.50 65276.11
3357633.75 65102.17
3357605.50 65030.58
3357485.25 65206.36
3357478.75 65077.25
3357676.75 65320.56
3357560.00 65270.29
3357544.25 65005.69
3357774.50 65257.66
3357741.75 65309.89
3357582.50 65236.45
3357523.75 65163.29
3357496.25 65044.98
3357674.25 65084.75
3357667.00 65165.20
3357704.75 65144.63
3357649.25 65181.15
3357733.25 65262.94
3357676.25 65233.21
3357604.50 65272.53
3357691.75 65030.84
3357762.50 65290.18
3357753.50 65308.07
3357709.00 65136.03
3357685.25 65301.51
3357550.50 65310.10
3357628.50 65067.32
3357476.00 65317.24
3357702.25 65233.76
3357723.00 65126.26
3357763.25 65141.51
3357478.25 65226.74
3357766.50 65075.60
3357563.00 65171.02
3357758.00 65021.39
3357488.25 65239.96
3357669.25 65320.83
3357623.00 65221.76
3357580.75 65265.90
3357720.00 65269.99
3357647.25 65005.38
3357627.00 65124.05
3357691.00 65163.62
3357651.75 65019.70
3357625.00 65287.46
3357527.25 65228.17
3357730.00 65022.71
3357676.00 65257.93
3357647.75 65204.34
3357781.00 65228.07
3357711.00 65224.95
3357677.75 65204.43
3357533.50 65006.81
3357540.00 65007.54
3357774.50 65320.81
3357783.50 65198.68
3357713.50 65274.62
3357631.25 65199.51
3357491.75 65131.51
3357675.75 65149.80
3357658.25 65089.99
3357517.50 65164.96
3357670.50 65236.72
3357751.50 65321.17
3357782.00 65167.15
3357704.00 65272.58
3357774.00 65209.42
3357537.25 65190.01
3357621.50 65124.71
3357764.50 65287.28
3357480.00 65168.56
3357583.50 65296.90
3357497.25 65058.76
