288.90 500150.25
220.53 500183.12
235.77 500021.50
63.92 500277.91
206.85 500312.88
250.72 500029.53
16.55 500083.75
67.25 500226.25
211.55 500264.41
316.16 500294.53
122.35 500039.94
280.35 500239.25
111.28 500304.84
14.82 500035.12
326.82 500232.44
30.56 500288.19
234.18 500034.66
101.01 500286.94
79.34 500215.28
68.46 500211.50
36.93 500235.22
121.25 500015.50
165.15 500327.06
142.27 500110.50
194.95 500202.47
187.07 500300.62
310.52 500028.38
53.85 500130.31
309.97 500036.88
3.47 500042.09
269.40 500212.25
264.15 500282.03
99.08 500025.16
68.29 500225.69
131.97 500312.41
81.98 500305.72
133.37 500063.09
127.25 500038.59
182.53 500040.53
317.49 500229.88
159.77 500102.16
127.55 500234.38
306.84 500180.88
242.13 500316.25
249.29 500309.53
65.55 500313.25
259.67 500149.44
324.05 500062.84
183.84 500286.00
39.26 500003.00
137.11 500181.47
253.03 500196.78
30.96 500291.03
177.91 500125.44
70.67 500283.16
119.37 500120.75
268.01 500214.81
121.03 500227.34
126.10 500207.25
159.18 500315.56
145.02 500229.78
12.97 500184.09
79.46 500125.09
49.06 500196.16
184.54 500172.47
63.91 500206.12
53.25 500028.94
44.10 500268.41
298.76 500276.88
315.55 500231.06
46.62 500158.03
26.73 500067.03
77.51 500310.41
284.07 500011.78
325.84 500155.25
71.32 500066.53
264.10 500061.75
118.46 500229.03
53.35 500230.50
230.31 500028.94
176.13 500196.97
325.36 500039.97
53.88 500071.50
197.65 500013.56
246.27 500207.84
60.26 500238.66
214.78 500089.25
159.97 500117.12
180.34 500005.34
210.99 500231.31
40.20 500082.88
214.15 500255.03
269.35 500243.53
132.48 500295.56
65.56 500239.44
317.47 500311.03
284.79 500062.94
156.81 500276.12
199.91 500208.47
114.75 500000.25
217.26 500117.69
48.26 500287.56
239.22 500183.41
281.07 500083.94
236.76 500073.16
284.60 500147.09
256.79 500058.38
137.20 500020.66
202.43 500076.69
266.33 500159.41
215.38 500263.75
57.19 500246.03
32.50 500303.25
7.63 500303.81
111.89 500021.66
148.73 500233.38
279.01 500214.12
65.90 500117.66
326.76 500229.78
121.34 500200.16
285.87 500150.69
37.77 500259.38
212.17 500160.25
14.62 500233.56
156.22 500019.88
209.05 500180.03
161.77 500097.72
148.41 500112.69
303.19 500314.12
132.61 500095.88
280.77 500086.22
294.57 500154.62
222.32 500223.62
32.59 500052.59
243.86 500027.75
36.67 500135.31
90.32 500048.97
119.54 500013.72
13.30 500149.53
317.54 500217.66
274.82 500050.41
110.46 500317.53
106.41 500201.25
276.35 500282.06
65.90 500321.31
264.32 500208.88
101.84 500004.44
188.82 500280.88
216.86 500046.81
0.91 500016.56
3357760.00 65042.39
3357485.00 65306.45
3357579.50 65080.63
3357461.75 65094.62
3357770.25 65125.13
3357636.00 65044.40
3357558.50 65319.74
3357713.75 65132.56
3357598.50 65061.47
3357555.75 65234.12
3357767.25 65069.11
3357728.75 65144.67
3357628.75 65044.27
3357553.00 65238.12
3357616.25 65085.93
3357616.75 65189.81
3357495.75 65093.59
3357512.25 65239.74
3357698.25 65077.18
3357731.00 65131.97
3357460.75 65196.30
3357786.50 65205.06
3357660.50 65170.37
3357531.50 65097.25
3357694.25 65158.80
3357673.00 65196.55
3357558.00 65131.45
3357604.00 65316.47
3357766.25 65156.17
3357697.00 65072.22
3357771.75 65262.07
3357623.25 65025.57
3357651.00 65011.54
3357515.00 65208.85
3357494.75 65044.12
3357470.50 65011.58
3357625.25 65154.79
3357625.50 65300.05
3357684.00 65101.88
3357573.25 65284.32
3357717.25 65000.82
3357681.00 65161.40
3357659.75 65273.16
3357482.50 65082.73
3357687.50 65300.87
3357625.50 65248.83
3357484.00 65014.98
3357604.50 65216.05
3357541.25 65291.98
3357726.25 65251.93
3357592.50 65161.04
3357533.75 65202.99
3357592.25 65130.28
3357501.25 65021.91
3357649.75 65132.60
3357538.25 65039.44
3357746.50 65088.42
3357470.25 65212.91
3357573.75 65105.55
3357629.00 65040.98
3357647.75 65121.64
3357507.25 65015.09
3357782.75 65269.21
3357490.50 65071.10
3357680.75 65130.19
3357693.00 65171.64
3357682.00 65126.26
3357597.00 65120.99
3357561.00 65262.68
3357731.25 65138.42
3357630.50 65127.25
3357586.25 65275.01
3357748.25 65277.35
3357555.00 65199.79
3357508.00 65069.31
3357786.50 65061.71
3357462.00 65255.05
3357481.25 65020.99
3357783.25 65157.33
3357671.75 65139.61
3357487.50 65042.42
3357587.00 65190.45
3357505.75 65139.87
3357469.75 65091.74
3357617.75 65046.80
3357619.25 65198.77
3357749.25 65124.62
3357683.25 65193.35
3357576.00 65105.94
3357764.25 65062.94
3357722.25 65123.91
3357503.50 65271.38
3357488.50 65037.18
3357654.50 65025.64
3357634.25 65296.69
3357688.50 65243.40
3357578.25 65227.47
3357548.75 65295.32
3357512.00 65248.35
3357749.50 65042.04
3357736.50 65298.39
3357749.00 65171.99
3357526.25 65009.91
3357599.75 65235.82
3357625.75 65105.79
3357567.75 65163.07
3357543.50 65075.17
3357771.50 65069.45
3357644.50 65125.06
3357776.50 65208.02
3357536.75 65168.02
3357542.50 65132.65
3357473.75 65239.01
3357688.75 65237.69
3357545.75 65016.89
3357529.25 65154.69
3357778.50 65205.06
3357690.50 65119.30
3357514.50 65170.09
3357568.00 65116.74
3357526.00 65163.37
3357715.75 65297.70
3357661.25 65230.69
3357750.00 65094.39
3357735.00 65202.93
3357565.50 65183.88
3357741.75 65081.47
3357695.50 65141.18
3357565.00 65296.33
3357758.50 65188.84
3357502.50 65167.82
3357673.00 65213.13
3357492.25 65275.37
3357638.25 65194.05
3357664.00 65183.16
3357625.00 65134.11
3357775.25 65175.40
3357617.00 65028.84
3357505.25 65089.12
3357714.00 65257.63
3357779.75 65292.97
3357692.50 65316.50
3357569.50 65193.61
3357760.25 65203.49
3357474.75 65301.26
3357479.25 65084.53
3357657.00 65286.81
3357539.25 65256.81
3357496.75 65045.06
3357756.25 65314.08
3357647.25 65128.87
3357613.00 65186.57
3357776.50 65048.85
3357632.75 65321.35
3357539.75 65306.22
3357744.50 65071.27
3357686.00 65099.87
3357486.75 65078.28
3357701.25 65179.72
3357481.75 65182.37
3357697.25 65165.89
3357524.25 65280.37
3357679.75 65133.63
3357603.25 65253.47
3357642.75 65043.20
3357522.50 65161.71
3357516.75 65261.07
3357508.50 65101.09
3357475.50 65028.60
3357765.25 65266.20
3357624.50 65073.42
3357727.75 65286.42
3357576.50 65321.66
3357557.75 65016.82
3357559.25 65216.83
3357721.50 65196.62
3357629.75 65140.22
3357553.00 65241.06
3357620.25 65297.48
3357489.75 65099.20
