316.00 500233.06
54.11 500023.84
322.26 500173.03
10.54 500229.84
282.81 500074.34
6.14 500067.44
268.42 500120.34
106.04 500280.88
306.17 500167.22
110.17 500252.00
171.52 500081.16
57.34 500133.38
74.36 500014.62
256.25 500140.75
37.69 500017.94
34.72 500086.69
190.71 500183.53
132.35 500107.75
102.69 500064.34
63.41 500097.16
34.77 500201.84
290.67 500105.44
270.00 500245.00
209.13 500204.41
88.03 500100.88
141.85 500111.12
81.38 500236.03
313.17 500015.47
204.68 500032.69
86.15 500287.28
202.95 500149.78
259.91 500195.94
53.18 500255.88
245.01 500199.16
183.92 500049.72
121.43 500070.00
90.35 500179.47
52.69 500039.97
24.56 500161.59
179.31 500176.62
118.81 500069.25
18.87 500258.25
310.64 500142.44
168.11 500279.12
15.30 500173.38
91.49 500243.50
258.84 500029.28
34.46 500037.25
8.44 500216.84
190.56 500001.47
226.84 500245.44
245.47 500047.62
178.26 500247.62
291.30 500232.38
168.35 500009.38
8.33 500304.09
160.50 500212.88
56.82 500156.16
259.07 500044.62
282.08 500009.56
38.77 500231.62
313.95 500293.97
88.95 500087.56
113.02 500050.03
130.82 500253.12
146.37 500047.56
25.43 500040.62
56.11 500267.22
324.19 500083.50
90.75 500235.06
160.00 500183.66
230.69 500048.41
272.06 500109.12
294.83 500097.09
114.90 500115.19
219.32 500268.22
121.57 500094.66
191.05 500241.97
37.68 500028.69
154.55 500028.66
136.22 500315.84
13.32 500061.34
162.20 500063.59
44.29 500320.94
195.40 500111.81
224.87 500102.22
246.64 500025.00
285.17 500192.00
154.05 500082.88
167.86 500219.69
199.49 500127.31
86.79 500160.88
79.46 500069.34
194.55 500064.84
254.88 500140.44
33.04 500105.34
37.54 500120.56
71.17 500268.53
42.00 500215.50
260.66 500138.69
83.83 500194.09
208.00 500062.03
153.14 500113.00
153.30 500216.88
131.67 500223.47
145.11 500181.31
311.97 500110.16
206.48 500114.12
25.17 500227.12
192.04 500241.72
40.46 500311.16
165.23 500094.88
144.62 500130.41
323.20 500085.81
185.89 500325.91
315.54 500316.12
250.68 500284.00
261.00 500189.19
65.18 500300.19
31.64 500270.69
171.73 500057.09
91.61 500141.09
56.89 500021.28
132.41 500237.16
40.69 500076.31
102.33 500115.09
138.18 500029.97
199.82 500149.97
81.20 500245.34
168.52 500087.03
264.98 500152.59
34.29 500148.38
271.05 500099.69
0.60 500077.03
301.56 500039.81
4.11 500183.53
210.31 500185.09
251.29 500104.53
154.97 500074.19
288.96 500321.75
177.30 500200.25
223.10 500184.53
114.21 500024.91
0.58 500105.94
95.70 500129.75
40.50 500037.09
83.51 500037.12
112.67 500251.50
17.04 500106.91
77.76 500148.38
3.49 500024.09
41.98 500123.50
152.75 500317.97
263.92 500251.22
149.34 500083.06
4.86 500169.88
127.89 500291.59
247.87 500140.72
323.18 500297.00
301.67 500135.94
78.11 500195.50
96.02 500202.62
234.21 500249.31
150.75 500268.78
313.05 500208.06
211.60 500017.00
83.68 500218.19
3.90 500268.94
201.39 500258.34
148.12 500279.50
43.90 500118.03
134.59 500249.19
209.97 500135.00
249.04 500176.03
269.81 500120.28
86.21 500095.78
215.40 500291.38
215.48 500041.28
132.19 500004.28
291.34 500181.41
314.34 500070.12
172.44 500126.28
277.25 500188.00
291.24 500153.03
200.14 500228.69
301.41 500061.78
303.40 500177.62
109.26 500054.44
54.98 500262.72
22.52 500001.56
247.30 500007.75
190.75 500179.12
8.44 500030.53
2.80 500167.91
308.73 500083.91
236.92 500308.50
128.53 500107.62
109.47 500110.44
124.77 500083.00
209.66 500302.25
289.89 500215.97
189.49 500299.88
214.93 500188.56
230.41 500073.75
246.69 500316.12
70.81 500157.91
26.62 500073.12
28.51 500262.19
238.11 500101.41
96.14 500060.62
117.52 500215.28
232.69 500324.09
160.17 500171.78
223.10 500105.62
282.95 500308.75
262.92 500270.31
253.11 500299.31
312.26 500231.31
181.79 500006.06
31.54 500150.03
27.41 500028.72
292.21 500049.00
167.20 500030.69
210.75 500231.47
16.17 500301.50
201.81 500027.06
28.39 500053.84
83.53 500240.06
127.75 500206.03
109.57 500094.31
230.91 500216.03
186.80 500276.44
169.24 500322.34
237.82 500250.75
85.01 500068.84
244.26 500136.50
247.14 500209.25
308.57 500235.84
50.89 500178.50
253.08 500311.34
62.07 500192.81
77.34 500221.19
316.62 500166.38
137.03 500078.59
46.70 500246.03
71.68 500233.03
236.26 500067.00
259.76 500222.50
87.00 500220.75
240.79 500271.53
266.43 500088.69
176.81 500224.31
86.76 500120.19
120.61 500142.88
175.67 500087.44
213.82 500081.16
81.48 500084.88
186.81 500315.72
79.90 500065.00
300.48 500199.78
229.42 500091.84
135.75 500197.09
44.35 500052.12
319.97 500020.59
24.40 500022.53
319.34 500053.41
217.98 500033.38
7.82 500287.12
7.16 500099.19
107.92 500023.88
189.64 500239.91
38.64 500113.38
77.05 500051.66
62.46 500157.53
187.42 500173.12
40.84 500318.53
302.24 500291.03
51.61 500163.50
189.02 500290.25
92.95 500248.38
296.39 500175.41
195.14 500185.59
220.05 500126.62
130.99 500208.81
110.81 500248.44
45.96 500306.84
201.68 500063.44
215.96 500007.88
20.68 500259.34
270.76 500095.09
3357463.50 65187.15
3357483.50 65160.08
3357648.75 65172.67
3357736.00 65155.69
3357486.75 65173.07
3357635.00 65183.05
3357664.50 65236.25
3357756.75 65120.62
3357491.00 65192.89
3357632.25 65211.28
3357602.00 65106.89
3357549.25 65282.97
3357586.50 65224.71
3357598.75 65029.88
3357641.50 65310.90
3357579.00 65323.39
3357467.25 65059.50
3357604.75 65115.24
3357568.50 65140.99
3357465.00 65043.56
3357489.50 65003.76
3357525.50 65095.11
3357461.50 65181.81
3357580.00 65140.54
3357657.25 65312.54
3357759.50 65198.90
3357601.50 65288.71
3357575.25 65073.04
3357470.75 65007.96
3357529.50 65127.42
3357602.00 65229.11
3357735.50 65228.45
3357617.25 65326.24
3357649.50 65257.35
3357711.50 65037.04
3357585.75 65198.66
3357607.50 65013.74
3357595.75 65265.26
3357698.50 65080.94
3357655.75 65046.04
3357547.50 65166.63
3357701.00 65086.32
3357579.50 65189.48
3357513.25 65299.52
3357495.25 65264.13
3357619.25 65258.61
3357569.50 65128.95
3357609.75 65025.69
3357676.75 65141.05
3357617.00 65014.65
3357581.00 65121.68
3357725.00 65183.66
3357596.75 65035.09
3357775.75 65001.43
3357584.25 65094.70
3357582.75 65139.61
3357647.50 65019.87
3357727.75 65126.09
3357515.75 65280.01
3357670.75 65120.57
3357646.25 65134.12
3357578.00 65064.17
3357721.00 65217.52
3357645.50 65104.64
3357541.75 65224.33
3357721.75 65136.36
3357632.75 65092.60
3357561.00 65062.94
3357673.25 65155.90
3357555.75 65260.17
3357607.75 65148.59
3357666.50 65242.44
3357592.50 65065.29
3357670.00 65253.34
3357687.00 65140.22
3357752.25 65179.14
3357715.00 65325.52
3357658.50 65178.11
3357547.00 65138.76
3357682.00 65045.86
3357570.00 65241.76
3357738.00 65071.17
3357636.75 65067.33
3357478.25 65074.98
3357531.25 65064.87
3357623.50 65042.21
3357572.25 65260.31
3357608.25 65022.14
3357478.25 65096.59
3357573.25 65085.74
3357683.50 65097.56
3357512.00 65309.24
3357626.25 65163.52
3357673.25 65261.63
3357490.50 65284.09
3357610.25 65259.34
3357596.00 65115.02
3357655.00 65261.11
3357659.25 65255.53
3357585.25 65304.67
3357653.50 65034.41
3357571.75 65324.58
3357577.50 65212.00
3357487.75 65303.42
3357534.00 65163.44
3357698.25 65234.27
3357720.50 65243.93
3357739.75 65191.26
3357765.25 65212.38
3357650.25 65313.84
3357636.00 65154.09
3357699.50 65018.45
3357588.00 65021.80
3357676.75 65175.35
3357736.25 65303.70
3357713.50 65027.93
3357672.50 65265.24
3357535.50 65128.49
3357692.50 65205.68
3357764.50 65119.01
3357467.00 65243.84
3357537.50 65009.38
3357654.75 65108.07
3357637.00 65007.37
3357667.50 65309.29
3357504.00 65016.43
3357709.75 65324.51
3357615.00 65081.34
3357647.25 65068.08
3357567.50 65276.40
3357545.50 65278.14
3357746.25 65005.47
3357682.00 65231.05
3357537.25 65123.78
3357628.50 65207.82
3357637.50 65314.11
3357772.50 65244.10
3357781.50 65042.53
3357639.75 65293.88
3357768.00 65113.80
3357656.75 65219.77
3357692.50 65044.35
3357735.00 65152.55
3357729.00 65069.54
3357680.25 65288.20
3357633.75 65053.92
3357716.50 65009.67
3357617.25 65189.06
3357581.00 65316.86
3357487.00 65007.48
3357720.50 65277.06
3357668.25 65269.59
3357768.50 65326.56
3357697.75 65320.04
3357470.75 65186.74
3357765.00 65057.84
3357534.75 65293.02
3357577.75 65099.77
3357704.00 65070.61
3357481.50 65106.32
3357727.00 65317.10
3357741.75 65318.55
3357538.00 65076.59
3357640.25 65049.17
3357729.00 65180.69
3357509.00 65142.24
3357618.25 65236.52
3357486.00 65195.78
3357561.00 65254.17
3357751.50 65183.10
3357568.00 65247.20
3357638.50 65216.21
3357564.00 65151.20
3357719.50 65222.76
3357578.25 65275.57
3357674.25 65161.37
3357632.50 65045.76
3357645.00 65252.78
3357578.25 65166.36
3357523.25 65213.41
