316.72 500303.97
52.07 500074.88
297.71 500053.88
39.92 500241.19
310.88 500032.47
301.28 500077.12
223.77 500156.03
73.11 500163.12
307.89 500288.62
185.25 500184.56
61.49 500210.16
83.80 500038.19
10.22 500153.81
28.93 500160.91
270.06 500242.81
39.57 500149.25
306.42 500271.19
100.81 500144.06
227.27 500125.09
87.75 500117.03
180.00 500322.56
317.27 500222.31
155.92 500019.38
198.27 500299.28
48.88 500151.09
151.71 500051.62
305.87 500211.50
11.31 500281.69
66.87 500269.44
59.13 500152.44
13.27 500001.28
200.57 500031.00
268.31 500115.12
156.52 500297.94
241.36 500237.81
109.05 500106.38
262.13 500278.88
90.98 500237.38
100.13 500325.88
177.22 500273.12
113.77 500186.81
95.73 500132.56
124.40 500188.00
316.17 500123.38
121.22 500082.91
284.84 500052.16
186.18 500301.66
123.90 500065.78
140.39 500103.69
152.72 500162.50
233.16 500138.94
289.49 500061.81
98.47 500049.06
244.56 500303.91
249.11 500251.62
269.90 500042.09
56.58 500177.28
99.33 500263.25
91.25 500137.44
103.74 500035.38
149.65 500074.56
2.15 500087.62
187.90 500079.47
136.03 500011.44
75.70 500187.38
319.90 500111.25
147.08 500077.28
292.52 500091.91
100.62 500118.62
58.73 500040.12
191.43 500129.88
213.98 500147.38
301.69 500241.94
213.79 500044.09
176.42 500231.78
250.88 500090.38
15.93 500079.72
114.81 500250.97
124.12 500082.56
41.21 500209.47
114.64 500326.88
202.45 500282.22
306.40 500147.88
242.36 500233.53
239.85 500000.28
94.22 500139.66
222.22 500140.16
207.95 500075.53
177.83 500182.81
131.97 500150.69
73.43 500161.62
129.21 500289.44
126.54 500271.59
185.14 500298.75
151.72 500249.91
104.46 500274.38
184.96 500165.50
297.09 500250.16
102.56 500292.28
68.71 500124.22
47.13 500200.06
225.66 500077.38
32.42 500308.53
255.72 500224.38
211.80 500139.81
171.41 500040.09
182.36 500119.41
226.48 500234.25
119.96 500178.22
72.42 500079.66
151.10 500039.22
68.60 500076.66
101.79 500012.12
86.79 500009.75
288.92 500298.44
162.05 500312.81
251.51 500251.09
296.97 500075.81
19.55 500179.69
166.65 500264.66
162.39 500263.06
291.23 500244.56
299.12 500143.94
180.54 500110.12
177.38 500321.00
260.58 500189.94
53.86 500065.28
137.23 500070.41
222.97 500185.88
6.82 500303.16
31.63 500128.28
62.92 500293.50
158.64 500024.56
121.35 500121.91
304.67 500127.78
210.91 500123.22
3.46 500057.62
92.13 500077.72
270.85 500120.38
90.02 500030.78
39.70 500248.44
219.77 500007.31
170.47 500133.91
319.37 500310.50
138.34 500033.06
134.06 500326.28
186.46 500245.62
100.38 500144.12
272.31 500057.16
136.65 500294.78
76.96 500045.69
136.40 500310.53
251.55 500021.84
127.17 500256.16
323.53 500108.00
186.68 500038.19
318.18 500174.78
44.80 500312.28
207.27 500225.06
101.84 500124.66
308.14 500220.97
186.99 500022.56
21.97 500305.28
81.23 500198.53
0.59 500240.50
94.62 500110.34
215.24 500000.41
151.86 500282.34
327.55 500008.88
263.30 500277.88
79.01 500012.53
180.04 500102.72
200.75 500324.34
127.42 500011.50
249.44 500165.03
87.60 500079.69
96.92 500116.38
181.06 500082.94
168.64 500136.06
273.05 500063.50
277.31 500148.75
43.99 500159.72
11.09 500232.94
271.45 500078.12
195.06 500209.88
9.09 500060.75
193.37 500241.38
240.43 500122.94
73.41 500276.47
173.31 500069.88
105.71 500281.91
29.67 500015.34
67.33 500079.38
100.99 500307.56
325.11 500068.69
93.54 500257.19
285.28 500021.62
2.74 500143.19
118.04 500175.38
314.76 500320.97
32.71 500170.84
153.09 500270.06
63.16 500065.38
15.92 500253.56
209.51 500275.97
185.11 500233.72
291.36 500094.81
141.91 500027.41
14.01 500152.62
228.44 500260.91
241.21 500280.12
76.53 500243.06
77.70 500109.16
285.86 500180.78
257.76 500089.25
234.51 500251.59
234.20 500103.34
142.42 500025.00
119.19 500240.06
270.75 500249.81
114.43 500250.38
134.75 500013.81
62.14 500280.00
115.91 500139.91
274.32 500061.31
159.03 500255.12
45.68 500138.50
233.63 500068.22
250.49 500016.25
194.52 500157.06
203.15 500082.44
116.54 500022.09
97.51 500229.25
48.84 500175.22
188.11 500056.78
263.89 500123.03
163.91 500137.28
291.10 500323.84
35.75 500049.34
104.08 500305.31
89.94 500196.22
112.99 500039.03
246.10 500169.00
54.19 500035.78
303.89 500013.34
309.94 500048.78
105.95 500109.34
179.82 500040.56
118.73 500125.28
241.08 500024.12
147.74 500291.56
42.77 500140.41
293.40 500212.34
236.96 500203.56
225.69 500099.59
64.25 500076.62
228.30 500303.06
279.84 500109.06
90.56 500087.88
143.73 500049.53
280.85 500053.50
199.55 500252.47
169.13 500298.28
121.06 500315.69
25.94 500033.75
74.09 500278.12
254.80 500256.22
115.63 500169.97
325.70 500106.00
179.78 500095.62
41.33 500318.53
87.38 500245.91
33.50 500137.72
163.03 500070.75
189.05 500113.12
257.85 500269.19
111.71 500100.00
55.43 500273.84
319.17 500296.41
97.78 500129.16
89.94 500207.19
182.84 500097.22
161.87 500091.91
140.80 500007.88
298.64 500114.38
296.27 500207.19
253.95 500112.59
69.87 500222.88
47.68 500121.75
218.31 500277.12
3357680.00 65309.10
3357745.50 65127.51
3357729.75 65126.32
3357499.25 65038.36
3357666.25 65252.58
3357533.25 65001.69
3357601.50 65253.07
3357648.75 65044.37
3357688.25 65113.90
3357697.75 65034.05
3357597.75 65216.06
3357537.25 65182.08
3357508.00 65045.40
3357501.50 65000.84
3357505.25 65031.50
3357675.75 65190.31
3357700.00 65258.98
3357708.25 65296.24
3357591.75 65116.28
3357741.00 65219.11
3357646.75 65162.12
3357603.00 65054.67
3357685.50 65116.76
3357469.50 65119.39
3357668.50 65156.24
3357462.50 65229.10
3357770.25 65072.30
3357753.00 65084.14
3357756.25 65199.28
3357624.50 65156.90
3357475.00 65309.04
3357681.00 65020.04
3357489.75 65047.63
3357760.75 65064.75
3357733.75 65063.85
3357685.75 65270.57
3357472.75 65194.37
3357668.75 65010.07
3357735.25 65081.52
3357648.25 65086.48
3357696.75 65226.98
3357608.75 65174.20
3357648.75 65009.87
3357505.25 65069.26
3357746.00 65175.27
3357539.25 65213.35
3357621.25 65095.85
3357731.00 65068.12
3357536.25 65261.69
3357536.25 65289.10
3357635.00 65300.96
3357730.00 65067.05
3357603.75 65037.40
3357765.00 65173.59
3357571.00 65113.19
3357713.75 65129.74
3357630.25 65180.61
3357671.75 65034.23
3357476.00 65038.14
3357503.25 65057.84
3357469.75 65076.16
3357675.00 65276.20
3357708.00 65182.09
3357502.50 65073.21
3357723.00 65023.47
3357783.50 65115.30
3357645.75 65186.73
3357584.75 65230.39
3357566.50 65208.73
3357732.25 65123.86
3357555.50 65187.87
3357492.25 65197.71
3357705.25 65045.68
3357647.75 65230.07
3357709.75 65176.70
3357770.00 65062.43
3357627.50 65178.84
3357610.25 65052.07
3357714.25 65057.45
3357626.00 65193.77
3357655.75 65267.78
3357746.00 65256.08
3357676.25 65073.55
3357585.75 65163.87
3357595.00 65089.25
3357543.50 65023.20
3357611.50 65291.85
3357762.25 65003.45
3357553.75 65024.84
3357666.25 65127.88
3357711.50 65127.72
3357642.50 65187.77
3357659.25 65278.90
3357713.00 65158.98
3357506.25 65204.88
3357717.00 65025.10
3357648.00 65137.41
3357783.50 65041.74
3357523.50 65324.07
3357709.50 65018.29
3357646.00 65216.96
3357632.50 65289.93
3357549.00 65094.04
3357632.50 65007.51
3357514.50 65167.13
3357662.00 65005.18
3357714.00 65258.96
3357738.00 65303.05
3357711.50 65018.35
3357500.25 65160.19
3357493.25 65134.56
3357689.00 65237.67
3357736.25 65259.97
3357733.75 65041.66
3357527.00 65000.44
3357574.75 65036.61
3357728.50 65320.89
3357583.75 65287.65
3357720.75 65256.57
3357492.25 65107.24
3357649.75 65040.30
3357702.50 65067.81
3357509.50 65293.05
3357659.50 65041.95
3357654.50 65196.31
3357606.00 65202.68
3357643.50 65022.22
3357751.75 65283.40
3357680.50 65126.41
3357567.00 65098.15
3357587.00 65141.15
3357753.00 65226.27
3357573.75 65304.17
3357769.50 65291.32
3357711.25 65141.15
3357700.25 65292.18
3357745.00 65041.56
3357661.75 65122.25
3357760.25 65290.55
3357635.00 65113.36
3357737.25 65147.57
3357486.00 65034.04
3357486.00 65053.88
3357757.00 65034.05
3357619.75 65057.14
3357715.25 65309.52
3357490.25 65156.51
3357473.00 65031.51
3357621.00 65243.99
3357712.50 65176.55
3357648.50 65102.72
3357601.25 65316.32
3357637.25 65086.82
3357546.00 65230.98
3357705.25 65322.27
3357534.25 65007.58
3357604.75 65036.37
3357713.00 65313.22
3357746.75 65098.10
3357525.25 65108.90
3357744.25 65218.96
3357759.25 65047.07
3357566.00 65122.45
3357572.50 65299.45
3357703.75 65063.96
3357723.75 65074.92
3357546.75 65178.80
3357492.00 65025.82
3357542.25 65266.09
3357494.50 65057.12
3357782.00 65141.57
3357523.50 65290.14
3357608.25 65201.05
3357681.25 65316.80
3357729.00 65033.68
3357502.50 65236.35
3357640.00 65297.38
3357742.00 65248.79
3357704.25 65125.12
3357547.00 65003.29
