317.47 500154.66
228.67 500038.88
48.62 500301.66
100.42 500223.28
176.38 500256.81
267.26 500087.25
72.83 500029.53
262.11 500218.72
250.11 500266.56
278.64 500024.66
65.62 500166.28
260.41 500013.12
92.10 500075.88
14.69 500018.16
274.68 500016.16
74.43 500095.50
233.76 500288.34
246.57 500167.12
44.74 500322.66
157.89 500227.16
316.93 500284.91
47.19 500135.97
230.28 500289.88
216.70 500160.16
216.47 500099.31
13.06 500302.22
78.83 500051.84
321.31 500232.31
220.69 500204.19
284.08 500160.41
53.28 500069.41
93.86 500201.12
269.80 500191.38
242.74 500207.59
107.78 500076.94
230.16 500248.69
218.30 500278.56
220.38 500101.22
298.28 500199.72
130.36 500225.06
138.30 500071.41
295.25 500299.03
123.32 500310.12
158.18 500079.72
8.53 500152.16
114.61 500298.94
199.58 500243.88
8.89 500170.09
99.61 500268.38
68.48 500032.97
46.15 500221.25
67.41 500136.25
89.52 500020.22
210.59 500155.25
169.70 500162.31
185.89 500274.56
186.25 500080.50
203.36 500241.12
258.38 500189.78
140.70 500166.66
325.15 500014.62
286.84 500140.03
38.14 500026.31
130.30 500134.91
62.76 500237.75
322.58 500222.53
170.00 500234.72
3.46 500280.97
149.88 500244.75
189.10 500193.84
239.19 500058.72
166.73 500057.25
213.51 500321.25
218.43 500078.03
62.01 500055.78
239.19 500008.72
84.23 500183.28
35.09 500096.59
50.65 500019.72
41.87 500115.50
181.43 500115.00
57.60 500096.06
308.22 500057.25
300.49 500306.00
301.21 500017.78
91.67 500163.91
92.42 500230.78
112.33 500192.12
83.53 500302.22
258.30 500138.12
269.32 500078.38
24.61 500319.62
175.76 500036.19
324.25 500305.00
237.51 500304.81
238.71 500019.16
160.34 500212.50
56.66 500007.56
136.09 500089.56
165.93 500049.47
127.92 500012.66
273.90 500063.62
144.52 500170.38
318.11 500202.38
325.35 500156.59
5.29 500145.66
151.12 500233.38
306.97 500061.94
189.27 500231.34
245.26 500297.50
117.83 500112.41
161.22 500295.91
42.13 500156.59
212.00 500034.50
158.32 500210.12
46.26 500219.97
207.69 500216.72
200.52 500270.06
1.65 500157.94
24.80 500154.09
167.52 500314.56
216.92 500203.75
135.32 500301.94
186.17 500051.78
52.19 500085.28
291.97 500312.91
40.18 500117.09
161.16 500300.03
207.34 500198.19
180.34 500305.66
70.67 500102.88
316.28 500102.66
145.39 500258.81
83.75 500228.38
99.40 500279.31
39.85 500000.59
159.57 500192.47
104.47 500139.06
168.57 500198.41
1.18 500009.56
29.89 500194.56
67.35 500313.53
199.51 500143.66
190.92 500256.28
63.76 500229.88
38.24 500017.91
70.68 500240.22
296.07 500180.81
211.50 500064.75
228.00 500090.38
64.41 500098.09
115.96 500237.94
205.89 500159.09
282.10 500157.06
43.91 500297.91
19.29 500198.41
70.28 500142.00
249.54 500312.88
309.51 500149.88
131.24 500276.69
12.41 500113.53
282.10 500057.72
202.24 500244.62
217.07 500169.78
31.40 500185.06
46.80 500058.97
25.09 500294.03
261.87 500266.56
221.13 500224.72
145.41 500186.84
56.13 500125.62
108.40 500113.41
131.53 500135.06
298.15 500048.03
257.93 500226.75
118.84 500033.09
136.89 500007.91
189.76 500052.03
28.02 500199.38
239.04 500327.47
223.70 500156.44
28.85 500060.66
283.92 500041.62
86.92 500029.59
130.16 500041.28
165.20 500208.59
18.76 500322.94
64.77 500120.09
182.04 500022.72
92.63 500290.22
106.62 500270.66
218.74 500067.56
203.38 500041.09
114.27 500006.72
267.76 500320.88
122.38 500143.97
106.59 500140.28
99.69 500073.12
6.73 500286.84
111.85 500012.84
195.79 500213.03
249.08 500253.81
247.07 500025.91
268.31 500143.66
200.44 500278.69
259.93 500223.56
91.50 500311.12
96.63 500154.31
315.93 500310.44
173.13 500306.47
176.90 500303.25
211.17 500307.28
319.16 500267.16
276.99 500125.28
171.85 500142.75
130.33 500261.84
35.70 500002.75
69.11 500077.41
247.38 500142.16
44.21 500324.38
175.61 500035.25
208.44 500066.38
294.88 500183.12
1.87 500282.53
261.21 500227.25
248.35 500076.50
168.01 500301.50
122.45 500082.19
200.08 500309.38
15.22 500297.16
293.28 500166.22
192.03 500054.09
260.84 500280.91
44.91 500140.94
27.79 500073.97
284.41 500034.44
106.69 500032.25
94.10 500088.12
317.81 500182.41
112.14 500001.09
163.75 500155.09
314.10 500131.59
172.37 500276.03
56.95 500259.12
81.25 500008.38
171.76 500064.69
59.09 500064.22
274.97 500192.91
181.69 500248.88
32.86 500301.72
98.12 500012.16
170.74 500171.88
3.01 500323.56
164.98 500281.91
263.08 500082.50
205.77 500056.97
158.38 500099.22
109.01 500027.06
295.33 500320.34
143.69 500205.25
304.83 500058.09
57.72 500265.72
314.48 500004.50
285.46 500058.19
102.02 500060.34
309.22 500140.69
159.25 500280.66
124.08 500211.34
211.88 500276.97
105.96 500036.62
79.90 500117.72
317.06 500101.44
62.44 500034.06
119.23 500024.72
160.97 500005.69
112.36 500158.06
240.19 500138.56
59.42 500150.88
112.66 500287.94
58.14 500227.91
8.15 500165.94
259.34 500272.91
86.15 500025.78
165.95 500170.12
107.76 500212.50
21.76 500103.00
219.22 500000.12
80.99 500000.81
31.21 500231.09
267.74 500109.97
3357683.00 65019.55
3357736.50 65242.41
3357710.25 65226.81
3357788.00 65005.06
3357779.50 65037.82
3357471.50 65184.45
3357684.50 65002.56
3357476.50 65054.02
3357715.75 65165.37
3357706.50 65280.71
3357518.75 65091.88
3357569.50 65300.04
3357783.25 65230.30
3357504.25 65164.10
3357690.50 65275.62
3357702.25 65319.29
3357585.75 65199.44
3357682.25 65142.90
3357512.00 65269.18
3357582.75 65164.34
3357468.50 65148.94
3357624.25 65280.49
3357562.25 65287.06
3357592.50 65201.53
3357695.50 65111.98
3357703.25 65007.47
3357574.50 65173.74
3357462.50 65170.22
3357667.75 65131.20
3357485.25 65232.41
3357640.25 65050.02
3357609.50 65085.15
3357475.50 65188.31
3357579.50 65086.81
3357488.75 65181.26
3357566.50 65032.96
3357525.50 65010.83
3357596.00 65100.76
3357773.75 65067.23
3357729.75 65173.44
3357554.75 65066.66
3357750.75 65012.87
3357468.25 65030.63
3357542.00 65290.26
3357650.50 65141.94
3357560.00 65061.78
3357526.50 65061.24
3357649.25 65201.85
3357672.75 65089.92
3357526.50 65188.76
3357706.25 65175.61
3357511.75 65049.40
3357700.50 65129.17
3357590.00 65100.38
3357691.00 65326.16
3357642.25 65134.31
3357537.50 65035.88
3357583.75 65191.39
3357598.25 65187.43
3357626.00 65305.04
3357568.50 65179.41
3357731.50 65051.03
3357545.50 65130.15
3357785.25 65204.19
3357688.75 65141.16
3357550.25 65123.09
3357585.00 65106.40
3357609.75 65047.98
3357589.00 65159.71
3357738.25 65294.14
3357679.25 65050.19
3357504.00 65299.89
3357733.75 65159.24
3357520.50 65324.89
3357718.25 65155.26
3357624.75 65238.32
3357759.50 65293.60
3357604.75 65158.62
3357576.50 65046.92
3357746.00 65005.84
3357537.00 65056.67
3357605.50 65106.82
3357539.00 65124.74
3357489.50 65241.90
3357616.75 65219.01
3357772.25 65256.54
3357786.50 65160.99
3357580.50 65281.80
3357752.00 65054.10
3357480.50 65082.55
3357591.75 65069.89
3357540.50 65165.05
3357753.25 65012.27
3357694.75 65230.40
3357508.00 65226.34
3357679.75 65227.05
3357732.25 65011.87
3357575.50 65244.35
3357664.50 65023.36
3357526.50 65240.19
3357727.75 65229.07
3357681.00 65104.76
3357742.50 65238.81
3357575.00 65070.50
3357702.75 65126.31
3357638.75 65003.99
3357647.75 65036.35
3357468.00 65211.41
3357581.00 65307.02
3357462.50 65327.24
3357567.25 65069.45
3357499.25 65228.54
3357653.00 65315.34
3357599.50 65199.78
3357740.50 65219.60
3357534.25 65030.79
3357712.50 65245.02
3357708.25 65171.05
3357616.00 65160.83
3357609.75 65035.36
3357543.00 65259.46
3357771.00 65188.47
3357670.50 65128.96
3357593.50 65227.06
3357775.25 65316.50
3357608.25 65069.72
3357663.75 65257.29
3357537.00 65077.59
3357507.00 65098.03
3357745.25 65179.89
3357556.00 65117.08
3357745.00 65308.16
3357535.25 65127.41
3357699.25 65019.65
3357485.25 65101.23
3357572.50 65269.26
3357731.25 65142.59
3357581.25 65294.95
3357782.00 65063.65
3357540.75 65112.89
3357732.25 65295.50
3357776.75 65276.46
3357717.00 65129.47
3357562.50 65220.36
3357675.75 65262.43
3357681.00 65278.86
3357566.25 65071.72
3357500.75 65179.59
3357662.75 65197.60
3357754.50 65085.20
3357766.75 65203.45
3357769.50 65260.91
3357589.75 65253.23
3357685.00 65197.45
3357786.50 65180.97
3357680.50 65148.66
3357678.00 65304.27
3357541.75 65015.07
3357657.25 65305.58
3357764.75 65171.17
3357732.75 65205.72
3357658.75 65150.51
3357580.50 65081.02
3357546.50 65114.27
3357752.00 65254.72
3357575.75 65034.33
3357576.25 65252.52
3357617.25 65205.61
3357597.25 65218.97
3357643.00 65312.68
3357499.25 65135.40
3357493.00 65009.96
3357684.50 65208.48
3357715.75 65206.59
3357752.50 65063.78
3357770.00 65150.89
3357752.00 65113.60
3357530.75 65319.09
3357746.75 65111.80
3357735.50 65304.94
