318.03 500015.81
316.46 500197.47
163.70 500313.84
301.86 500053.34
34.23 500194.69
242.12 500094.75
231.96 500220.97
102.62 500217.06
221.65 500122.06
262.18 500091.69
40.17 500176.62
191.49 500222.59
280.85 500317.47
32.67 500197.59
7.41 500204.84
256.91 500084.25
308.28 500073.06
311.56 500269.66
66.53 500027.00
280.96 500123.38
175.95 500214.34
246.48 500285.88
157.02 500204.91
59.36 500114.31
126.63 500004.06
110.05 500003.03
267.19 500047.81
237.00 500110.34
263.15 500312.66
307.88 500294.53
25.86 500148.28
271.43 500326.88
242.41 500276.25
263.73 500269.03
137.27 500043.53
205.70 500083.16
157.41 500221.31
130.81 500000.59
88.56 500177.72
24.49 500061.31
313.15 500043.09
86.55 500023.16
321.98 500300.62
198.12 500018.94
224.43 500246.09
159.76 500210.66
24.27 500201.12
137.58 500147.44
112.20 500076.66
262.66 500008.44
36.14 500153.88
131.21 500177.00
310.86 500283.84
100.00 500016.91
68.26 500096.31
209.28 500161.47
225.11 500023.22
266.00 500011.09
54.23 500157.25
196.51 500320.69
112.95 500027.28
269.32 500278.50
69.92 500243.47
297.03 500268.91
124.43 500246.53
39.62 500048.34
129.95 500322.62
245.72 500249.78
200.54 500152.75
0.52 500221.94
189.00 500091.62
302.77 500118.88
176.83 500066.44
36.65 500245.59
20.18 500324.59
159.32 500005.38
91.97 500231.34
303.86 500267.41
281.29 500001.78
13.87 500031.81
45.60 500257.59
278.21 500058.19
181.34 500033.00
215.23 500074.62
261.09 500244.38
303.50 500267.31
267.18 500141.03
127.13 500221.28
42.33 500305.00
66.73 500114.59
171.91 500045.34
146.76 500284.91
212.14 500132.91
227.61 500038.91
172.69 500031.97
323.69 500015.75
184.89 500247.25
320.60 500127.41
4.15 500253.16
166.55 500008.50
159.14 500002.38
138.60 500224.44
170.39 500068.25
292.99 500029.41
238.32 500226.00
10.72 500081.22
185.02 500046.91
24.53 500005.81
83.78 500327.59
301.77 500202.06
292.69 500081.00
101.45 500073.31
83.51 500035.41
133.58 500109.78
118.77 500159.12
31.91 500008.88
104.07 500191.31
243.20 500256.91
145.13 500198.88
233.39 500015.38
85.83 500309.88
147.75 500045.41
113.98 500247.78
119.10 500236.62
187.61 500110.53
101.47 500147.34
258.02 500069.91
321.31 500313.03
153.05 500107.56
308.59 500279.03
113.78 500084.12
204.35 500289.25
192.58 500275.22
13.22 500292.84
161.38 500049.41
169.86 500251.88
103.99 500064.19
70.85 500326.88
64.49 500085.16
234.71 500008.16
236.34 500097.75
154.14 500012.75
64.26 500093.84
124.48 500116.47
37.13 500304.12
95.64 500017.94
284.28 500207.72
227.00 500008.50
81.08 500056.12
124.56 500024.75
240.35 500293.53
129.35 500084.56
43.92 500317.53
325.38 500026.84
193.41 500153.34
308.73 500245.59
157.75 500260.28
301.14 500028.41
85.89 500094.28
95.99 500104.12
249.73 500148.09
24.72 500112.19
321.24 500228.31
103.76 500219.75
296.36 500001.62
239.40 500220.44
126.75 500140.62
271.94 500098.19
199.46 500270.28
115.26 500304.75
53.47 500237.75
83.95 500164.06
94.62 500251.59
25.44 500189.00
93.25 500186.88
298.64 500169.59
209.18 500155.66
267.43 500128.91
294.50 500018.22
299.38 500266.16
269.56 500261.88
316.86 500101.41
271.88 500284.88
235.47 500150.44
96.44 500116.12
252.10 500118.44
231.62 500297.75
91.65 500217.72
77.12 500063.12
89.99 500253.62
235.52 500005.88
273.00 500134.62
204.20 500197.97
309.29 500055.03
325.09 500279.31
100.95 500074.53
302.18 500014.25
285.32 500292.06
195.16 500283.75
118.59 500027.28
131.12 500059.00
206.05 500156.31
55.32 500139.25
13.20 500133.66
22.77 500024.25
243.99 500073.59
57.76 500015.12
20.42 500077.16
83.19 500156.38
260.47 500297.38
257.59 500249.12
239.45 500155.31
255.44 500084.75
42.48 500198.22
122.60 500196.56
153.05 500098.44
259.40 500313.03
71.92 500215.88
213.91 500069.78
318.43 500222.75
64.12 500146.91
205.93 500247.69
139.23 500197.03
3.06 500003.25
237.27 500250.16
200.40 500044.19
315.42 500322.25
268.23 500291.97
205.56 500326.53
110.65 500300.97
3.72 500256.62
48.38 500006.50
324.57 500119.62
241.46 500186.81
137.24 500243.38
299.58 500068.69
221.11 500125.56
318.91 500156.12
127.37 500052.84
160.85 500175.16
289.55 500053.47
177.81 500214.28
117.87 500084.44
201.45 500196.25
116.14 500275.41
326.08 500190.41
166.92 500216.09
302.56 500305.50
57.26 500041.03
92.67 500051.00
289.39 500005.12
37.38 500166.62
73.32 500320.31
240.00 500254.38
48.52 500240.84
239.14 500127.94
78.20 500133.75
210.69 500180.16
318.46 500278.44
186.40 500163.62
165.84 500132.75
166.60 500204.25
8.75 500001.06
236.01 500167.03
58.53 500322.22
283.55 500210.06
202.60 500184.78
73.34 500284.62
70.76 500118.38
250.85 500106.97
307.87 500282.72
116.41 500308.09
311.78 500085.66
286.32 500061.94
311.18 500182.75
175.79 500090.12
92.97 500110.09
62.37 500117.00
287.71 500039.50
285.29 500001.75
161.40 500235.19
130.67 500174.84
115.67 500147.91
99.06 500119.12
223.11 500228.06
274.76 500026.00
51.09 500201.94
131.94 500107.34
275.49 500169.41
33.58 500071.88
3357657.00 65232.94
3357715.75 65127.87
3357638.75 65101.63
3357545.50 65122.91
3357635.25 65277.99
3357497.25 65148.56
3357546.50 65045.34
3357690.75 65203.62
3357779.00 65089.44
3357727.25 65277.82
3357560.00 65057.09
3357664.50 65088.03
3357573.75 65196.00
3357563.00 65156.55
3357585.25 65000.15
3357494.00 65186.67
3357586.75 65055.69
3357777.00 65029.57
3357723.75 65011.77
3357736.25 65180.84
3357664.25 65181.94
3357654.25 65219.45
3357556.50 65028.28
3357626.25 65319.24
3357629.75 65050.78
3357667.50 65313.80
3357600.75 65006.52
3357689.25 65134.11
3357531.00 65308.83
3357767.00 65031.77
3357691.00 65186.26
3357642.00 65147.53
3357764.00 65107.07
3357516.50 65131.61
3357535.75 65082.83
3357777.75 65014.05
3357764.00 65046.14
3357741.75 65082.30
3357474.50 65142.15
3357605.00 65308.95
3357521.25 65247.34
3357471.00 65036.09
3357477.00 65159.94
3357640.25 65097.44
3357665.50 65103.06
3357632.00 65220.45
3357655.75 65035.67
3357474.75 65115.48
3357787.50 65034.20
3357747.25 65043.37
3357673.50 65239.68
3357649.75 65093.35
3357586.75 65011.79
3357745.75 65188.73
3357666.00 65027.67
3357475.50 65052.21
3357569.00 65085.61
3357689.50 65165.09
3357731.50 65283.52
3357645.25 65003.36
3357655.50 65298.46
3357702.25 65155.29
3357625.00 65177.25
3357481.25 65016.06
3357635.00 65313.63
3357776.75 65285.55
3357639.75 65089.77
3357628.25 65326.32
3357491.75 65066.48
3357785.25 65263.29
3357728.25 65318.85
3357712.00 65175.96
3357612.25 65129.19
3357697.25 65038.80
3357482.50 65153.66
3357474.75 65297.08
3357558.00 65150.47
3357671.75 65180.38
3357631.25 65267.09
3357464.25 65194.61
3357663.00 65285.29
3357701.00 65324.17
3357480.25 65233.81
3357632.00 65057.37
3357561.75 65044.22
3357784.75 65286.53
3357474.25 65021.53
3357774.00 65088.62
3357542.25 65132.71
3357656.75 65234.27
3357702.75 65212.35
3357522.25 65205.25
3357481.00 65071.64
3357695.50 65240.44
3357594.75 65299.18
3357524.00 65105.63
3357623.75 65118.54
3357749.25 65208.90
3357783.00 65299.73
3357548.25 65033.79
3357603.00 65280.76
3357474.75 65167.35
3357586.50 65117.86
3357746.25 65273.78
3357628.00 65024.90
3357536.25 65273.80
3357613.00 65256.48
3357496.25 65029.69
3357584.25 65320.93
3357734.00 65208.51
3357650.50 65277.77
3357729.50 65278.79
3357648.50 65156.81
3357628.50 65245.42
3357712.75 65253.37
3357561.25 65111.96
3357472.75 65302.91
3357700.75 65070.62
3357652.75 65289.53
3357682.50 65324.16
3357535.25 65236.23
3357764.50 65263.40
3357632.75 65093.17
3357730.00 65164.42
3357750.25 65020.67
3357552.75 65213.64
3357493.25 65217.34
3357464.00 65025.21
3357592.25 65262.26
3357506.75 65012.37
3357633.00 65070.80
3357497.00 65240.46
3357734.75 65139.23
3357476.25 65089.54
3357475.00 65228.45
3357606.00 65252.31
3357635.50 65060.55
3357593.00 65237.40
3357741.00 65195.13
3357542.25 65112.54
3357586.25 65105.66
3357706.50 65313.17
3357688.25 65142.60
3357718.00 65058.89
3357688.75 65143.46
3357684.50 65327.43
3357465.75 65066.03
3357478.75 65132.32
3357693.50 65320.03
3357586.25 65245.63
3357726.00 65292.15
3357509.25 65162.97
3357697.00 65276.49
3357716.50 65158.42
3357476.25 65062.28
3357532.00 65124.71
3357732.25 65046.37
3357572.00 65165.12
3357705.25 65088.51
3357485.75 65202.95
3357567.25 65010.73
3357612.75 65298.20
3357676.75 65235.61
3357598.25 65248.09
3357688.00 65238.99
3357637.25 65161.05
3357655.25 65193.02
3357681.25 65253.01
3357538.25 65198.38
3357653.00 65245.12
3357575.25 65187.83
3357612.75 65216.04
3357569.75 65142.73
3357641.50 65011.15
3357556.25 65100.29
3357696.75 65044.99
3357564.00 65248.46
3357531.25 65271.32
3357635.50 65258.67
3357590.00 65157.47
