318.65 500091.91
106.17 500182.00
157.38 500076.88
237.86 500152.50
222.31 500009.59
214.01 500103.12
178.51 500087.97
59.29 500234.50
74.19 500018.38
282.34 500301.56
243.04 500168.88
95.19 500244.62
106.29 500124.88
149.13 500051.16
267.67 500145.84
171.73 500168.09
6.05 500044.50
75.79 500018.03
129.44 500005.00
167.93 500200.09
18.37 500154.75
180.08 500029.34
132.97 500129.19
288.30 500255.84
122.61 500032.53
237.71 500324.00
207.86 500101.12
65.67 500012.56
233.49 500144.78
180.28 500058.94
130.14 500005.12
26.56 500139.75
115.42 500139.81
306.47 500279.88
112.40 500295.31
120.54 500129.50
320.66 500292.28
223.46 500215.78
124.03 500230.25
156.74 500263.81
219.43 500204.22
123.14 500003.97
235.61 500116.56
281.30 500182.34
3.12 500004.12
133.11 500015.62
21.09 500153.38
185.04 500276.34
107.00 500112.97
36.35 500058.16
294.81 500136.38
318.17 500010.56
18.53 500231.53
14.95 500093.56
301.85 500022.53
196.87 500054.31
75.78 500171.22
123.98 500178.03
192.30 500043.78
27.59 500030.22
29.98 500234.19
134.08 500279.03
259.64 500042.84
78.60 500071.72
270.46 500159.94
70.33 500296.97
220.12 500324.47
92.42 500292.00
141.51 500242.66
136.71 500291.91
171.46 500089.84
50.04 500129.88
232.22 500032.22
26.23 500259.38
281.84 500008.25
320.62 500194.34
119.90 500188.66
238.01 500111.38
192.10 500078.09
213.87 500053.91
86.53 500282.03
158.55 500189.38
97.36 500314.31
177.77 500163.00
254.79 500073.62
116.18 500016.62
231.19 500002.16
105.12 500061.12
92.66 500018.97
199.58 500203.97
63.04 500104.78
302.55 500053.38
252.80 500009.69
100.33 500300.50
158.07 500305.25
206.63 500146.84
193.05 500286.06
307.19 500126.44
145.82 500185.41
90.14 500174.72
97.66 500260.75
64.49 500327.06
6.56 500281.81
187.81 500125.25
218.14 500168.66
286.65 500182.69
87.98 500069.81
190.74 500020.19
255.01 500300.25
287.83 500211.06
179.73 500084.44
92.47 500325.69
91.21 500111.97
123.04 500059.00
267.33 500314.12
92.97 500274.09
238.83 500162.91
21.06 500203.66
16.36 500109.66
215.94 500322.97
33.08 500323.91
186.09 500253.91
263.61 500264.34
294.71 500231.19
126.93 500158.00
312.61 500077.94
289.45 500055.72
326.83 500289.03
111.65 500160.47
124.25 500152.91
46.30 500063.12
214.18 500131.59
110.39 500255.00
281.34 500152.84
134.27 500274.31
199.51 500050.84
118.98 500132.84
52.54 500035.62
179.46 500035.66
33.11 500218.59
43.03 500124.47
270.42 500023.50
202.22 500173.12
146.59 500114.41
103.74 500310.03
101.96 500133.62
60.41 500075.03
246.18 500124.28
301.54 500162.12
86.05 500240.56
244.22 500222.84
240.68 500067.34
248.40 500032.00
296.65 500016.19
90.64 500011.06
227.44 500221.22
24.20 500218.97
185.34 500057.41
298.58 500032.16
191.51 500258.22
90.92 500244.56
103.28 500269.47
242.21 500306.44
73.51 500025.03
264.83 500297.75
242.64 500092.53
240.37 500027.03
206.09 500199.12
40.31 500263.38
274.32 500243.78
262.52 500131.72
152.99 500201.38
265.39 500266.16
9.77 500076.72
313.97 500180.88
210.47 500245.06
270.70 500108.78
103.65 500060.62
206.82 500027.75
0.58 500313.28
282.26 500225.50
176.13 500204.78
27.11 500055.59
54.54 500324.06
270.78 500219.06
252.85 500326.06
315.33 500308.16
160.25 500172.59
152.61 500223.94
279.79 500193.47
321.76 500153.31
44.51 500306.00
31.65 500180.56
6.83 500205.44
234.97 500117.22
96.28 500208.94
154.56 500297.47
222.94 500305.44
174.45 500318.84
164.68 500043.44
251.58 500079.59
100.14 500085.88
207.24 500092.41
36.48 500199.59
228.97 500183.22
149.08 500079.47
77.87 500108.34
282.20 500068.00
247.12 500215.50
300.26 500306.53
289.94 500111.50
193.95 500293.84
184.21 500015.78
320.09 500009.91
279.58 500141.03
24.25 500320.59
123.91 500158.69
267.81 500216.41
234.32 500316.59
316.50 500070.62
228.64 500040.44
10.36 500276.84
3.81 500174.03
293.52 500192.31
326.16 500102.28
88.98 500181.59
17.56 500171.97
219.13 500218.03
192.40 500326.47
5.28 500131.75
277.63 500126.38
196.22 500203.88
203.04 500247.75
152.72 500315.22
47.55 500143.62
316.54 500280.47
59.86 500152.78
184.67 500232.09
203.67 500120.03
196.00 500080.56
179.57 500190.47
44.76 500191.00
56.96 500101.59
189.49 500010.34
174.42 500014.88
55.22 500061.06
113.96 500193.06
25.00 500103.66
322.98 500271.38
63.13 500194.81
291.14 500016.50
100.35 500064.38
132.62 500027.53
266.01 500262.09
136.40 500013.03
199.33 500168.69
219.90 500307.28
112.30 500254.88
74.46 500000.31
214.86 500078.56
299.63 500293.25
191.91 500058.47
71.84 500228.53
257.85 500153.78
164.12 500287.19
235.59 500210.50
308.87 500019.75
151.55 500019.62
47.97 500288.09
104.39 500243.41
254.25 500216.59
277.65 500288.47
50.75 500085.50
164.65 500180.66
74.29 500264.97
169.58 500226.25
256.10 500213.19
65.66 500271.88
117.11 500089.50
95.83 500211.56
236.31 500158.38
179.62 500277.25
110.10 500207.28
62.85 500139.19
236.38 500052.69
133.47 500267.62
36.65 500080.56
169.62 500322.84
105.17 500274.00
3.18 500318.47
3357531.25 65278.68
3357480.50 65308.26
3357694.00 65270.12
3357698.50 65081.15
3357686.25 65257.29
3357603.25 65185.56
3357700.75 65208.81
3357776.50 65197.35
3357502.50 65274.43
3357634.75 65139.66
3357779.75 65210.95
3357520.25 65313.69
3357744.25 65234.77
3357494.00 65205.94
3357467.50 65116.32
3357473.25 65250.48
3357549.50 65049.24
3357613.00 65230.57
3357729.00 65109.58
3357676.75 65064.36
3357517.00 65199.55
3357572.25 65035.58
3357511.75 65240.20
3357471.50 65315.86
3357595.00 65213.68
3357723.75 65116.46
3357552.75 65147.30
3357634.25 65247.96
3357628.75 65295.33
3357580.75 65250.87
3357670.75 65299.97
3357639.75 65101.59
3357624.00 65209.04
3357523.25 65278.06
3357703.75 65165.56
3357551.25 65031.47
3357722.00 65008.51
3357596.25 65100.23
3357506.25 65187.33
3357658.00 65209.83
3357560.75 65314.36
3357659.50 65216.25
3357641.25 65034.62
3357499.25 65151.78
3357643.75 65175.26
3357578.00 65166.47
3357492.00 65007.08
3357549.75 65211.70
3357472.75 65049.02
3357781.75 65131.44
3357675.50 65022.15
3357668.75 65007.53
3357652.25 65073.36
3357572.75 65114.00
3357580.00 65118.12
3357559.00 65326.68
3357777.25 65179.76
3357730.50 65309.17
3357533.25 65178.90
3357590.00 65321.55
3357637.25 65084.57
3357592.50 65040.51
3357733.00 65191.33
3357700.50 65152.75
3357478.50 65140.17
3357740.50 65178.01
3357546.75 65051.90
3357649.00 65232.62
3357653.00 65097.22
3357491.00 65190.25
3357474.50 65233.61
3357636.00 65018.18
3357650.25 65037.78
3357663.25 65316.59
3357546.75 65036.22
3357653.75 65285.66
3357467.50 65202.52
3357496.25 65011.95
3357731.25 65301.13
3357535.00 65039.36
3357707.25 65039.66
3357499.25 65200.87
3357723.00 65105.14
3357695.00 65178.82
3357751.00 65080.17
3357760.25 65165.86
3357761.25 65212.61
3357623.75 65161.84
3357577.75 65085.65
3357603.00 65211.07
3357518.25 65178.83
3357694.50 65115.24
3357658.50 65022.34
3357580.75 65270.94
3357653.00 65245.67
3357735.50 65201.23
3357579.25 65257.03
3357577.25 65034.34
3357472.00 65165.30
3357610.75 65188.61
3357656.25 65319.26
3357571.75 65256.58
3357547.00 65194.71
3357513.50 65211.84
3357641.00 65162.14
3357788.00 65016.37
3357786.25 65001.36
3357643.75 65096.45
3357761.25 65317.20
3357574.75 65075.82
3357512.25 65067.27
3357601.25 65200.02
3357508.50 65288.03
3357603.25 65219.32
3357547.25 65021.26
3357784.00 65164.14
3357744.50 65097.76
3357518.75 65074.03
3357751.50 65124.95
3357551.75 65165.04
3357603.75 65075.35
3357564.75 65135.13
3357552.00 65014.61
3357689.75 65075.13
3357664.75 65191.20
3357626.00 65046.81
3357495.50 65269.06
3357671.25 65140.13
3357591.25 65253.06
3357625.50 65037.16
3357564.50 65250.38
3357547.50 65222.63
3357745.50 65306.64
3357632.00 65264.03
3357501.75 65081.50
3357586.00 65233.38
3357567.25 65257.99
3357683.25 65038.14
3357502.50 65207.14
3357621.00 65112.16
3357596.25 65028.41
3357647.50 65200.00
3357637.00 65176.54
3357757.00 65013.34
3357606.75 65241.81
3357784.50 65131.13
3357642.50 65252.43
3357473.25 65040.94
3357728.25 65167.73
3357706.50 65212.91
3357738.25 65275.63
3357719.50 65188.44
3357643.25 65129.02
3357674.75 65230.45
3357515.00 65045.28
3357481.75 65155.77
3357465.25 65182.19
3357644.00 65274.99
3357489.00 65231.42
3357598.25 65026.44
3357671.75 65313.23
3357657.75 65212.68
3357745.75 65215.64
3357733.50 65166.36
3357770.50 65182.87
3357629.00 65013.55
3357608.25 65068.71
3357656.50 65016.87
3357626.25 65059.73
3357490.50 65285.26
3357641.00 65111.50
3357573.00 65041.58
3357518.75 65319.83
3357712.75 65062.58
3357760.75 65025.43
3357518.75 65273.58
3357585.50 65167.88
3357570.25 65044.45
3357685.00 65133.69
3357774.25 65050.48
