50 199 1 50
1 43 10 14
1 3 16 8
1 19 21 5
1 24 4 42
2 3 15 45
2 19 38 17
2 35 42 36
2 16 8 17
3 23 13 41
3 4 24 8
3 43 15 38
3 48 25 44
4 41 1 7
4 8 25 2
4 30 1 38
4 32 38 35
5 28 11 34
5 30 47 32
5 49 12 34
5 15 5 38
6 25 44 25
6 29 47 34
6 17 1 35
6 49 38 37
7 10 8 45
7 39 29 43
7 34 15 5
7 31 14 43
8 8 14 27
8 48 9 8
8 14 9 29
8 25 14 8
9 30 37 37
9 4 4 3
9 6 39 40
9 19 30 22
10 37 25 17
10 41 41 7
10 5 4 3
10 10 33 12
11 28 13 18
11 42 16 16
11 33 34 45
11 16 24 15
12 38 37 28
12 36 21 27
12 30 44 33
12 6 24 20
13 6 3 27
13 33 4 46
13 42 34 46
13 14 35 36
14 25 33 8
14 12 47 18
14 17 49 16
14 3 5 43
15 28 35 5
15 33 1 16
15 45 27 17
15 22 45 18
16 18 24 4
16 42 38 9
16 46 25 7
16 44 20 11
17 40 29 6
17 31 46 27
17 16 22 12
17 10 34 49
18 31 34 27
18 5 37 8
18 12 44 35
18 22 49 8
19 2 10 1
19 19 20 18
19 5 23 25
19 23 34 41
20 28 13 19
20 29 43 30
20 13 35 28
20 44 18 18
21 31 39 23
21 11 35 42
21 37 45 10
21 39 14 15
22 35 23 48
22 10 1 12
22 45 16 43
22 38 48 14
23 20 41 2
23 13 3 25
23 21 1 8
23 35 16 20
24 27 13 8
24 15 4 35
24 17 39 33
24 28 44 2
25 13 44 34
25 2 8 8
25 21 21 8
25 1 26 38
26 28 12 43
26 4 24 4
26 18 33 11
26 40 26 21
27 2 49 8
27 3 3 5
27 40 47 6
27 11 38 49
28 25 2 30
28 40 46 26
28 33 49 38
28 36 44 49
29 36 39 1
29 18 16 4
29 39 13 42
29 45 3 44
30 46 24 34
30 19 21 37
30 35 17 31
30 25 48 5
31 49 2 31
31 18 26 32
31 40 32 47
31 25 24 49
32 12 10 22
32 34 38 2
32 31 40 23
32 9 32 4
33 48 39 43
33 22 1 11
33 29 44 3
33 24 46 43
34 43 36 49
34 11 8 33
34 41 28 23
35 22 8 40
35 43 5 30
35 40 11 24
35 20 25 35
36 39 16 2
36 30 15 3
36 23 11 5
36 33 42 17
37 15 24 45
37 36 21 5
37 40 13 2
37 18 44 43
38 22 13 21
38 19 32 22
38 32 38 40
38 23 27 31
39 16 12 21
39 36 33 9
39 48 2 16
39 44 23 26
40 44 33 21
40 29 8 48
40 24 8 16
40 31 41 24
41 7 23 8
41 17 33 41
41 42 8 9
41 37 14 17
42 13 2 45
42 34 4 33
42 1 31 29
42 38 10 44
43 40 32 24
43 39 37 10
43 19 45 26
43 43 36 15
44 30 6 17
44 18 21 29
44 45 34 37
44 49 18 5
45 20 14 46
45 12 20 4
45 26 26 27
45 11 10 21
46 48 25 29
46 19 19 39
46 45 34 29
46 26 46 12
47 2 48 25
47 48 11 41
47 5 22 3
47 49 19 35
48 43 41 20
48 33 14 43
48 9 18 21
48 5 48 1
49 50 6 4
49 32 14 40
49 6 35 20
49 24 26 5
50 46 16 47
50 14 39 42
50 21 25 14
50 36 17 21
12 43 1 12
2 10 2147483647 5
1 10 1 5
2 5 2147483647 50
1 5 1 50
2 9 2147483647 8
1 9 1 8
2 8 2147483647 47
1 8 1 47
2 11 2147483647 17
1 11 1 17
2 12 5 0
3 12 0 0
3 2 2147483647 0
4 6 2147483647 18
1 6 1 18
4 11 2147483647 12
4 9 2147483647 14
4 12 3 0
4 2 2147483647 0
5 11 2147483647 46
5 12 1 0
5 2 2147483647 0
6 12 0 0
6 2 2147483647 0
7 12 0 0
7 2 2147483647 0
8 3 2147483647 31
1 3 1 31
8 12 1 0
8 2 2147483647 0
9 7 2147483647 31
1 7 1 31
9 8 2147483647 37
9 12 2 0
9 2 2147483647 0
10 4 2147483647 24
1 4 1 24
10 9 2147483647 28
10 12 2 0
10 2 2147483647 0
11 7 2147483647 5
11 12 1 0
11 2 2147483647 0

