19 13
6.3 34.42 24.97 96.93 53.04 37.74 66.09 37.62 92.73 13.56 12.5 88.45 107.84 
69.82 35.41 1.57 51.71 99.25 90.47 56.19 30.83 105.23 18.18 98.58 49.98 57.54 
16.38 32.8 51.98 55.87 60.09 8.76 48.81 89.59 60.48 21.47 40.27 27.22 1.59 
42.64 40.53 55.54 15.93 68.72 55.21 51.38 2.62 91.53 116.43 58.14 45.47 72.28 
36.35 38.67 111.59 80.94 77.09 37.27 73.73 53.86 30.05 90.99 59.72 51.21 94.33 
41.34 35.19 35.12 38.85 89.58 12.98 63.81 101.05 49.25 30.13 13.17 68.86 11.28 
15.27 23.63 24.07 47.59 50.73 114.42 8.4 17.59 89 20.09 69.34 117.85 75.74 
114.55 84.95 27.88 100.49 35.42 26.17 98.25 21.68 81.12 52.37 112.63 7.75 66.37 
93.84 66.84 103.89 40.69 4.74 95.89 83.95 45 19.09 85.24 82.56 48.02 52.23 
109.49 40.62 68.69 56.21 4.04 86.07 26.81 24.16 94.07 80.13 101.53 82.17 48.06 
56.95 65.09 39.1 28.5 35.44 23.8 74.98 113.64 14.4 75.58 80.17 50.21 58.8 
5.46 5.04 82.96 2.62 16.02 18.1 72.16 14.23 8.43 2.37 54.45 41.12 116.06 
68.14 50.41 89.91 83.95 81.34 57.38 63.35 78.52 42.6 10.71 50.38 49.58 9.39 
62.88 93.3 109.97 34.07 4.99 36.23 51.73 30.3 95.47 82.66 5.7 12.24 22.82 
15.1 22.21 56.31 76.25 77.71 80.07 64.31 17.17 87 87.74 0.13 69.07 72 
18.28 87.44 28.48 96.21 82.09 84.78 48.66 20.23 72.03 32.07 43.65 31.22 11.14 
52.12 58.01 21.5 6.89 42.89 110.37 72.54 105.23 78.3 58.42 8.36 38.46 24.47 
67.28 26.18 42.86 116.85 116.11 13.1 97.73 8.53 30.04 56.11 55.36 4.68 20.22 
2.96 10.45 23.76 71.65 16.28 60.65 67.21 62.38 58.69 89.81 72.92 56.03 94.29 
16 6
28.53 108.4 7.95 98.37 4.06 68.42 
45.59 54.95 7.73 95.25 7.96 106.43 
60.68 85.86 29.64 102.16 4.41 3.98 
27.99 5.06 38.8 26.88 18.83 72.75 
80.9 57.89 12.12 85.22 19.45 103.79 
96.56 100.16 104.31 1.16 20.38 101.75 
2.84 70.98 82.48 2.05 50.04 33.11 
45.24 46.3 53.01 89.1 113.55 2.72 
26.54 15.52 85.56 18.22 70.98 82.36 
1.22 66.46 19.06 4.13 18.63 17.31 
86.63 55.62 25.02 6.38 35.34 47.74 
57.36 41 34.64 58.32 17.68 40.91 
75.6 108.43 101.58 103.36 63.05 32.42 
4.59 79.39 97.81 20.56 67.5 7.46 
10.72 29 92.62 85.49 69.6 3.84 
41.59 36.4 47.57 85.33 24.04 34.79 
