9 1
37.34 
63.93 
11.63 
79.41 
28.46 
90.7 
64.88 
38.43 
60.72 
9 10
73.57 44.7 115.11 73.4 55.88 76.66 14.11 89.09 10.47 33.08 
11.54 73.55 97.18 6.26 77.54 78.58 28.83 89.02 42.15 58.2 
113.33 77.03 85.87 40.87 79.21 88.4 100.77 91.3 73.2 5.55 
94 88.28 81 14.04 108.51 104.4 36.72 9.41 23.7 52.82 
29.9 68.71 4.5 28.52 85.72 46.56 48.34 48.26 0.77 21.49 
40 13.98 98.7 30.5 88.34 97.95 48.3 58.03 51.45 41.56 
91.27 55.41 41.84 56.99 95.84 25.49 19.74 13.44 72.82 39.11 
56.3 56.43 48.66 76.04 41.61 76.43 88.49 2.62 81.52 114.29 
92.35 60.11 40.54 86.74 53.54 44.77 39.86 57.91 22.95 106.39 
