36 8
95.73 36.21 98.7 88.85 25.2 102.45 59.27 46.34 
23.03 102.47 32.68 83.63 41.7 41.95 37.96 65.16 
45.02 52.04 91.57 5.29 16.35 59.77 68.56 72.08 
104 79 63.25 12.46 95.24 28.36 61 77.13 
48.76 43.61 75.56 83.42 29.31 23.49 58.45 58.08 
81.25 6.65 108.33 39.79 9.28 101.66 90.65 73.98 
116.9 38.07 4.66 89.07 59.05 21 29.2 31.3 
38.22 59.84 34.14 104.25 8.5 32.04 72.73 101.65 
67.43 89.49 55.7 38.54 18.24 11.45 28.77 72.61 
27.26 60.54 44.74 21.31 43.21 7.09 90.54 57.04 
18.85 109.05 45.97 107.78 112.77 57.37 29.98 82.77 
52.15 42.85 48.08 62.69 6.82 70.13 4.9 57.79 
5.98 37.71 44.8 31.76 10.83 104.32 56.22 72 
88.48 84.25 70.54 26.9 84.96 82.11 52.99 50.16 
0.35 96.88 67.31 10.45 18.14 73.49 84.96 70.31 
53.53 98 16 0.86 3.59 24.95 82.79 86.01 
37.08 94.93 29.52 15.37 115.23 8.02 3.88 24.17 
23.68 4.64 15 86.95 7.21 95.18 85.53 101.39 
104.57 110.94 19.53 92.93 45.39 61.27 11.64 86 
85.21 35.4 39.52 102.51 1.51 75.79 60.17 36.55 
9.08 10.89 108.2 77.68 43.08 26.78 89.37 13.58 
28.06 117.73 107.75 1.23 73.27 46.35 60.17 112.92 
37.75 13.36 30.4 78.99 55.67 34.58 73.71 49.68 
22.72 99.61 95.91 58.4 52.43 43.52 110.62 60.61 
115.13 22.46 45.1 102.66 79.98 67.45 58.74 18.91 
25.23 52.91 8.36 112.21 84.64 49.36 6.39 90.84 
7.91 114.44 25.42 12.83 38.33 15.55 63.33 103.12 
47.4 104.62 25.42 115.71 61.53 45.99 80.55 19.16 
40.76 80.3 57.55 97.69 102.42 110.44 12.6 108.99 
112.87 71.12 39.1 112.4 89.07 42.84 98.53 0.77 
43.1 70.5 15.37 74.67 58.32 48.26 74.46 19.97 
81.61 23.88 107.63 67.58 35.84 52.3 0.19 113.12 
64.91 32.17 2.48 49.16 88.78 92.83 64.66 37.24 
25.38 68.01 17.51 92.63 52.9 0.03 39.39 16.52 
44.14 12.41 83.72 57.07 7.49 28.11 18.27 109.69 
91.15 55.6 13.09 92.92 57.96 27.19 18.28 30.87 
19 29
19.17 66.83 54.04 104.31 27.81 92.89 64.25 98.68 30.87 83.82 44.39 60.48 43.27 88.11 59.57 33.43 71.52 85.67 115.61 29.39 55.06 38.66 18.86 20.15 48.73 48.3 37.42 114.35 21.7 
49.37 88.54 67.65 83.56 56.19 115.09 59.47 69.44 105.4 37.06 50.06 107.36 69.55 115.64 44.34 49.99 7.09 37.02 32.27 36.9 94.41 32.63 69.37 17.92 9.07 34.34 27.96 43.07 96.99 
38.34 46.38 107.47 77.42 22.26 93.04 73.56 58.68 45.02 39.25 42.41 47.08 29.75 99.15 20.2 65.12 54.07 95.05 77.8 74.51 45.52 40.77 57.94 101.65 61.5 95.61 2.85 91.01 61.95 
47.62 15.32 53.62 82.37 49.88 19.11 75.05 40.99 52.99 31.42 82.18 7.53 14.83 36.06 85.8 27.38 71.4 34.6 64.84 50.28 23.99 41.15 0.99 26.83 14.2 23.03 78.41 55.99 37.57 
92.57 51.76 29.41 62.8 4.67 65.86 18.1 32.02 64.34 53.45 101.36 41.52 111.03 21.92 32.22 44.66 48.61 60.25 5.73 108.74 108.07 42.06 30.15 96.48 77.3 6.67 70.45 67.31 50.24 
1.1 11.85 109.06 95.36 90.14 91.21 72.32 4.98 11.77 70.98 13.62 52.96 22.34 32.74 76.1 1.61 27.13 67.26 91.17 91.36 4.67 61.98 66.86 8.46 1.85 60.43 62.47 87.99 35.2 
20.64 67.6 28.96 61.16 65.68 86.45 3.29 75.83 38.59 90.09 30.1 88.71 44.77 76.42 4.98 3.67 21.91 18.61 94.08 69.08 44.7 59.73 110.81 96.18 48.06 117.87 87.27 19.93 87.48 
34.19 28.13 42.47 40.06 42.02 51.89 9.71 36.66 4.1 110.27 74.03 85.48 27.1 113.83 41.14 93.74 88.13 32.53 70.59 36.75 34.74 91.25 59.13 24.85 8.28 1.25 52.09 107.98 82.39 
86.98 85.75 15.19 27.82 10.14 100.88 58.74 58.99 22.04 22.58 42.91 22.6 55.35 30.46 43.6 6.55 35 11.84 107.44 42.72 64.96 58.73 48.5 69.28 4.66 18.24 12.96 43.14 37.88 
7.55 87.78 71.1 32.42 49.79 20.08 94.14 94.21 71.65 23.83 84.03 59.46 97.65 42.1 88.54 15.43 21.07 108.4 87.68 11.76 4.63 50.96 74.13 44.7 25.62 45.5 16.83 10.19 25.47 
89.82 69.14 36.94 18.28 60.29 26.49 33.71 30.23 26.52 43.54 39.7 64.29 30.2 71.43 41.81 41.1 28.47 91.41 115.21 28.68 59.38 69.84 98.9 81.39 70.33 23.22 59.04 53.66 45.83 
62.06 41.3 47.22 18.77 104.8 12.24 20.52 36.42 50.49 90.33 97.96 87.15 101.39 25.84 42.41 45.46 95.97 11.09 44.88 98.18 60.71 34.2 60.92 112.48 95.21 69.86 20.64 33.11 80.52 
25.09 93.12 31.97 38.12 12.51 55.29 110.76 85.19 108.71 28.02 30.4 89.48 51.03 93.18 55.16 42.99 114.32 8.24 66.95 24.15 55.63 43.93 29.94 34.15 107.77 19.68 67.66 111.39 72.12 
51.99 105.83 90.75 4.79 92.77 68.81 94.61 94.31 92.12 84.3 59.04 52.45 79.41 8.32 0.62 7.95 97.5 30.02 32.24 78.62 27.8 82.79 52.62 47.72 31.26 58.38 18.77 81.74 15.01 
69.68 81.07 37.09 17.39 58.52 91.33 7.89 78.93 14.95 94.89 5.14 87.55 34.8 97.03 81.03 81.19 57.6 88.18 112.18 79.91 95.08 58 73.1 87.72 19.12 65.5 76.69 17.85 9.05 
69.88 82.81 24.84 30.67 34.79 34.17 12.82 104.53 36.26 44.64 37.45 47.44 9.1 8.15 3.1 28.94 15.75 13.21 56.37 59.38 3.54 50.11 80.05 16.24 65.77 55.56 28.73 67.84 27.31 
54.8 99.13 19.05 15.06 106.43 51.95 24.18 57.13 22.15 21.61 8 32.15 73.09 97.07 6.4 58.51 6.12 15.35 64.58 34.13 34.88 13.84 82.63 68.56 91.84 77.62 41.7 74.62 37 
5.17 83.94 114.73 46.01 60.79 26.07 31.52 17.94 111.35 100.84 90.83 45.08 111.5 2.79 89.56 78.14 83.66 89.34 112.87 0.83 43.9 19.21 51.64 4.76 13.71 28.97 30.17 81.76 5.01 
49.5 33.91 67.88 39.22 43.77 112.83 81.6 74.3 96.03 3.39 23.44 45.86 92.32 2.06 101.69 14.21 17.88 96.69 18.84 45.03 77.82 69.63 14.05 13.68 55.56 81.43 44.41 22.93 26.79 
