37 29
36.91 73.23 93.8 106.15 51.5 79.68 18.48 97.11 50.6 59.33 63.33 31.21 88.9 97.46 31.13 52.61 74.98 95.9 107.74 69.75 18.85 36.22 31.93 77.56 13.61 15.92 64.83 64.29 30.21 
47.17 61.49 88.78 106.75 7.6 12.47 108.44 0.54 11.07 35.52 116.16 117.58 13.91 63.96 87.25 20.33 115.89 45.41 58.88 79.76 46.06 71.46 53.64 14.17 91.47 4.11 11.83 51.32 31.53 
93.33 33.97 110.93 13.56 14.9 49.86 91.7 12.42 75.24 79.65 71.84 39.66 8.72 73.6 18.54 50.19 57.96 50.42 70.25 10.64 63.03 82.32 70.43 111.84 58.41 75.49 83.65 41.9 42.1 
47.86 11.18 56.52 58.06 77.35 99.99 75.1 64.13 99.87 57.85 89.42 110.25 0.93 49.89 15.07 65.42 49.62 27.93 69.56 30.14 21.9 108.65 44.01 9.15 75.43 86.98 84.54 55.95 84.45 
55.01 27.98 3.41 14.48 43.01 116.4 30.85 60.87 21.72 83.78 14.56 91.15 98.1 29.14 54.4 78.18 27.89 14.63 80.89 14.64 66.64 89.88 74.03 26.36 51.82 24.26 2.44 12.7 78.2 
16.33 68.54 32.18 77.25 51.22 96.09 37.45 22.12 90.82 74.28 75.73 38.44 53.89 23.22 2.3 82.48 1.03 83.97 21.43 80.06 82.04 84.95 105.43 3.37 114.96 76.92 77.21 72.09 80.08 
14.86 100.24 85.08 10.57 51.3 16.08 18.06 26.83 27.42 2.16 72.96 28.64 44.65 83.9 4.77 31.44 60.31 69.92 104.9 107.69 64.68 93.15 103.54 30.35 52.37 47.64 8.65 55.41 8.47 
45.98 113.1 30.46 67.58 106.76 96.38 51.13 2.83 18.02 1.09 58.71 78.61 38.24 19.15 82.61 116.68 115.14 84.03 106.79 14.63 1.51 10.01 109.96 75.3 7.23 94.5 70.99 7.13 8.26 
96.54 109.06 12.44 29.02 33.11 14.83 35.03 32.56 36.06 68.8 95.8 100.3 13.04 99.16 95.44 87.64 51.45 49.97 75.49 4.66 105.49 9.02 21.23 37.54 23.37 3.19 2.03 109.07 95.44 
93.07 101.45 5.53 58.19 105.62 79 85.07 78.09 46.23 103.2 56.94 77.21 58.18 60.55 12.66 34.21 92.1 90.88 35.24 112.49 94.22 24.62 48.47 36.41 75.24 107.38 112.76 108.64 69.95 
62.11 51.13 50.83 109.08 104.79 92.29 65.63 17.65 44.71 92.03 107.3 12.47 22.65 0.77 65.74 117.77 63.88 44.67 64.88 65.89 101.9 36.54 13.66 23.33 71 20.35 8.4 110.58 74.58 
52.19 20.32 53.96 17.87 91.01 69.49 110.53 98.19 15.68 29.03 52.23 38.21 47.22 52.65 81.7 91.51 99.91 110.43 16.88 53.69 94.29 86.38 27.9 43.95 59.33 38.86 24.15 10.97 102.16 
107.71 108.85 23.3 30.48 24.41 65.2 41.72 55.74 44.17 2.63 28.59 3.13 42.35 9.33 8.21 42.09 10.4 99.76 15.51 87.44 70.8 100.79 72.9 9.28 99.99 82.53 39.77 79.65 53.18 
86.09 116.3 32.58 86.57 69.26 50.5 47.22 7.03 41.46 8.13 49.84 58.34 88.97 50.19 94.36 108.42 80.44 103.83 65.21 96.79 9.52 86.92 46.11 30.28 31.53 63.52 6.55 100.63 103.53 
104.35 3.87 79.18 52.73 33.11 76.41 71.22 49.05 67.44 97.6 25.51 24.42 18.34 22.21 5.78 49.49 12.38 9.66 59.86 49.91 84.59 2.23 2.35 113.24 58.28 1.6 59.06 86.06 88.96 
82.09 64.24 61.67 0.53 74.26 113.54 81.18 106.33 94.2 24.53 97.12 8.25 28.12 58.64 41.65 32.59 42.27 36.25 80.5 63.52 2.31 83.79 93.61 28.44 42.64 53.99 10.52 6.32 40.54 
70.86 55.17 46.4 63.66 78.4 77.47 91.45 17.74 61.82 52.1 2.57 79.63 47.4 19.09 79.66 73.88 85.68 92.87 80.95 115.51 57.12 56 8.16 85.18 13.84 98.31 16.69 102.32 34.9 
53.31 5.42 9.15 18.87 16.9 111.39 69.15 2.04 14.44 42.45 41.48 105.02 80.65 34.54 41.5 51.01 45.32 52.93 72.61 86.42 45.67 78.83 105.54 9.51 65.02 80.45 30.76 103.44 40.94 
56.11 46.96 10.62 22.65 87.45 103.32 66.42 74.1 30.89 100.91 80.72 69.14 53.81 20.64 97 58.24 60.04 56.4 19.22 31.12 37.29 53.61 80.11 54.88 24.07 74.41 37.81 83.98 13.77 
26.52 108.17 93.98 12.49 19.71 13.97 18.87 19.6 81.5 49.69 53.17 106.31 32.05 29.99 115.82 21 74.61 10.1 110.76 58.23 18.98 21.21 73.22 34.15 68.16 112.82 90.5 88.61 60.33 
70.37 94.63 62.73 84.83 20.1 35.44 4.74 99.79 19.84 82.39 37.54 51.78 106.69 94.07 52.39 104.83 43.71 99.41 46.8 17.1 65.79 87.66 117.06 88.77 15.49 64.04 81.54 71.52 113.15 
55.72 81.08 63.9 16.59 57.77 72.86 69.34 67.83 22.2 89.82 41.25 9.33 75.64 46.95 38.84 21.88 72.89 46.68 12.9 48.13 22.9 47.15 50.42 93.08 33.91 26.51 98.97 45.87 84.69 
109.7 27.16 75.47 114.6 75.87 35.53 15.49 31.21 17.92 10.05 100.07 26.32 53.1 6.22 23.65 115.09 2.66 24.04 25.91 48.67 86.77 28.73 93.72 25.29 0.96 18.49 78.42 111.01 104.66 
3.3 110.83 11.98 6.43 103.9 86.35 89.4 85.44 32.4 42.76 12.85 117.95 10.48 5.02 32.1 63.69 14.98 44.9 112.87 14.12 62.27 87.59 117.9 42.99 73.27 28.68 2.31 15.34 62.2 
35.12 85.99 70.32 71.92 45.51 29.41 76.48 20.44 23.16 36.93 47.69 87.85 2.41 44.88 78.48 104.52 104.43 61.29 19.08 23.88 36.24 104.51 83.02 20.74 58.19 61.65 51.43 95.17 48.87 
12.03 63.33 55.67 15.95 65.76 26.03 26.41 32.71 89.85 44.81 2.16 65.11 65.16 87.2 79.6 54.45 83.23 74.7 59.26 25.11 108.95 43.55 109.76 72.43 104.58 103.27 63.63 90.81 13.51 
68.22 19.24 42.43 91.53 62.88 13.05 100.53 37.76 65.11 101.83 39.19 86.22 92.29 7.67 103.18 31.96 44.34 18.51 24.84 89.19 42.29 30.46 10.78 89.55 28.74 75.86 64.93 41.32 5.36 
114.71 37.75 66.61 66.58 21.43 61.84 8.31 7.49 48.37 80.26 66.94 74.56 76.33 39.08 47.43 82.37 17.58 81.58 56.06 64.2 9.58 48.25 29.42 58.93 104.17 69.61 74.19 27.75 29.26 
89.51 31.7 31.37 14.34 92.07 37.6 23.15 56.76 61.58 19.85 18.89 114.31 35.77 33.46 23.82 5.51 0.15 86.81 6.74 47.07 36.65 45.01 72.92 28.57 43.28 32.92 15.47 112.32 13.24 
106.11 70.69 65.78 5.91 80.01 14.26 70.55 54.35 3.99 114.95 3.71 68.78 61.35 19.43 27.44 60.77 78.33 109.1 51.78 1.78 34.33 50.64 80.61 17.85 10.28 105.43 40 27.59 77.08 
49.01 53.19 7.83 4.76 86.79 86.69 74.22 12.62 98.58 88.62 0.65 68.17 64.1 83.56 104.21 73.37 59.66 33.04 13.48 0.8 84.28 91.31 104.4 79.39 16.57 71.95 36.18 106.2 82.03 
76.21 77.78 65.63 97.24 103.99 36.73 86.51 34.98 61.08 37.19 1.54 19.77 79.11 60.23 17.05 41.76 21.67 51.65 1.83 108.74 4.26 41.34 44.27 113.35 107.02 60.74 9.99 44.97 62.14 
50.45 92.58 5.42 92.97 68.12 78.37 16.41 30.84 70.02 102.49 74.64 12.08 50.51 93.56 87.2 113.54 21.44 29.06 91.86 95.91 50.88 7.72 67 72.23 42.5 110.38 115.05 31.67 89.17 
52.61 24.1 87.84 85.25 16.47 52.4 34.82 23.52 29.76 92.37 67.54 13.01 25.77 93.52 30.68 93.93 25.73 56.79 114.67 53.48 85.18 13.05 35.5 25.64 21.34 42.08 101.35 112.71 99.26 
64.18 114.44 35.09 6 114.89 102.31 100.39 94.15 89.19 32.13 28.92 49.3 57.5 63.12 99.15 63.93 35.46 65.95 88.14 65.24 114.05 27.28 63.71 99.61 79.41 83.21 37.66 70.05 7.52 
16.97 33.11 106.6 109.61 108.6 91.53 28.34 16.42 54.41 68.78 3.02 50.68 33.3 83.88 88.53 8.44 45.57 37.69 109.1 44.72 94.73 26.48 51.56 35.38 14.04 78 103.02 83.72 51.2 
38.03 68.56 38.72 2.42 57.42 43.26 10.61 110.25 25.81 73.47 1.73 98.34 42.89 61.73 6.9 15.59 77.29 51.69 25.74 12.17 63.08 90.9 85.6 69.98 66.66 0.24 53.1 76.26 69.99 
17 24
41.73 63.14 54.96 11.67 104.92 85.8 15.69 80.9 20.9 31.99 74.28 52.78 3.53 88.27 50.1 57.58 36.68 9.69 110.72 43.2 47.47 42.54 3.85 86.83 
77.79 58.68 115.51 82.11 13.86 40.21 49.97 26.83 67.91 104.02 46.35 74.98 66 110.57 10.79 8.55 84.87 61.71 60.68 109.06 72.37 34.99 61.51 109.91 
25.01 98.65 9.88 43.84 113.65 67.17 50.67 33.19 9.7 82.2 43.3 47.54 68.06 28.61 9.56 2.26 105.24 53.7 91.57 7.11 68.49 45.53 27.73 48.71 
50.57 21.29 41.6 28.63 104.53 2.3 30.86 21.74 3.16 57.01 49.87 20.9 115.83 5.17 39.58 18.25 100.02 106.21 63.88 41.72 68.96 102.03 69.29 106.94 
26.33 87.56 74.12 68.79 2.14 2.01 64.17 54.31 100.87 99.4 110.39 60.19 39.65 69.9 74.9 22.05 8.84 24.29 103.71 56.93 46.4 79.27 66.02 112.58 
34.48 40.67 96.28 62.96 78.35 39.06 96.5 21.01 7.63 73.25 0.85 32.61 53.66 12.8 50.95 117.66 14.42 32.65 24.34 55.93 35.26 4.02 47.6 68.22 
68.5 68.34 76.1 47.64 76.71 40.66 93.3 102.55 12.32 38.89 77.5 14.42 35.62 25.52 9.75 44.4 69.97 69.15 28.36 88.15 51.37 84.84 49.19 85.8 
30.64 49.67 44.52 22.66 87.59 68.66 76.44 29.35 14.04 93.68 113.17 43.36 46.06 86.72 56.91 13.91 11.85 103.49 94.26 6.55 6.39 116.01 106.47 22.1 
0.67 74.54 56.27 54.8 28.87 15.9 92.12 45.18 76.42 32.43 83.33 3.76 109.42 96.37 91.46 92.97 72.85 63.74 77.65 12.99 64.37 61.3 114.21 46.48 
26.5 8.4 2.66 54.63 78.3 90.62 79.93 12.12 86.82 30.76 54.84 24.62 80.72 23.59 54.53 7.68 28.43 39.85 32.19 0.17 74.49 24.46 21.2 56.98 
15.4 2.05 8.41 27.32 1.15 57.38 1.75 63.18 64.82 84.92 83.47 79.93 98.57 4.93 54.98 24.32 54.29 29.78 26.08 47.16 87.41 63.65 6.76 106.58 
53.42 111.88 50.26 49.41 96.51 26.79 55.07 37.74 7.63 56.38 106.62 49.39 22.89 37.82 5.65 48.29 85.14 28.94 111.86 52.9 14.34 59.38 10.6 19.18 
37.06 52.9 3.71 116.92 55.72 92.33 70.34 85.53 84.63 72.4 39.69 15.91 87.77 68.02 67.03 63.3 86.25 80.55 15.12 52.46 55.66 4.95 56.53 94.87 
60.91 28.38 90.64 98.61 83.43 74.53 56.05 92.33 92.57 101.41 92.13 94.29 14.39 66.35 37.65 32.96 17.71 27.68 64.99 22.99 74.2 34.28 47.57 8.13 
93.38 105.3 116.56 20.05 86.51 0.53 70.86 89.7 98.7 107.82 41.73 63.63 8.21 28.41 63.03 41.42 83.67 52.22 20.73 85.91 79.44 8.28 40.95 40.68 
25.8 103.93 91.77 47.22 51.02 74.54 103.68 65.13 57 50.77 11.81 116.61 71.75 54.24 16.35 80.99 57.83 75.8 70.33 28.21 24.03 70.26 33.52 8.91 
59.08 117.29 22.65 116.99 47.46 32.81 93.02 73.27 87.46 54.39 50.88 49.08 48.02 75.93 26.91 63.92 59.14 14.01 41.54 83.77 54.96 90.86 95.19 67.64 
