39 34
38.97 82.66 90.15 37.4 28.66 92.01 36.31 51.94 49.66 94.54 71.5 54.42 70.93 106.23 7.91 25.42 43.17 77.44 2.86 49.83 53.13 107.86 61.47 47.58 82.61 62.49 112.59 39.29 92.42 37.89 83.2 35.21 16.14 45.99 
33.2 32.57 70.12 37.02 89.72 77.32 60.64 59.97 111.15 74.3 19.32 53.83 65.41 61.54 50.4 27.17 58.16 18.61 68.86 39.21 22.8 15.17 90.12 110.58 41.54 18.39 114.33 16.89 104.09 9.43 81.4 7.52 99.22 93.19 
0.87 71.05 95.6 19.92 25.72 49.1 13.85 6.06 102.2 105.72 4.15 108.65 13.25 92.74 81.49 40.71 51.21 6.06 32.69 38.78 42.91 20.67 19.31 16.28 82.58 16.99 73.38 89.66 67.88 25.11 38.47 28.36 3.46 3.33 
91.72 84.35 68.29 115.1 4.46 96.79 79.47 28.39 16.56 76.98 85.87 10.41 54.53 83.46 74.69 23.71 22.88 78.53 38.25 28.5 23.26 64.77 101.63 56.55 96.95 52.75 45.19 11.88 76.64 16.34 70.75 2.52 8.07 25.2 
49.88 73.61 48.86 71.39 19.73 104.69 30.35 82.07 82.66 66.09 1.27 116.7 50.51 86.47 65.99 11.13 29.58 28.01 86.81 1.15 33.51 106.59 107.62 25.22 4.43 10.06 49.79 40.81 32.26 6.62 112.58 103.67 15.81 27.51 
38.37 115.53 76.87 20.18 101.44 90.71 67.11 98.46 41.88 19.96 80.54 49.69 35.19 62.93 88.85 29.67 89.8 58.17 22.64 25.52 22.09 23.83 107.87 35.19 86.06 100.57 117.88 50.66 28.04 104.53 11.93 39.22 77.34 10.66 
31.77 42.1 59.99 38.98 76.9 23.75 11.16 94.62 50.61 36.42 76.29 22.84 26.11 29.84 86.13 11.67 50.07 31.11 56.01 87.3 85.24 22.22 3.04 91.52 79.06 83.38 42.86 17.89 84.59 104.32 77.57 64.35 39.33 50.07 
47.74 41.92 58.52 45.43 23.41 93.47 49.88 30.75 82.92 29.44 71.29 23.34 28.82 98.27 116.84 57.81 2.21 13.97 20.77 62.73 14.66 69.04 93.99 32.53 9.98 39.14 18.24 33.59 72.26 49.3 91.08 20.73 59.69 0.51 
115.94 64.13 78.28 46.79 109.54 87.44 11.7 98.91 35.44 82.6 83.91 32.36 7.95 6.46 44.12 82.46 25.55 10.77 24.3 103.6 33.16 14.57 54.97 44.21 43.56 69.41 58.97 67.27 27.86 27.77 22.02 60 52.3 58.03 
48.16 65.26 57.36 17.98 78.1 46.01 96.79 29.88 54.19 107.15 79.47 5.58 100.45 29.68 14.11 7.61 17.74 71.12 23.03 86.01 116.57 49.06 102.98 33.28 117.74 39.21 25.52 5.88 68.22 33.59 90.58 3.81 5.89 91.37 
82.51 97.56 23.17 35.17 14.7 13.62 60.88 1.92 64.7 58.4 86.4 99.15 111.15 88.74 102.16 98.66 0.41 46.36 13.13 12.56 47.78 72.92 56.94 58.13 70.26 65.83 79.66 57.8 73.88 73.7 27.66 109.05 13.76 69.35 
17.56 82.07 60.03 50.16 71.59 40.11 5.64 94.5 59.15 5.3 22.53 117.46 47.81 92.35 66.41 28.17 84.26 7.2 83.76 73.27 68.75 48.84 23.86 8.68 13.25 67.7 55.47 98.16 88.78 91 80.24 9.6 6.13 53.67 
84.83 89.02 83.67 75.6 16.97 75.17 98.74 100.92 83.62 113.67 8.68 117.8 40.83 51.38 116.09 22.09 102.18 48.41 8.38 42.93 83.19 21.27 33.2 20.36 89.12 89.46 10.94 77.73 85.38 117.93 114.68 87.54 98.59 12.91 
58.86 16.33 88.99 58.73 20.48 38.99 66.59 69.39 76.84 19.72 64.75 23.25 23.01 41.94 21.12 77.38 62.11 21.77 58.34 33.4 25.23 51.78 84.74 72.11 64.91 72.17 49.62 9.27 72.53 15.56 84.96 18.1 41.34 74.08 
48.67 82.52 42.9 58.17 110.75 80.56 33.77 64.63 24.26 66.11 110.05 47.11 60.5 1.67 105.66 47.16 2.8 32.97 29.67 31.23 70.75 95.47 1.2 53.38 26.02 103.67 91.29 58.21 80.79 37.02 13.33 30.05 96.96 32.27 
1.77 12.38 80.94 84.67 83.68 101.13 61.45 71.63 76.04 26.17 86.71 68 44.46 65.4 29 25.85 70.75 33.28 23.38 24.07 19.4 107.2 101.36 0.44 91.47 24.89 44.38 67 39.49 8.24 9.13 113.04 70.8 78.83 
25.79 109.33 2.18 98.27 102.37 81.21 75.76 42.42 84.65 10.61 76.02 103.19 47.07 102.32 25.96 75.44 63.69 9.69 47.48 6.91 1.99 104.01 69.12 100.99 52.54 51.2 30.87 82.43 52.47 76.95 53.55 49.99 86.12 76.42 
13.96 13.91 54.09 36.21 90.92 114.64 13.38 34.27 34.6 84.34 52.43 42.99 31.65 52.82 89.86 71.95 56.86 78.23 64.33 116.11 30.55 60.81 38.23 63.02 72.59 79.15 3.22 74.48 52.52 15.3 114.53 50.64 59.47 30.66 
53.33 106.8 113.46 8.66 81.06 28.31 111.84 26.82 113.18 14.18 51.11 65.84 105.97 84.64 61.31 85.69 15.73 6.21 44.99 28.31 26.54 56.34 43.48 102.42 103.33 117.12 9.79 59.81 16.8 29.9 56.2 44.93 20.77 35.4 
1.19 35.87 38.08 90.22 70.82 94.34 55.03 43.25 84.2 66.2 11.18 51.78 52.73 83.92 75.6 24.12 21.22 17.69 43.09 62.62 75.51 35.33 24.65 38.4 21.99 1.84 0.54 89.68 30.4 112.57 2.47 41.87 67.87 110.31 
1.97 67.38 32.01 7.4 38.74 71.26 88.34 40.17 32.83 28.62 0.06 77.33 102.92 32.06 22.61 65.11 87.65 72.82 2.68 64.81 36.45 4.93 78.01 48.34 103.18 2.59 64.38 42.21 103.43 115.4 100.13 36.26 38.03 41.69 
80.28 38.97 9.03 18.29 57.52 87.67 71.11 42.52 46.3 32.75 55.7 28.2 4.75 84.36 16.1 11.12 16.39 104.19 86.59 109.6 58.95 74.19 61.29 38.17 86.87 11.6 81.99 14.56 12.87 20.34 28.78 107.26 28.9 31.45 
22.27 111.11 22.34 2.92 0.33 41.46 50.25 11.18 3.62 68.81 25.14 115.49 65.24 9.86 23.8 16.57 64.96 57.71 0.53 15.22 96.59 71.43 82.65 56.62 17.81 66.95 58.89 15.05 40.52 94.35 9.6 78.35 50.51 44.53 
88.94 99.39 114.65 89.89 31.04 88.71 115.36 71.15 112.58 10.84 12.9 30.3 27.15 34.24 64.76 5.6 14 38.92 38.34 54.96 27.28 57.56 89.55 41.87 55.56 112.89 113.74 81.5 65.77 78.64 98.42 82.43 46.01 57.16 
27.01 93.81 51.25 2.52 81.2 75.89 82.65 103.04 44.18 32.19 111.05 76.86 54.81 35.96 11.2 84.97 56.56 84.19 17.68 27.83 115.51 80.62 40.15 47.94 79.72 54.05 87.26 64.38 60.03 87.3 72.87 115.62 6.24 10.44 
19.88 68.6 109.79 11.02 76.3 38.65 55.93 91.81 114.87 26.55 37.65 106.19 32.2 49.77 73.15 69.76 23.54 75.01 12.98 107.59 60.16 87.27 45.26 22.23 72.63 109.13 59 6.07 70.38 76.75 85.62 57.83 58.95 80.71 
10.42 19.61 100.31 23.54 89.87 88.01 25.73 3.92 101.11 73.69 35.67 47.57 23.12 117.83 5.3 59.4 20.6 65.15 81.68 60.51 25.97 100.13 50.22 39.16 55.65 66.04 2.29 92.16 62.93 112.28 71.59 18.41 31.7 79.35 
27.36 35.81 82.81 16.11 57.48 92 25.32 89.94 82.17 4.98 51.65 5.41 18.42 66.09 30.32 19.04 54.71 81.61 11.62 99.03 12.73 76.25 56.66 1.45 52.32 20.38 103.06 22.2 69.68 33.36 75.59 16.36 55.45 10.23 
51.14 40.7 8.05 61.26 17.13 23.07 6.47 1.18 3.1 85.44 17.47 38.31 111.04 40.4 110.15 36.79 31.44 64.75 8.95 37.93 62.31 103.03 86.7 69.61 4.79 67.61 42.14 82.63 37.65 81.45 51.39 99.49 24.33 49.85 
59.1 51.29 40.97 100.61 7.63 84.64 115.29 27.65 39.46 26.07 103.04 114.04 100.48 96.56 76.2 81.67 78.44 58.18 27.55 89.43 47.23 63.28 25.69 42.36 21.34 7.82 4.16 32.44 89.28 58.9 85.06 100.84 55.37 33.49 
15.97 109.76 58.91 89.8 36.52 116.67 6.71 94.47 76.22 59.45 6.38 85.69 31.77 61.96 54.45 11.12 71.7 91.4 30.32 95.45 4.5 92.86 16.66 32.26 55.03 12.86 17.45 97.72 1.44 39.8 80.98 59.65 25.6 26.44 
52.17 95.34 5.63 32.96 3.07 114.07 55.16 55.54 81.16 86.92 73.24 21.71 88.66 60.94 6.35 9.04 77.3 72.46 81.76 89 54.6 93.04 80.45 27.28 22.17 93.14 66.83 79.12 1.15 13.39 55.27 67.92 7.5 83.93 
64.91 6.59 89.35 88.53 84.42 50.54 116.34 7.92 87.48 80.9 61.16 20.31 108.77 22.79 42.67 26.94 44.51 96.26 99.73 50.74 96.03 59.28 37.53 9.65 115.63 22.96 64.86 55.79 45.1 102.83 20.56 72.8 73.8 95.41 
107.51 89.33 110.53 89.71 31.68 79.68 53.53 69.29 26.1 18.34 20.85 17.16 79.91 105.14 7.97 60.6 54.67 17.05 31.92 6.15 60.62 17.04 35.47 68.1 39.8 74.3 20.46 31.54 13.92 101.2 101.95 68.18 73.54 58.7 
61.04 14.03 84.85 4.06 42.56 117.59 2.06 15.94 47.22 91.66 116.7 68.54 87.84 58.23 48.81 27.09 61.7 71.87 72.37 57.33 107.47 82.13 24.7 24.22 14.13 8.39 12.04 33.27 22.42 19.84 33.18 72 93.15 115.53 
6.42 68.62 8.26 66.31 37.33 54.42 14.07 88.83 38.28 28.32 85.25 19.49 5.26 104.78 24.87 46.47 90.32 55.54 75.87 49.18 70.11 46.65 52.49 62.47 75.98 30.13 62.8 31.21 49.26 10.01 56.37 48.86 48.22 84.48 
22.83 95.88 79.29 33.25 3.62 0.92 28.83 12.22 90.58 96.66 47.55 79.45 16.93 26.68 115.91 36.6 78.43 83.59 20.26 74.37 90.25 31.2 41.03 38.84 31.87 63.62 69.98 4.66 82.53 25.12 79.29 15.4 79.89 83.87 
105.05 76.65 105.45 35.25 46.77 43.59 23.97 21.14 1.24 57.93 88.08 88.22 69.15 112.74 17.39 88.55 76.8 95.4 36.78 85.04 54.04 41.06 13.86 90.64 60.67 19.64 113.8 37.4 96.94 4.07 108.29 103.43 56.15 114.32 
22.4 24.09 60.75 88.75 15.73 73.95 36.69 70.48 98.8 10.87 63.6 90.47 31.49 18.47 12.78 99.1 31.13 6.83 115.13 105.75 40.81 84.3 16.33 99.1 20.67 45.16 29.68 31.82 102.65 108.22 48.16 91.05 2 41.13 
34 17
78.69 62.56 117.97 83.43 112.88 64.45 66.11 112.23 89.26 23.29 76.68 77.35 48.98 43.07 63.93 61.46 53.6 
67.89 14.44 0.95 21.26 52.22 13.3 35.56 5.43 64.1 43.11 111.08 75.78 73.76 80.52 37.42 55.44 42.69 
55.54 0.31 83.47 65.81 92.71 14.77 41.75 41.78 62.04 37.11 86 105.36 12.73 60.06 19.96 50.55 44.14 
114.59 105.08 94.11 49.5 26.85 48.28 27.13 59.04 57.78 111.89 62.04 101.18 73.96 77.8 15.89 96.3 53.67 
101.71 33.14 12.72 49.79 68.16 63.93 28.13 65.81 66.19 96.93 31.31 51.99 38.74 66.27 20.04 83.81 110.88 
93.71 5.81 25.51 30.28 65.57 104.81 65.63 90.16 43.06 42.16 89.01 54.68 48.61 71.2 59.26 42.7 69.01 
7.01 31.55 85.83 65.61 63.96 17.3 77.86 97.06 69.09 9.68 91.28 55.9 96.15 0.57 68.1 44.61 75.12 
46.97 105.04 10.18 100.94 74.53 89.42 20.31 15 13.28 66.21 61.47 37.95 4.89 37.55 45.36 30.69 58.66 
65.3 47.54 92.31 35.57 19.66 46.06 6.7 84.49 67.76 90.53 10.5 37.23 26.19 90.09 1.11 102.3 72.64 
31.66 24.04 39.53 64.12 15.28 49.77 100.8 113.94 26.28 31.3 37.83 80.35 114.5 75.45 1.96 55.53 35.28 
78.31 4.71 46.23 7.64 62.64 69.4 68.53 30.08 81.92 106.32 107.25 51.15 115.14 1.15 34.99 63.16 103.86 
75.12 15.07 81.17 68.79 11.16 108.29 45.09 11.44 19.14 67.19 14.74 25.2 16.62 1.71 40.31 83.23 7.25 
4.52 50.84 7.41 1.62 89.05 60.64 3.62 82.75 99.34 2.78 89.69 20.81 2.84 50.07 9.81 74.9 107.39 
66.88 4.63 2.25 51.83 74.12 112.63 34.66 5.8 53.46 101.79 30.05 71.81 7.26 1.02 101.88 50.15 79.4 
53.64 84.74 20.98 105.59 62.21 53.62 46.52 78.04 105.92 53.86 26.4 27.96 31.06 91.92 80.5 10 9.76 
26.27 12.95 55.44 26.82 67.34 29.26 45.04 91.6 83.27 106.62 23.65 70.41 73.66 4.72 55.09 57.62 84.88 
44.1 7.72 89.39 42.07 65.53 61.32 27.5 53.8 64.72 44.63 28.22 23.64 100.53 71.49 63.56 69.99 60.51 
74.01 0.44 23.56 1.95 45.24 27.29 3.31 39.09 18.52 48.84 37.84 37.49 10.39 69.15 26.14 90.06 94.13 
64.58 47.4 83.42 43.73 56.04 61.41 51 28.37 74.92 6.04 64.87 63.67 102.97 24.16 54.24 82.66 34.61 
113.54 96.91 23.53 69.75 44.72 65.04 90.11 103.86 72.09 89.05 101.14 109.33 58.91 38.28 8.7 102.31 57.67 
47.22 56.43 75.73 21.45 10.61 103.02 52.25 19.51 87.95 13.89 101.5 23.8 102.96 32.72 15.87 11.53 35.16 
111.71 9.75 91.09 39.38 33.86 52.37 85.85 67.27 16.54 104.11 1.51 43.7 62.91 58.12 37.1 68.3 83.25 
46.26 31.28 61.05 89.61 54.33 85.88 68.17 72.88 69.27 107.88 41.05 71.08 110.19 102.32 108.76 27.63 55.02 
34.22 79.86 50.4 17.09 95.34 97.09 14.82 42.37 87.21 13.1 3.03 14.34 3.96 41.99 87.04 81.98 13.19 
84.33 31.08 74.37 32.44 68.24 42.71 65.58 22.29 43.65 68.14 106.55 116.72 78.67 58.21 108.45 89.23 68.75 
63.91 45.05 66.59 61.03 5.58 67.58 99.26 49.69 6.93 44.05 44.34 80.67 88.72 32.44 3.09 54.62 60.5 
70 55.59 52.87 84.84 29.37 72.26 37.78 10.83 20.72 24.06 93.59 115.32 70.57 21.19 98.45 23.41 43.44 
46.03 32.31 48.14 71.1 38.79 73.89 94 14.02 49.78 27.95 35.52 71.43 58.88 38.22 34.48 93.9 104.51 
59.45 77.41 66.78 86.59 55.22 16.32 95.23 57.42 33.51 116.26 100.79 75.43 91.19 47.13 40.82 82.6 77.78 
10.13 46.17 73.29 32.94 46.11 109.48 18.57 36.17 50.77 68.99 102.35 75.62 57.91 32.49 78.16 0.96 74.6 
110.86 73.04 89.32 82.27 77.62 33.02 34.39 101.67 2.11 73.58 87.67 29.51 95.46 43.29 35.64 26.91 48.99 
77.14 5.21 76.71 73.33 108.49 94.33 92.45 62.39 77.25 116.12 63.43 76.95 61.3 33.81 56.94 52.22 100.31 
28.5 74.21 21.21 4.49 29.9 91.21 72.41 81.54 37.47 46.83 46.73 7.27 39.05 29.57 1.62 12.02 69.57 
31.1 45.95 46.71 67.02 5.9 99.15 40.98 30.48 87.62 42.52 48.44 19.28 63.02 54.06 23.07 24.06 65.87 
