14 8
34.47 18.52 3.35 57.24 90.65 9.39 0.29 57.9 
85.33 15.76 44.75 24.39 116.4 71.69 65.58 57.8 
25.23 82.77 5.88 56.87 8.2 10.27 1.3 114.17 
14.36 16.3 70.34 69.02 110.36 38.01 9.62 102.01 
70.28 23.37 45.25 50.17 33.2 32.88 78.14 24.24 
103.87 22.53 93.12 46.08 110.02 74.08 53.3 27.32 
29.3 88.16 81.59 51.82 54.82 99.18 22.98 91.21 
26.26 95.99 29.48 36.14 2.82 36.32 66.22 35.26 
76.51 78.69 63.13 46.93 50.93 81.81 9.63 10.78 
19.24 19.65 105.73 81.45 54.64 61.85 71.41 51.49 
99.97 79.75 111.52 51.45 116.52 40.63 97.03 45.36 
7.87 14.78 60.38 101.99 45.7 79.05 10.18 113.96 
3.82 74.12 38.01 42.02 32.58 86.07 34.3 49.89 
39.68 40.7 50.07 21.28 33.25 38.63 59.18 66.71 
14 8
27.23 55.37 27.74 99.32 36.04 16.95 89.6 104.94 
35.23 37.58 90.12 39.46 81.35 27 1.31 49.93 
100.64 13.84 33.25 2.41 88.89 59.29 21.88 8.62 
96.02 106.89 19.09 87.6 33.45 65.44 105.77 98.41 
14.31 73.45 11.52 15.7 110.52 37.13 103.05 10.67 
14.93 69.87 100.81 105.25 86.15 70.42 49.85 106.43 
6.76 95.38 116.25 63.03 43.29 39.13 86.25 114.93 
103.79 78.86 60.06 69.04 9.55 30.91 94.32 50 
54.01 73.08 24.18 94.43 25.8 9.74 25.53 12.55 
39.37 16.73 50.75 71.63 0.2 97.96 80.12 22.5 
54.82 49.48 12.88 54.97 28.29 6.68 28.06 21.21 
83.31 41.99 41.6 14.41 80.36 67.74 73 99.24 
67.66 110.96 17.64 50.59 36.79 78.07 20.18 109.81 
62.15 7.59 105.62 62 33.64 45.76 76.87 82.78 
