10 15
95.72 64.98 112.81 5.79 94.11 90.6 95.33 89.85 111.95 7.84 83.57 113.18 53.97 109.63 35.54 
18.06 23.39 108.17 35.18 9.75 44.98 58.37 85.87 89.67 19.32 117.8 28.02 4.18 107.54 47.55 
5.47 60.09 37.66 52.09 2.9 90.98 100.36 46.41 17.75 17.14 83.25 75.85 95.94 54.24 2.05 
26.25 28.05 14.89 80.82 77.26 17.08 73.01 64.63 91.04 16.58 75.08 78.16 28.73 36.87 68.29 
108.65 112.84 97.58 61.05 116.83 114.73 14.99 101.58 33.56 23.39 76.45 49.74 17.7 8.2 74.84 
66.19 87.28 42.48 76.67 103.1 68.02 63.44 55.38 102.39 54.96 107.33 99.74 1.36 90.28 110.62 
31.61 29.22 29.8 25.91 52.31 27.82 65.72 61.52 31.69 12.28 25.21 103.09 69.8 35.89 45.84 
71.55 102 91.17 27.77 102.92 114.42 67.18 84.48 34.57 106.11 36.72 84.29 49.54 91.97 25.17 
74.32 35.44 42.5 75.14 70.14 71.05 69.16 20.09 9.42 84.89 29.75 14.81 80.43 88.56 93.07 
60.32 48.07 51.24 11.87 91.34 31.61 5.46 69.93 46.11 83.86 53.56 114.06 97.21 42.99 14.56 
19 15
47.42 3.28 35.87 86.52 14.81 18.04 15.59 32.74 71.55 105.61 40.01 58.51 13.78 16.52 66.5 
11.21 74 24.72 34.4 101.5 63.66 42.87 50.82 8.7 5.67 17.09 65.49 14.05 49.05 109.53 
105.29 23 91.66 86.97 6.9 16.51 20.96 53.62 29.68 61.18 46.51 35.23 4.13 47.39 50.78 
64.54 89.25 92.31 14.76 7.51 34.28 32.11 15.09 7.15 15.95 15.89 50.33 34.9 53.41 74.74 
3.57 71.47 76.1 89.45 90.55 35.02 31.2 21.56 94.16 47.11 9.1 22.24 3.34 116.37 101.17 
115.11 82.05 1.08 99.16 74.79 87.69 71.18 88.35 36.98 18.45 1.89 37.84 102.78 23.73 89.46 
2.63 75.76 61.67 54.32 12.37 31.56 110.57 58.76 55.11 3.12 48.28 8.68 56.83 95.63 74.88 
71.36 40.65 22.32 16.18 50.54 107.6 58 76.64 68.41 91.51 66.53 2.02 101.94 105.57 3.64 
45.36 36.01 62.74 43.27 82.47 25.26 80.84 112.77 72.34 45.19 27.49 0.63 17.63 90.48 74.42 
81.17 52.18 45.3 45.6 113.35 82.2 28.23 56.27 23.78 0.01 91.26 59.18 13.21 82.73 50.99 
112.2 55.89 88.83 60.83 5.46 49.73 87.46 14.36 63.47 33.32 65.65 81.76 69.25 99.87 10.14 
113.49 11.76 106.89 105.16 17.02 39.07 70.8 55.07 61.02 39.47 72.49 45.4 12.87 60.83 64.43 
55.23 62.38 103.4 33.78 48.36 39.62 10.6 30.61 38.18 61.95 0.27 31.31 48.23 10.65 15.12 
52.54 26.49 79.65 62.98 38.93 100.94 60.44 38.29 30.34 30.22 76.34 81.83 16.24 32.26 37.45 
24.08 34.62 47.21 44.64 2.43 66.07 52.65 87.49 89.74 33.05 84.86 8.94 4.74 82.94 28.97 
31.43 3.64 63.43 85.37 1.13 116.53 71.59 75.81 4.17 49.22 68.54 29.36 11.88 71.84 113.36 
106.24 58.62 9.68 85.84 47.36 60.88 55.9 58.59 45.61 100.62 86.29 97.79 81.77 99.46 29.09 
46.93 15.26 6.77 83.04 68.59 80.18 18.34 42.73 72.02 51.98 86.94 54.01 59.71 105.95 25.23 
37.99 85.33 71.2 117.75 67.11 72.46 49.77 1.15 99.3 23.1 48.69 96.59 15.71 63.28 45.51 
