18 20
66.52 80.04 76.32 31.73 44.84 32.98 102.99 48.65 103.08 10.48 9.52 4.91 74.78 48.86 6.22 22.53 15.22 90.92 64.75 47.23 
80.84 59.9 97.02 97.83 78.77 5.29 63.9 34.58 77.93 5.03 67.96 56.5 26.76 64.29 8.23 46.82 47.42 50.68 59.65 50.06 
59.57 75.64 7.54 82.08 86.16 50.98 75.81 58.37 54.86 89.68 21.02 35.39 13.24 45.63 36.28 19.35 69.65 20.6 104.3 57.58 
34.03 39.21 8.45 52.46 64.05 54.59 61.59 65.79 87.47 3.53 93.51 14.99 0.65 90.69 37.02 80.06 54.63 40.15 44.36 16.01 
56.9 86.44 65.31 115.96 66.7 6.42 98.84 94.7 110.93 118.01 10.64 14.14 113.78 61.19 116.94 56.53 23.31 48.16 64.35 70.31 
67.01 18.74 75.53 71.11 4.45 61.27 6.02 67.87 12.03 2.82 87.22 27.68 7.86 6.49 31.69 3.6 65.44 26.79 33.99 44.2 
48.86 41.04 70.63 14.5 15.69 60.52 112.56 61.73 85.39 42.68 92.72 84.37 112.82 99.18 91.68 42.41 39.34 85.15 18.15 105.3 
57.99 63.4 18.44 52.55 60.61 37.95 41.47 98.08 111.17 54.28 107.42 44.12 26.63 5.75 59.44 41.63 43.48 7.77 8.56 5.97 
33.76 75.33 77.05 110.13 39.15 110.7 49.98 38.08 95.65 63.57 57.53 45.83 44.89 12.25 115.74 7.32 113.9 28.06 31.11 81.85 
58.32 56.38 0.12 18.58 91.38 31.61 65.84 16.58 70.23 37.86 98.52 73.44 105.83 0.44 51.58 8.75 29.36 30.8 47.16 33.21 
80.3 42.63 28.85 114.08 102.6 40.12 6.87 54.94 88.44 86.9 79.93 47.47 38.82 73.29 14.88 46.32 115.21 20.62 32.73 8.12 
10.53 43.29 26.06 78.2 88.96 65.84 10.11 77.83 72.27 1.31 40.95 65.82 66.56 68.9 18.62 65.98 113.7 30.03 6.65 40.94 
18.59 89.04 69.84 51.93 42.71 20.83 79.44 98.29 4.79 19.6 33.26 102.12 30.07 15.62 95.49 80.55 2.14 100.51 36.59 15.69 
53.78 0.75 47.15 39.8 17.91 110.44 33.93 28.65 28.63 55.7 107.59 57.09 91.31 1.21 64.56 116.58 87.79 5.48 74.24 37.69 
42.78 88.52 73.77 60.16 47.29 58.05 26.47 85.75 16.97 64.58 43.89 22.42 19.27 27.59 7.88 40.01 103.14 70.47 80.36 106.18 
48.9 40.12 110.5 34.71 82.47 91.96 113.69 56.53 49.98 9.37 55.79 0.32 9.12 39.18 67.43 80.25 74.8 110.41 16.06 56.55 
11.96 115.71 100.35 26.49 94.54 100.29 41.33 82.48 40.99 9.68 96.71 92.11 37.15 5.31 18.65 112.41 78.62 40.32 82.04 31.63 
82.66 22 59.62 53.16 72.35 24.21 96.64 62.46 87.6 14.54 30.67 110.35 31.97 44.3 50.52 65.13 27.52 73.97 74.02 10.18 
13 9
99.29 45.74 41.81 84.93 89.27 32.3 3.86 115.85 29.94 
21.8 0.33 26.48 8.62 116.47 68.94 78.7 85.32 107.27 
10.5 104.27 15.73 86.05 12.07 74.33 52.54 34.6 79.62 
86.11 25.22 30.34 17.56 5.68 37.63 82.39 47.39 65.98 
47.64 45.13 66.62 63.85 16.25 63.04 25.57 117.56 106.02 
94.42 14.35 54.93 34.94 43.57 111.11 12.74 40.04 56.2 
27.34 23.56 27.02 18.96 94.3 31.77 15.5 98.05 87.16 
107.31 30.46 72.17 40.87 56.78 4.77 57.87 64.24 10.53 
85.71 37.74 82.11 43.36 49.44 45.73 102.96 54.31 37.13 
83.99 16.77 113.77 33.43 116.19 95.77 11.55 63.78 79.31 
35.51 23.08 40.18 60.64 71.14 2.85 103.34 59.25 89.69 
93.94 63.33 79.38 25.71 3.54 71.89 2.36 29.78 109.3 
79.22 78.38 79.11 87.09 12.43 104.23 78 15.15 49.1 
