14 1
65.91 
64.55 
70.01 
4.43 
98.85 
14.15 
81.4 
73.22 
74.98 
18.85 
47.73 
107.93 
31.45 
66.3 
14 9
35.38 91.1 57.95 39.48 76.2 81.96 40.47 114.91 103.58 
68.54 114.49 93.59 84.41 88.85 1.76 27.92 0.67 48.67 
71.15 24.81 26.06 9.41 20.08 108.48 84.83 28.78 101.5 
6.37 79.07 74.48 71.78 86.84 64.52 82.97 79.69 88.71 
77.93 65.87 6.63 61.14 60.06 112.67 90.57 32.42 116.84 
88.1 117.48 34.02 106.79 65.43 36.73 107.91 2.31 49.85 
47.1 85.95 1.64 96.22 72.49 14.56 68.87 32.98 42.31 
59.11 93.5 67.25 96.94 49.9 58.23 51.8 87.2 62.4 
84.29 14.62 7.47 84.39 43.22 72.09 111.74 92.85 6.68 
6.21 113.35 52.83 17.95 61.95 110.88 18.79 37.41 46.27 
29.93 112.11 117.63 13.7 55.91 84.03 101.86 81.78 78.1 
8.13 14.53 64.01 69.03 41.45 5.29 41.58 50.68 49.89 
6.93 73 48.92 66.8 116.1 55.31 64.88 86.22 51.18 
23.39 32.65 40.68 57.52 37.11 0.61 103.52 41.27 74.42 
