13 8
68.57 29 100.87 32.88 15.46 21.62 74.92 90.5 
17.61 0.79 54.17 87.21 107.7 74.98 4.5 19.15 
58.15 40.37 56.77 36.23 54.38 37.08 43.15 50.32 
96.42 103.13 67.55 19.37 73.08 60.48 70.26 86.86 
58.3 27.98 1.66 77.74 23.08 30.82 32.43 47.36 
32.97 50.43 29.96 98.04 97.02 47.77 114.96 8.16 
45.01 31.17 32.55 59.9 105.42 15.45 56.08 110.27 
96.67 37.42 84.31 88.08 93.36 112.49 29.34 101.55 
34.53 73.82 4.16 113.75 99.85 85.15 39.74 7.23 
80.37 11.27 79.47 33.78 56.71 61.67 49.4 108.11 
71.69 94.13 41.88 70.39 36.65 44.16 110.93 67.15 
9.25 73.34 83.31 69.44 24.33 32.65 76.65 51.69 
61.15 5.13 58.03 58.78 22.99 4.54 37.31 59.99 
10 1
43.27 
35.29 
78.14 
55.17 
99.48 
63.27 
83.35 
17.42 
107.85 
28.8 
