240192 36061680
744770 4245306
18343884 45907602
4665810 47332176
2060004 525585
11214050 35467830
8587992 30289014
2694048 1402152
48804 11966577
201227 2447328
2582762 39894621
21933315 59789595
1294540 60779160
31887890 73945092
43861272 16380936
100840 4077030
32395408 6941607
3198840 15772545
25476 1064268
4805757 11379609
2555886 71117367
21312300 2755908
32549888 37985199
6790203 31981986
1516410 16142730
10956608 4660224
20047950 60852975
4824765 62702679
13321660 25527447
730728 4878894
13827216 1073592
10945900 52195641
27661700 30744780
2411700 4662000
321300 16743240
257976 3029190
