122096 10416240
11874450 67156110
1168690 45286557
34284852 42626997
3179736 8833158
15576480 15948480
9462000 33499800
8606145 9000657
8654352 41294664
18774600 2194470
5357568 57235152
14938000 10388712
27844614 41959998
8882622 53762184
1591788 6501714
7194768 20683740
14699944 22302120
4060560 5685864
7539168 12964800
1567080 11309346
23964240 3655230
3816384 15855684
5493890 54658842
6084960 50909040
52582200 50793600
29946537 47157795
2701030 8196240
8902985 16468959
31153356 13298688
32806080 23389920
20837115 4333329
44908708 33910500
31465096 27849900
19270625 5219775
1924510 15448425
6714900 11888100
6016274 38965884
