4632096 20568744
8182746 50603679
7877760 22945365
4461100 15914625
48579744 6262953
25393185 14037948
931980 14948703
2594511 8073918
20523382 19807728
10861632 52528752
19470240 519480
38802024 4675986
15316816 26669304
26246220 60859413
1449656 2134974
48751648 39352830
1697955 9645678
16893926 23006193
6816720 4035294
247020 10712943
13210992 46452168
18315528 25568961
53157000 46224840
16222817 6431451
26045496 21646332
5380128 44233056
19161000 55486125
32920020 7170822
167580 1634364
1712788 24246618
27028980 57875400
709536 17042829
11721556 23139837
8580984 36073224
5881008 42735
20927830 17837589
