25 49 97
10 36
22 44
6 27
10 43
19 48
9 42
4 37
16 46
8 34
19 43
7 48
20 35
19 40
5 32
22 38
1 33
24 35
7 26
25 40
13 45
11 43
24 40
17 34
15 46
11 26
24 44
9 31
23 30
9 47
5 28
13 26
23 35
11 30
20 38
4 26
23 38
12 47
6 29
18 38
7 40
24 44
8 30
10 29
14 29
4 35
14 48
11 48
7 37
8 32
12 28
6 42
3 31
1 45
9 36
2 30
23 40
1 41
1 26
1 31
14 33
21 35
2 31
6 46
4 39
5 46
5 32
25 41
7 26
7 37
4 45
23 31
15 47
17 48
13 43
17 31
1 36
22 47
17 43
11 45
8 42
23 27
22 41
11 26
12 49
9 34
4 35
20 27
9 32
23 48
6 38
19 46
20 37
20 28
16 46
20 33
21 26
24 42
50 100 40
1 51
1 52
2 53
3 54
4 55
5 56
6 57
7 57
11 51
11 52
12 53
13 54
14 55
15 56
16 57
17 57
21 51
21 52
22 53
23 54
24 55
25 56
26 57
27 57
31 51
31 52
32 53
33 54
34 55
35 56
36 57
37 57
41 61
41 62
42 63
43 64
44 65
45 66
46 67
47 67

