62 899 61 62
61 1 17313 17314 5
61 2 13905 13906 30
61 3 14343 14344 25
61 4 14446 14447 76
61 5 14287 14288 16
61 6 15974 15975 64
61 7 11347 11348 44
61 8 11973 11974 98
61 9 14583 14584 81
61 10 14535 14536 64
61 11 14052 14053 59
61 12 13159 13160 5
61 13 13738 13739 35
61 14 15174 15175 13
61 15 14128 14128 18
61 16 13143 13144 95
61 17 14363 14364 92
61 18 12432 12433 34
61 19 15952 15953 89
61 20 14864 14865 15
61 21 14018 14019 29
61 22 15640 15641 59
61 23 15950 15951 75
61 24 15508 15509 6
61 25 12478 12479 28
61 26 15999 16000 42
61 27 15335 15336 24
61 28 12791 12791 44
61 29 12144 12145 16
1 31 538 539 75
1 32 629 630 7
1 33 565 566 25
1 34 61 62 59
1 35 239 240 66
1 36 323 324 31
1 37 565 566 83
1 38 736 737 26
1 39 687 688 43
1 40 967 968 61
1 41 95 95 27
1 42 874 875 26
1 43 830 831 28
1 44 954 955 36
1 45 665 666 88
1 46 767 767 93
1 47 759 760 66
1 48 740 741 11
1 49 303 304 51
1 50 807 808 46
1 51 871 872 43
1 52 208 209 61
1 53 544 545 63
1 54 975 975 89
1 55 369 370 68
1 56 363 364 54
1 57 664 665 91
1 58 585 586 73
1 59 616 617 70
2 31 273 274 3
2 32 632 633 38
2 33 727 728 1
2 34 760 761 79
2 35 416 417 60
2 36 66 67 61
2 37 675 676 81
2 38 350 351 35
2 39 203 204 32
2 40 541 542 31
2 41 986 987 29
2 42 683 684 5
2 43 664 665 55
2 44 47 48 53
2 45 932 933 96
2 46 477 478 46
2 47 323 324 60
2 48 478 479 2
2 49 727 728 45
2 50 478 479 90
2 51 305 306 35
2 52 214 215 84
2 53 377 378 58
2 54 394 395 3
2 55 941 942 14
2 56 182 183 88
2 57 409 410 69
2 58 21 22 70
2 59 606 607 20
3 31 19 20 29
3 32 374 375 30
3 33 739 740 86
3 34 903 904 65
3 35 787 788 35
3 36 998 999 92
3 37 367 368 95
3 38 461 462 54
3 39 171 172 33
3 40 880 881 30
3 41 173 174 39
3 42 925 926 92
3 43 618 619 5
3 44 371 372 40
3 45 296 297 72
3 46 564 565 33
3 47 419 420 30
3 48 157 157 13
3 49 716 717 27
3 50 221 222 78
3 51 47 48 79
3 52 564 565 60
3 53 260 261 51
3 54 119 120 67
3 55 961 962 34
3 56 945 946 90
3 57 838 839 1
3 58 68 69 51
3 59 368 369 51
4 31 792 793 64
4 32 98 99 45
4 33 91 92 0
4 34 689 690 14
4 35 786 787 72
4 36 863 864 35
4 37 126 127 53
4 38 810 811 95
4 39 11 12 94
4 40 742 743 4
4 41 381 382 36
4 42 672 673 74
4 43 356 357 68
4 44 220 221 53
4 45 385 386 59
4 46 250 251 38
4 47 849 850 39
4 48 236 237 88
4 49 842 843 35
4 50 332 333 7
4 51 556 557 10
4 52 156 157 52
4 53 874 875 22
4 54 925 926 4
4 55 640 641 68
4 56 379 380 35
4 57 992 993 23
4 58 225 226 34
4 59 152 153 12
5 31 673 674 1
5 32 605 605 61
5 33 447 448 56
5 34 510 510 31
5 35 503 504 1
5 36 186 187 51
5 37 220 221 46
5 38 788 788 87
5 39 786 787 32
5 40 360 360 87
5 41 910 911 23
5 42 550 551 64
5 43 653 654 97
5 44 871 872 85
5 45 674 675 20
5 46 165 166 75
5 47 460 461 27
5 48 328 329 64
5 49 975 976 10
5 50 766 767 59
5 51 602 603 20
5 52 58 59 41
5 53 521 522 24
5 54 289 290 24
5 55 91 92 75
5 56 121 122 6
5 57 279 280 4
5 58 859 860 58
5 59 26 27 52
6 31 810 811 51
6 32 372 373 15
6 33 716 716 7
6 34 293 294 35
6 35 25 26 21
6 36 682 683 57
6 37 866 867 84
6 38 756 757 63
6 39 875 876 69
6 40 539 540 18
6 41 196 196 71
6 42 462 463 69
6 43 636 637 77
6 44 446 446 70
6 45 711 712 19
6 46 948 949 1
6 47 11 12 17
6 48 736 737 1
6 49 685 686 35
6 50 636 637 79
6 51 881 882 24
6 52 248 249 47
6 53 849 850 97
6 54 103 104 57
6 55 389 390 60
6 56 106 107 27
6 57 364 365 8
6 58 899 899 22
6 59 722 723 31
7 31 125 126 55
7 32 43 44 78
7 33 778 778 32
7 34 80 81 31
7 35 85 86 6
7 36 743 743 61
7 37 633 634 10
7 38 647 648 87
7 39 953 954 55
7 40 12 13 4
7 41 530 531 81
7 42 295 295 81
7 43 190 191 19
7 44 210 210 27
7 45 458 459 6
7 46 371 372 15
7 47 394 395 37
7 48 511 512 35
7 49 628 629 52
7 50 33 34 79
7 51 498 499 41
7 52 515 516 41
7 53 180 181 2
7 54 556 557 38
7 55 141 142 23
7 56 442 443 10
7 57 837 837 6
7 58 394 395 37
7 59 55 56 53
8 31 406 407 21
8 32 339 340 87
8 33 750 751 80
8 34 631 631 79
8 35 866 867 35
8 36 290 291 29
8 37 223 224 79
8 38 193 194 34
8 39 952 953 77
8 40 85 85 3
8 41 175 175 3
8 42 524 525 95
8 43 484 485 20
8 44 576 576 27
8 45 661 662 51
8 46 101 101 36
8 47 415 416 70
8 48 726 727 74
8 49 132 133 74
8 50 347 348 67
8 51 581 581 53
8 52 308 309 19
8 53 249 250 59
8 54 449 450 66
8 55 31 31 0
8 56 140 141 58
8 57 481 482 92
8 58 343 344 58
8 59 506 507 10
9 31 747 748 2
9 32 481 482 55
9 33 256 256 39
9 34 958 959 31
9 35 788 789 43
9 36 196 197 23
9 37 582 583 47
9 38 151 152 94
9 39 138 139 16
9 40 513 514 50
9 41 146 147 18
9 42 984 985 61
9 43 354 355 61
9 44 393 394 95
9 45 740 741 72
9 46 667 668 28
9 47 566 567 90
9 48 109 110 75
9 49 817 818 53
9 50 778 779 23
9 51 603 604 81
9 52 31 32 19
9 53 279 280 57
9 54 401 402 68
9 55 988 989 83
9 56 124 125 72
9 57 763 764 97
9 58 66 67 22
9 59 949 950 82
10 31 936 937 56
10 32 925 926 18
10 33 384 385 71
10 34 929 929 95
10 35 978 979 25
10 36 678 679 15
10 37 644 645 17
10 38 4 5 28
10 39 132 133 12
10 40 144 145 73
10 41 339 340 84
10 42 514 515 90
10 43 836 837 25
10 44 310 311 79
10 45 557 558 33
10 46 62 63 10
10 47 542 543 75
10 48 400 401 26
10 49 864 865 81
10 50 252 253 89
10 51 624 625 84
10 52 33 34 51
10 53 347 348 19
10 54 272 273 3
10 55 636 637 92
10 56 784 785 43
10 57 836 837 36
10 58 52 52 54
10 59 505 506 72
11 31 930 931 49
11 32 762 763 30
11 33 118 119 83
11 34 282 283 83
11 35 807 808 18
11 36 804 805 28
11 37 863 864 63
11 38 294 295 96
11 39 440 441 11
11 40 472 473 64
11 41 133 134 53
11 42 86 87 83
11 43 335 336 23
11 44 252 253 89
11 45 690 691 72
11 46 699 700 28
11 47 599 600 33
11 48 777 778 19
11 49 683 684 39
11 50 405 406 40
11 51 848 849 43
11 52 459 459 94
11 53 74 75 58
11 54 572 573 46
11 55 293 294 8
11 56 859 860 0
11 57 301 302 86
11 58 131 132 25
11 59 70 71 14
12 31 669 670 71
12 32 733 734 61
12 33 856 857 45
12 34 126 127 39
12 35 185 186 58
12 36 79 80 39
12 37 30 31 12
12 38 61 62 19
12 39 342 343 70
12 40 878 879 4
12 41 756 757 53
12 42 279 280 54
12 43 603 604 72
12 44 702 703 6
12 45 363 364 61
12 46 323 324 3
12 47 796 797 55
12 48 395 396 0
12 49 291 292 8
12 50 381 382 92
12 51 131 132 55
12 52 305 305 15
12 53 454 455 67
12 54 348 349 59
12 55 988 989 37
12 56 17 18 56
12 57 707 708 59
12 58 989 990 98
12 59 360 361 17
13 31 178 179 53
13 32 13 14 30
13 33 263 264 2
13 34 764 765 50
13 35 645 646 55
13 36 490 491 13
13 37 605 606 76
13 38 15 16 46
13 39 112 113 1
13 40 77 78 63
13 41 143 144 27
13 42 726 727 53
13 43 685 686 34
13 44 772 773 13
13 45 313 314 65
13 46 275 275 45
13 47 320 321 41
13 48 954 955 49
13 49 658 659 74
13 50 794 795 86
13 51 900 900 35
13 52 349 349 57
13 53 102 103 67
13 54 492 493 88
13 55 934 935 73
13 56 474 475 25
13 57 781 781 56
13 58 372 373 43
13 59 520 521 61
14 31 629 630 59
14 32 970 970 92
14 33 52 53 31
14 34 168 169 95
14 35 465 466 6
14 36 573 574 86
14 37 601 602 5
14 38 790 791 10
14 39 638 639 31
14 40 9 10 71
14 41 10 11 46
14 42 418 419 88
14 43 397 398 45
14 44 126 127 98
14 45 301 302 86
14 46 380 381 96
14 47 902 903 26
14 48 280 281 65
14 49 651 652 0
14 50 746 747 87
14 51 467 468 39
14 52 974 975 38
14 53 687 688 45
14 54 397 397 63
14 55 530 531 97
14 56 828 829 63
14 57 810 810 74
14 58 660 660 23
14 59 703 704 61
15 31 642 643 60
15 32 378 379 3
15 33 335 336 77
15 34 88 89 13
15 35 627 627 59
15 36 54 55 15
15 37 526 527 76
15 38 519 520 34
15 39 359 360 97
15 40 580 581 29
15 41 784 785 21
15 42 380 381 88
15 43 361 362 27
15 44 620 621 16
15 45 508 509 2
15 46 656 657 48
15 47 161 162 34
15 48 26 27 41
15 49 675 676 55
15 50 90 91 78
15 51 531 532 71
15 52 736 737 61
15 53 892 893 44
15 54 358 359 5
15 55 822 823 46
15 56 297 298 53
15 57 463 464 89
15 58 873 874 86
15 59 774 775 84
16 31 727 728 77
16 32 722 723 46
16 33 927 928 7
16 34 579 580 46
16 35 926 927 66
16 36 135 136 29
16 37 454 455 26
16 38 40 41 64
16 39 263 264 44
16 40 284 285 33
16 41 360 361 83
16 42 61 62 8
16 43 182 183 75
16 44 393 394 2
16 45 412 413 12
16 46 301 301 44
16 47 140 140 27
16 48 814 815 4
16 49 597 598 48
16 50 856 857 83
16 51 14 15 45
16 52 667 668 92
16 53 129 130 91
16 54 802 803 97
16 55 923 924 64
16 56 518 519 84
16 57 4 5 7
16 58 603 604 94
16 59 298 299 96
17 31 520 521 43
17 32 267 268 14
17 33 773 774 30
17 34 962 963 73
17 35 976 977 92
17 36 849 850 82
17 37 321 322 37
17 38 785 786 41
17 39 671 671 60
17 40 710 711 35
17 41 601 602 68
17 42 798 799 10
17 43 162 163 74
17 44 250 251 4
17 45 39 39 39
17 46 38 39 57
17 47 467 467 95
17 48 582 583 57
17 49 853 854 23
17 50 482 483 57
17 51 616 617 34
17 52 348 349 6
17 53 132 132 39
17 54 223 224 92
17 55 299 300 16
17 56 194 195 21
17 57 982 983 52
17 58 221 222 50
17 59 232 233 51
18 31 628 629 85
18 32 99 100 30
18 33 513 513 16
18 34 610 611 72
18 35 214 215 8
18 36 39 40 97
18 37 620 621 43
18 38 895 896 88
18 39 558 559 89
18 40 514 515 1
18 41 105 106 1
18 42 615 616 41
18 43 224 225 12
18 44 623 624 32
18 45 91 92 12
18 46 728 729 77
18 47 607 608 32
18 48 38 39 57
18 49 396 397 44
18 50 5 6 60
18 51 355 356 20
18 52 658 659 60
18 53 711 712 95
18 54 347 348 2
18 55 422 423 64
18 56 60 61 44
18 57 231 232 27
18 58 667 668 55
18 59 846 847 53
19 31 38 38 43
19 32 789 790 73
19 33 563 564 61
19 34 302 303 73
19 35 480 480 42
19 36 615 616 11
19 37 924 925 48
19 38 140 141 28
19 39 638 639 83
19 40 187 188 80
19 41 565 566 30
19 42 220 221 13
19 43 656 657 52
19 44 424 425 70
19 45 487 488 57
19 46 980 981 63
19 47 801 802 9
19 48 726 727 56
19 49 167 168 95
19 50 231 232 86
19 51 881 882 78
19 52 889 890 69
19 53 624 625 78
19 54 578 579 27
19 55 739 740 47
19 56 970 971 39
19 57 54 55 88
19 58 945 946 52
19 59 328 329 89
20 31 533 534 60
20 32 251 252 59
20 33 259 260 15
20 34 322 323 76
20 35 868 869 98
20 36 654 655 1
20 37 786 787 78
20 38 529 530 69
20 39 426 427 43
20 40 39 40 66
20 41 316 317 67
20 42 785 786 75
20 43 537 538 88
20 44 764 764 84
20 45 925 926 26
20 46 626 627 54
20 47 893 894 40
20 48 424 425 24
20 49 115 116 30
20 50 143 144 53
20 51 671 672 60
20 52 582 583 52
20 53 536 537 73
20 54 544 545 64
20 55 995 995 20
20 56 90 91 54
20 57 179 180 40
20 58 736 737 73
20 59 323 324 96
21 31 633 634 51
21 32 432 433 84
21 33 240 241 9
21 34 937 938 58
21 35 380 381 3
21 36 227 228 62
21 37 106 107 51
21 38 616 617 95
21 39 265 266 29
21 40 921 922 1
21 41 646 646 95
21 42 620 621 32
21 43 378 379 40
21 44 863 864 59
21 45 313 314 62
21 46 621 622 78
21 47 43 44 91
21 48 376 376 82
21 49 921 922 17
21 50 817 818 55
21 51 480 481 71
21 52 612 613 87
21 53 114 115 15
21 54 975 976 49
21 55 158 159 43
21 56 556 557 81
21 57 388 389 22
21 58 116 117 48
21 59 253 254 16
22 31 7 8 55
22 32 906 907 23
22 33 450 451 81
22 34 132 132 13
22 35 776 777 56
22 36 20 21 85
22 37 708 709 49
22 38 533 534 76
22 39 461 462 89
22 40 974 975 66
22 41 275 276 44
22 42 4 4 78
22 43 929 930 19
22 44 384 385 55
22 45 788 788 58
22 46 981 982 8
22 47 587 588 61
22 48 436 437 29
22 49 848 849 71
22 50 179 179 64
22 51 358 359 22
22 52 187 188 95
22 53 810 811 24
22 54 793 794 58
22 55 839 840 46
22 56 256 257 38
22 57 605 606 62
22 58 461 462 33
22 59 938 939 83
23 31 619 620 9
23 32 732 733 62
23 33 112 113 10
23 34 525 526 3
23 35 424 425 81
23 36 879 880 22
23 37 216 217 73
23 38 722 723 51
23 39 437 438 48
23 40 653 654 18
23 41 270 271 0
23 42 985 986 20
23 43 663 664 16
23 44 772 773 38
23 45 168 169 52
23 46 653 653 0
23 47 142 143 26
23 48 835 836 58
23 49 808 809 27
23 50 610 611 76
23 51 220 220 56
23 52 400 401 97
23 53 491 491 84
23 54 341 342 68
23 55 154 154 93
23 56 946 947 11
23 57 651 652 58
23 58 780 781 47
23 59 731 732 68
24 31 145 146 42
24 32 213 214 65
24 33 250 251 37
24 34 599 600 25
24 35 473 474 30
24 36 283 284 7
24 37 813 814 48
24 38 778 779 30
24 39 291 292 51
24 40 700 701 0
24 41 631 631 34
24 42 482 483 75
24 43 500 501 11
24 44 71 72 9
24 45 744 745 18
24 46 60 61 91
24 47 579 580 74
24 48 132 133 25
24 49 82 83 92
24 50 704 705 33
24 51 583 584 31
24 52 899 900 80
24 53 739 740 34
24 54 880 881 24
24 55 919 919 98
24 56 987 988 10
24 57 647 647 32
24 58 701 702 61
24 59 609 610 41
25 31 188 189 72
25 32 804 805 70
25 33 850 851 44
25 34 27 28 44
25 35 445 446 47
25 36 140 141 83
25 37 767 768 22
25 38 357 358 78
25 39 535 536 97
25 40 103 104 91
25 41 376 377 41
25 42 213 214 15
25 43 712 713 36
25 44 550 551 56
25 45 691 692 88
25 46 593 594 33
25 47 33 34 63
25 48 297 298 77
25 49 134 134 83
25 50 625 626 64
25 51 888 888 44
25 52 57 58 31
25 53 470 471 49
25 54 474 475 35
25 55 447 448 69
25 56 327 328 2
25 57 249 250 6
25 58 124 125 20
25 59 987 988 66
26 31 211 212 3
26 32 861 862 94
26 33 565 566 2
26 34 926 927 20
26 35 662 663 30
26 36 774 775 4
26 37 604 605 33
26 38 645 646 63
26 39 641 642 50
26 40 20 20 93
26 41 479 480 96
26 42 715 716 97
26 43 707 708 65
26 44 242 243 92
26 45 861 862 66
26 46 836 837 93
26 47 839 840 52
26 48 753 754 58
26 49 893 894 47
26 50 867 868 45
26 51 52 52 28
26 52 3 3 74
26 53 149 149 26
26 54 349 349 28
26 55 571 572 35
26 56 993 994 93
26 57 331 332 85
26 58 259 259 21
26 59 180 181 80
27 31 773 774 75
27 32 888 889 24
27 33 267 268 53
27 34 354 355 59
27 35 976 977 37
27 36 736 737 34
27 37 536 537 44
27 38 954 955 71
27 39 581 582 79
27 40 307 308 81
27 41 382 383 68
27 42 936 937 47
27 43 796 797 83
27 44 87 88 30
27 45 823 824 42
27 46 90 91 38
27 47 17 18 53
27 48 228 229 70
27 49 969 970 59
27 50 11 11 41
27 51 507 508 3
27 52 510 511 80
27 53 901 902 59
27 54 569 570 36
27 55 405 406 49
27 56 311 312 87
27 57 273 274 66
27 58 463 464 6
27 59 671 672 33
28 31 826 827 59
28 32 759 760 78
28 33 188 189 5
28 34 286 286 0
28 35 929 930 76
28 36 148 149 43
28 37 11 12 63
28 38 80 81 78
28 39 425 426 44
28 40 306 307 10
28 41 201 202 74
28 42 665 666 3
28 43 720 721 72
28 44 71 72 88
28 45 289 290 69
28 46 689 690 81
28 47 581 582 84
28 48 475 476 86
28 49 99 100 13
28 50 956 957 90
28 51 529 530 97
28 52 158 159 88
28 53 193 194 27
28 54 105 106 83
28 55 406 407 14
28 56 847 848 30
28 57 793 794 97
28 58 691 692 85
28 59 351 352 86
29 31 38 39 24
29 32 958 959 31
29 33 291 292 79
29 34 16 17 92
29 35 524 525 11
29 36 854 855 44
29 37 3 4 47
29 38 121 122 55
29 39 869 870 76
29 40 37 37 60
29 41 284 285 58
29 42 248 248 92
29 43 605 606 4
29 44 233 234 59
29 45 106 107 3
29 46 812 813 97
29 47 584 585 23
29 48 885 886 98
29 49 211 212 24
29 50 210 211 25
29 51 440 441 13
29 52 430 431 26
29 53 467 468 69
29 54 292 293 30
29 55 67 68 12
29 56 897 898 98
29 57 155 156 14
29 58 925 926 90
29 59 570 571 5
31 62 14268 14269 47
32 62 16048 16049 60
33 62 13338 13339 70
34 62 13830 13831 33
35 62 17270 17271 83
36 62 13392 13393 94
37 62 14409 14410 78
38 62 13785 13785 12
39 62 13872 13873 5
40 62 12566 12567 77
41 62 11260 11261 47
42 62 15729 15730 70
43 62 15787 15788 79
44 62 12612 12613 60
45 62 15005 15006 4
46 62 14725 14726 33
47 62 13843 13844 71
48 62 13865 13866 2
49 62 16754 16754 59
50 62 13776 13777 41
51 62 15050 15050 94
52 62 11568 11569 94
53 62 13166 13167 77
54 62 13937 13938 21
55 62 16109 16109 48
56 62 14031 14032 50
57 62 15080 15081 61
58 62 14241 14242 29
59 62 14260 14261 27
10 15 9 10
9 1 16 18 50
9 2 12 13 12
9 3 11 12 52
1 5 3 4 51
1 6 6 7 46
1 7 9 10 93
2 5 8 9 2
2 6 2 3 19
2 7 0 1 85
3 5 3 4 72
3 6 1 2 89
3 7 6 7 24
5 10 16 16 54
6 10 10 10 48
7 10 14 15 11
3 2 1 3
1 2 1000 2000 38
2 3 100 200 14
102 2499 101 102
101 1 25232 25233 58
101 2 23558 23559 29
101 3 26277 26278 98
101 4 24613 24614 22
101 5 23587 23588 67
101 6 26539 26540 85
101 7 25463 25464 9
101 8 23993 23994 25
101 9 19886 19887 24
101 10 21539 21540 34
101 11 26332 26333 87
101 12 26579 26579 91
101 13 25777 25778 89
101 14 22333 22334 14
101 15 24142 24143 70
101 16 21057 21058 97
101 17 22799 22800 40
101 18 28771 28772 65
101 19 23913 23914 12
101 20 25440 25441 12
101 21 23998 23999 24
101 22 24638 24639 8
101 23 29627 29628 75
101 24 27361 27362 5
101 25 24706 24707 88
101 26 24849 24850 80
101 27 22456 22457 73
101 28 25634 25635 30
101 29 25932 25933 63
101 30 24187 24188 56
101 31 24239 24240 33
101 32 24197 24198 98
101 33 26161 26162 96
101 34 24586 24587 42
101 35 24417 24418 59
101 36 24110 24111 81
101 37 26475 26476 43
101 38 23347 23348 71
101 39 24718 24719 73
101 40 27095 27096 89
101 41 28308 28309 9
101 42 21754 21755 98
101 43 27266 27267 81
101 44 24088 24089 48
101 45 23546 23547 27
101 46 22066 22067 11
101 47 23739 23740 68
101 48 26615 26616 7
101 49 22637 22638 94
1 51 584 585 55
1 52 352 352 65
1 53 897 898 25
1 54 867 868 35
1 55 25 26 1
1 56 253 254 82
1 57 598 599 52
1 58 747 747 98
1 59 922 923 40
1 60 829 830 61
1 61 72 73 62
1 62 474 475 9
1 63 896 897 39
1 64 362 363 48
1 65 494 495 38
1 66 244 245 19
1 67 186 187 48
1 68 586 587 5
1 69 315 316 95
1 70 377 378 17
1 71 261 262 83
1 72 69 70 4
1 73 221 222 15
1 74 453 454 33
1 75 666 667 78
1 76 75 76 6
1 77 119 120 72
1 78 207 208 92
1 79 910 911 35
1 80 596 597 48
1 81 287 288 76
1 82 930 931 57
1 83 577 578 56
1 84 870 871 81
1 85 784 785 49
1 86 951 952 11
1 87 408 409 4
1 88 682 683 44
1 89 329 330 77
1 90 833 834 36
1 91 299 300 45
1 92 535 536 30
1 93 132 133 97
1 94 439 440 7
1 95 344 344 59
1 96 837 838 50
1 97 896 896 7
1 98 629 630 86
1 99 790 791 42
2 51 876 877 24
2 52 680 681 77
2 53 284 285 26
2 54 275 276 79
2 55 819 820 2
2 56 321 322 69
2 57 349 350 62
2 58 366 367 65
2 59 417 418 68
2 60 192 193 12
2 61 898 898 14
2 62 669 670 75
2 63 39 40 19
2 64 42 43 53
2 65 525 525 65
2 66 881 882 27
2 67 652 653 66
2 68 18 19 45
2 69 135 136 46
2 70 925 926 8
2 71 888 889 57
2 72 470 471 74
2 73 371 372 92
2 74 202 203 95
2 75 449 450 54
2 76 250 251 84
2 77 144 145 92
2 78 78 79 91
2 79 369 370 93
2 80 548 549 20
2 81 99 100 17
2 82 929 929 40
2 83 302 303 40
2 84 222 223 34
2 85 634 635 19
2 86 751 752 90
2 87 817 818 55
2 88 920 921 73
2 89 26 27 15
2 90 632 633 68
2 91 807 808 12
2 92 667 667 13
2 93 570 571 30
2 94 859 860 93
2 95 675 676 74
2 96 183 184 27
2 97 429 430 20
2 98 38 39 45
2 99 842 843 59
3 51 589 590 69
3 52 972 973 44
3 53 864 865 81
3 54 446 447 97
3 55 526 527 83
3 56 346 347 18
3 57 272 273 15
3 58 348 348 44
3 59 979 980 66
3 60 702 703 9
3 61 19 20 83
3 62 325 326 13
3 63 818 819 45
3 64 428 429 89
3 65 570 571 84
3 66 736 737 9
3 67 823 824 71
3 68 173 174 56
3 69 705 706 18
3 70 831 831 31
3 71 480 481 90
3 72 122 123 73
3 73 993 994 20
3 74 142 143 16
3 75 825 826 19
3 76 829 830 90
3 77 591 592 20
3 78 599 600 94
3 79 502 502 37
3 80 609 610 76
3 81 674 675 12
3 82 665 666 32
3 83 572 573 77
3 84 93 94 16
3 85 433 434 61
3 86 244 245 29
3 87 152 153 92
3 88 52 53 25
3 89 227 228 44
3 90 782 783 45
3 91 789 790 85
3 92 608 609 7
3 93 166 167 52
3 94 761 761 30
3 95 923 924 93
3 96 314 315 42
3 97 761 762 35
3 98 827 828 20
3 99 50 51 91
4 51 956 957 1
4 52 769 770 34
4 53 709 710 85
4 54 315 316 33
4 55 895 896 76
4 56 128 129 74
4 57 237 238 90
4 58 792 793 66
4 59 829 830 48
4 60 825 826 59
4 61 524 525 42
4 62 944 945 70
4 63 721 722 55
4 64 797 798 49
4 65 800 800 93
4 66 956 957 19
4 67 50 51 85
4 68 689 690 56
4 69 394 395 97
4 70 620 621 38
4 71 244 244 81
4 72 173 174 50
4 73 761 762 36
4 74 466 467 79
4 75 278 279 49
4 76 207 208 87
4 77 46 47 50
4 78 765 766 26
4 79 68 69 71
4 80 238 239 75
4 81 678 679 98
4 82 552 552 96
4 83 727 728 32
4 84 192 193 85
4 85 220 221 57
4 86 889 890 58
4 87 521 522 25
4 88 333 334 9
4 89 756 757 82
4 90 82 83 95
4 91 642 643 73
4 92 673 674 87
4 93 8 9 62
4 94 299 299 59
4 95 197 198 30
4 96 333 334 0
4 97 471 472 86
4 98 582 583 41
4 99 243 244 82
5 51 303 304 49
5 52 785 786 35
5 53 586 587 1
5 54 215 216 17
5 55 365 365 19
5 56 140 141 31
5 57 249 250 82
5 58 440 440 6
5 59 142 143 51
5 60 3 4 61
5 61 562 562 46
5 62 83 84 35
5 63 818 819 10
5 64 706 707 7
5 65 128 129 81
5 66 846 847 36
5 67 837 838 88
5 68 211 212 70
5 69 48 49 71
5 70 718 718 77
5 71 520 521 21
5 72 747 748 72
5 73 55 56 36
5 74 722 723 40
5 75 327 328 51
5 76 69 70 90
5 77 513 514 82
5 78 462 463 41
5 79 756 757 32
5 80 590 591 88
5 81 443 444 91
5 82 457 458 46
5 83 867 868 91
5 84 760 761 56
5 85 555 556 11
5 86 950 951 22
5 87 140 141 61
5 88 392 393 76
5 89 923 923 25
5 90 207 208 59
5 91 660 661 77
5 92 232 233 40
5 93 449 450 11
5 94 438 438 48
5 95 700 701 67
5 96 781 782 35
5 97 426 427 38
5 98 522 523 6
5 99 720 721 33
6 51 682 683 30
6 52 258 259 28
6 53 432 432 52
6 54 753 754 31
6 55 107 108 75
6 56 989 990 20
6 57 143 144 33
6 58 900 901 71
6 59 498 499 40
6 60 610 611 67
6 61 946 947 81
6 62 225 226 32
6 63 150 151 9
6 64 610 611 10
6 65 90 91 30
6 66 285 286 9
6 67 975 976 59
6 68 950 951 42
6 69 514 515 43
6 70 985 986 6
6 71 372 373 56
6 72 958 958 36
6 73 610 611 97
6 74 528 529 71
6 75 557 558 43
6 76 643 643 15
6 77 292 293 85
6 78 700 701 94
6 79 321 322 14
6 80 478 479 57
6 81 346 347 48
6 82 938 939 79
6 83 785 786 30
6 84 830 831 22
6 85 150 151 27
6 86 945 946 80
6 87 883 884 42
6 88 246 246 72
6 89 824 824 48
6 90 351 352 39
6 91 544 545 14
6 92 300 301 86
6 93 307 308 7
6 94 749 750 11
6 95 62 63 93
6 96 844 845 34
6 97 464 465 91
6 98 382 383 0
6 99 7 8 32
7 51 275 275 19
7 52 354 355 87
7 53 771 772 7
7 54 320 321 85
7 55 140 141 43
7 56 529 530 21
7 57 898 899 10
7 58 347 348 14
7 59 278 279 10
7 60 192 193 83
7 61 787 788 63
7 62 893 894 7
7 63 468 469 27
7 64 294 295 76
7 65 273 274 61
7 66 985 986 47
7 67 996 997 4
7 68 512 513 39
7 69 391 392 33
7 70 275 276 54
7 71 105 106 18
7 72 837 838 86
7 73 25 26 18
7 74 533 534 93
7 75 377 378 60
7 76 745 746 32
7 77 718 719 98
7 78 550 551 23
7 79 983 984 1
7 80 211 212 98
7 81 597 598 30
7 82 278 279 40
7 83 418 419 9
7 84 71 71 22
7 85 221 222 39
7 86 324 325 17
7 87 708 709 64
7 88 692 693 37
7 89 307 308 43
7 90 888 889 79
7 91 340 341 87
7 92 831 832 35
7 93 775 775 67
7 94 217 218 8
7 95 429 430 31
7 96 959 960 14
7 97 591 592 83
7 98 896 897 41
7 99 837 838 63
8 51 311 312 84
8 52 3 4 75
8 53 27 28 31
8 54 694 695 77
8 55 871 872 65
8 56 648 648 42
8 57 411 412 52
8 58 784 785 56
8 59 914 915 30
8 60 910 911 52
8 61 295 296 11
8 62 253 254 42
8 63 113 114 31
8 64 754 755 43
8 65 598 599 37
8 66 188 189 30
8 67 111 112 73
8 68 204 205 98
8 69 624 625 33
8 70 447 447 22
8 71 748 749 64
8 72 905 906 92
8 73 86 87 50
8 74 197 198 86
8 75 755 756 94
8 76 634 635 19
8 77 862 863 50
8 78 776 777 49
8 79 83 84 93
8 80 372 373 22
8 81 288 289 57
8 82 815 816 42
8 83 185 186 19
8 84 78 79 13
8 85 340 341 24
8 86 758 759 68
8 87 996 997 6
8 88 798 799 21
8 89 809 810 42
8 90 546 547 87
8 91 16 17 35
8 92 716 717 43
8 93 519 520 6
8 94 261 261 87
8 95 108 109 74
8 96 757 758 51
8 97 391 392 60
8 98 704 705 44
8 99 308 309 28
9 51 442 443 4
9 52 77 78 55
9 53 59 60 30
9 54 192 193 30
9 55 230 231 50
9 56 461 462 23
9 57 599 600 96
9 58 123 124 73
9 59 179 180 55
9 60 779 780 1
9 61 309 310 60
9 62 492 493 57
9 63 246 247 25
9 64 777 778 24
9 65 244 245 26
9 66 392 392 59
9 67 63 64 76
9 68 493 493 21
9 69 192 193 4
9 70 670 671 38
9 71 202 203 31
9 72 904 905 0
9 73 605 605 16
9 74 170 171 38
9 75 376 377 71
9 76 136 137 90
9 77 464 465 63
9 78 443 444 28
9 79 199 200 36
9 80 231 232 31
9 81 238 239 61
9 82 877 878 28
9 83 37 38 94
9 84 154 155 39
9 85 866 867 3
9 86 904 905 71
9 87 433 434 80
9 88 683 684 78
9 89 148 149 52
9 90 15 16 45
9 91 379 380 36
9 92 768 769 56
9 93 909 910 37
9 94 929 930 57
9 95 231 232 13
9 96 593 594 57
9 97 124 125 48
9 98 339 340 78
9 99 486 487 17
10 51 150 151 44
10 52 740 741 96
10 53 429 430 5
10 54 436 437 24
10 55 791 791 50
10 56 523 524 49
10 57 880 881 92
10 58 51 52 55
10 59 137 138 84
10 60 468 469 91
10 61 287 288 95
10 62 519 520 57
10 63 312 313 56
10 64 214 215 39
10 65 651 652 79
10 66 248 249 34
10 67 479 480 70
10 68 571 572 49
10 69 380 381 33
10 70 283 284 23
10 71 506 507 80
10 72 595 596 32
10 73 823 824 42
10 74 281 282 40
10 75 317 317 55
10 76 142 143 51
10 77 219 220 53
10 78 190 191 79
10 79 354 355 53
10 80 765 766 89
10 81 283 284 11
10 82 259 260 8
10 83 359 360 47
10 84 298 299 54
10 85 727 728 57
10 86 765 766 21
10 87 717 718 97
10 88 707 708 40
10 89 499 500 9
10 90 748 749 36
10 91 667 668 37
10 92 267 267 91
10 93 190 191 93
10 94 5 6 41
10 95 905 906 26
10 96 137 137 82
10 97 308 309 47
10 98 176 177 6
10 99 757 757 73
11 51 495 496 75
11 52 269 270 72
11 53 698 698 82
11 54 833 834 78
11 55 308 308 66
11 56 628 629 52
11 57 621 622 69
11 58 459 459 65
11 59 658 659 73
11 60 337 338 16
11 61 139 140 87
11 62 595 596 96
11 63 865 866 77
11 64 863 863 48
11 65 447 448 44
11 66 553 554 20
11 67 378 379 81
11 68 870 871 54
11 69 228 229 21
11 70 477 477 36
11 71 485 485 92
11 72 762 763 58
11 73 859 860 77
11 74 484 485 35
11 75 700 701 81
11 76 322 323 47
11 77 97 98 88
11 78 738 739 15
11 79 894 895 40
11 80 450 451 50
11 81 543 544 16
11 82 611 612 5
11 83 573 574 84
11 84 298 299 52
11 85 216 217 43
11 86 952 953 6
11 87 271 272 29
11 88 821 822 29
11 89 447 448 48
11 90 680 681 87
11 91 489 490 65
11 92 642 643 27
11 93 175 175 73
11 94 629 629 52
11 95 39 40 84
11 96 871 872 46
11 97 960 961 41
11 98 243 244 88
11 99 341 342 80
12 51 81 82 67
12 52 321 322 85
12 53 316 317 38
12 54 34 35 53
12 55 789 790 70
12 56 392 392 62
12 57 966 967 98
12 58 991 992 74
12 59 930 930 92
12 60 620 621 70
12 61 315 315 82
12 62 525 526 10
12 63 292 293 75
12 64 220 221 92
12 65 513 514 57
12 66 356 357 78
12 67 115 116 48
12 68 988 989 55
12 69 768 769 79
12 70 853 854 43
12 71 482 483 80
12 72 727 728 23
12 73 14 15 62
12 74 817 818 92
12 75 345 346 72
12 76 544 545 45
12 77 758 759 72
12 78 983 984 33
12 79 947 948 16
12 80 96 97 40
12 81 629 630 12
12 82 698 699 49
12 83 128 129 73
12 84 388 388 57
12 85 796 797 65
12 86 913 914 17
12 87 548 549 35
12 88 508 509 98
12 89 409 410 83
12 90 749 750 79
12 91 950 951 70
12 92 12 13 33
12 93 365 365 70
12 94 918 919 36
12 95 899 900 63
12 96 927 928 85
12 97 319 320 55
12 98 87 88 52
12 99 216 217 43
13 51 783 784 43
13 52 800 801 3
13 53 805 806 75
13 54 771 772 76
13 55 46 47 60
13 56 949 950 60
13 57 676 677 10
13 58 571 572 51
13 59 648 649 82
13 60 64 65 93
13 61 778 779 91
13 62 579 580 27
13 63 535 536 1
13 64 991 992 80
13 65 113 114 83
13 66 4 5 63
13 67 157 157 44
13 68 164 164 61
13 69 530 531 28
13 70 696 697 1
13 71 446 446 16
13 72 419 420 77
13 73 197 198 6
13 74 399 400 34
13 75 332 333 89
13 76 695 696 10
13 77 114 115 11
13 78 485 486 14
13 79 536 536 64
13 80 501 502 60
13 81 547 548 3
13 82 482 483 31
13 83 520 521 5
13 84 720 721 61
13 85 727 728 42
13 86 233 234 45
13 87 603 604 49
13 88 283 284 88
13 89 481 482 76
13 90 994 995 73
13 91 734 735 37
13 92 314 315 34
13 93 886 887 74
13 94 712 713 13
13 95 803 804 4
13 96 226 226 25
13 97 795 796 76
13 98 475 476 31
13 99 437 437 27
14 51 748 749 56
14 52 445 446 73
14 53 663 664 75
14 54 366 367 62
14 55 758 759 6
14 56 175 176 56
14 57 212 212 49
14 58 17 18 29
14 59 193 194 11
14 60 232 233 72
14 61 884 885 87
14 62 768 769 25
14 63 684 685 65
14 64 442 443 18
14 65 408 409 13
14 66 966 967 6
14 67 512 513 27
14 68 371 372 6
14 69 563 564 75
14 70 446 446 4
14 71 970 971 88
14 72 264 265 43
14 73 509 510 53
14 74 899 900 32
14 75 356 357 1
14 76 157 158 41
14 77 65 66 61
14 78 350 351 55
14 79 149 150 6
14 80 407 408 17
14 81 767 768 85
14 82 723 724 62
14 83 492 493 62
14 84 603 604 88
14 85 107 108 28
14 86 276 277 12
14 87 569 570 26
14 88 675 676 33
14 89 405 406 83
14 90 125 126 10
14 91 972 973 71
14 92 80 81 4
14 93 311 312 6
14 94 494 495 81
14 95 339 340 1
14 96 91 92 86
14 97 642 643 2
14 98 44 45 87
14 99 616 617 54
15 51 106 107 75
15 52 305 306 13
15 53 80 81 54
15 54 345 346 33
15 55 441 442 59
15 56 788 789 20
15 57 926 927 61
15 58 959 960 80
15 59 287 288 3
15 60 814 815 25
15 61 703 704 82
15 62 424 425 19
15 63 461 461 91
15 64 184 185 43
15 65 592 593 74
15 66 261 262 76
15 67 26 27 58
15 68 996 996 84
15 69 569 570 59
15 70 612 613 30
15 71 538 539 33
15 72 146 147 21
15 73 94 94 63
15 74 686 687 69
15 75 10 11 40
15 76 830 831 47
15 77 202 203 70
15 78 322 323 30
15 79 198 199 93
15 80 912 913 16
15 81 287 288 62
15 82 785 786 81
15 83 915 916 8
15 84 387 388 64
15 85 783 784 57
15 86 592 592 34
15 87 45 46 72
15 88 727 728 9
15 89 911 911 96
15 90 970 971 47
15 91 122 123 14
15 92 448 449 10
15 93 774 775 31
15 94 99 100 95
15 95 317 318 82
15 96 180 181 30
15 97 538 539 63
15 98 998 999 80
15 99 428 429 11
16 51 448 449 30
16 52 19 19 18
16 53 263 264 44
16 54 987 987 51
16 55 452 453 52
16 56 983 984 93
16 57 377 378 74
16 58 599 600 57
16 59 890 891 49
16 60 228 229 53
16 61 338 339 51
16 62 315 316 21
16 63 867 868 89
16 64 81 82 12
16 65 690 691 35
16 66 166 167 6
16 67 586 586 97
16 68 293 294 88
16 69 48 49 34
16 70 259 259 26
16 71 535 535 62
16 72 870 871 72
16 73 157 157 57
16 74 360 361 75
16 75 909 910 85
16 76 396 397 72
16 77 71 72 1
16 78 256 257 70
16 79 293 294 80
16 80 371 372 95
16 81 567 567 41
16 82 369 369 22
16 83 201 202 12
16 84 484 485 29
16 85 819 820 32
16 86 398 399 80
16 87 257 258 74
16 88 229 230 75
16 89 773 774 34
16 90 198 199 82
16 91 90 91 11
16 92 597 598 9
16 93 778 779 96
16 94 147 148 45
16 95 2 3 60
16 96 961 962 92
16 97 83 84 23
16 98 380 381 18
16 99 597 598 36
17 51 425 426 49
17 52 896 897 12
17 53 347 348 58
17 54 35 36 38
17 55 435 436 3
17 56 136 137 55
17 57 80 80 39
17 58 919 920 79
17 59 943 944 98
17 60 155 156 33
17 61 636 637 33
17 62 978 979 40
17 63 586 587 14
17 64 912 913 10
17 65 487 488 16
17 66 374 375 35
17 67 508 509 50
17 68 119 120 84
17 69 459 460 7
17 70 580 581 1
17 71 657 658 55
17 72 144 145 82
17 73 615 616 87
17 74 646 647 90
17 75 108 109 40
17 76 114 115 32
17 77 13 13 43
17 78 197 198 78
17 79 79 80 33
17 80 637 638 36
17 81 619 620 42
17 82 732 733 64
17 83 380 381 58
17 84 472 473 80
17 85 494 495 8
17 86 971 972 0
17 87 87 88 69
17 88 908 909 66
17 89 514 515 96
17 90 886 887 78
17 91 249 250 24
17 92 15 16 28
17 93 739 740 42
17 94 307 308 61
17 95 527 528 31
17 96 130 131 20
17 97 112 112 62
17 98 935 936 62
17 99 481 482 64
18 51 459 459 36
18 52 547 548 19
18 53 354 355 48
18 54 940 941 52
18 55 452 453 38
18 56 970 971 92
18 57 622 623 4
18 58 553 553 72
18 59 434 435 57
18 60 617 618 87
18 61 716 717 0
18 62 739 740 31
18 63 639 640 53
18 64 173 174 23
18 65 384 384 29
18 66 741 741 58
18 67 728 729 86
18 68 962 963 8
18 69 936 937 21
18 70 457 457 26
18 71 320 321 0
18 72 743 744 96
18 73 600 600 30
18 74 226 227 81
18 75 931 932 50
18 76 925 926 68
18 77 201 202 9
18 78 387 388 34
18 79 932 932 90
18 80 419 420 80
18 81 773 774 20
18 82 645 646 73
18 83 447 448 48
18 84 885 886 95
18 85 828 829 44
18 86 133 134 57
18 87 736 737 6
18 88 304 305 63
18 89 467 468 26
18 90 268 269 52
18 91 746 747 11
18 92 279 279 46
18 93 904 904 96
18 94 94 95 59
18 95 457 458 35
18 96 874 875 48
18 97 631 632 31
18 98 939 940 16
18 99 233 234 12
19 51 937 938 89
19 52 904 905 82
19 53 793 794 1
19 54 372 373 53
19 55 461 462 24
19 56 935 936 39
19 57 168 169 31
19 58 568 569 7
19 59 704 705 81
19 60 266 267 54
19 61 277 278 78
19 62 414 414 26
19 63 968 969 31
19 64 87 88 88
19 65 159 160 5
19 66 380 380 21
19 67 81 82 20
19 68 171 171 26
19 69 213 214 33
19 70 420 421 70
19 71 504 505 14
19 72 780 781 94
19 73 974 975 47
19 74 371 372 60
19 75 168 169 85
19 76 560 561 43
19 77 143 143 59
19 78 147 148 29
19 79 240 241 57
19 80 635 636 35
19 81 97 97 15
19 82 169 170 70
19 83 451 452 79
19 84 469 470 78
19 85 728 729 91
19 86 216 217 4
19 87 286 287 17
19 88 914 915 71
19 89 989 990 51
19 90 740 741 31
19 91 974 975 44
19 92 656 657 80
19 93 157 158 93
19 94 288 289 15
19 95 168 169 27
19 96 533 533 13
19 97 800 801 6
19 98 865 866 86
19 99 591 592 64
20 51 934 935 42
20 52 698 699 14
20 53 80 81 4
20 54 842 843 3
20 55 777 778 4
20 56 542 543 49
20 57 548 549 10
20 58 371 372 66
20 59 260 260 27
20 60 574 575 46
20 61 845 846 62
20 62 873 874 35
20 63 939 940 61
20 64 108 109 64
20 65 643 644 15
20 66 918 919 4
20 67 606 607 10
20 68 741 742 70
20 69 317 318 16
20 70 146 147 59
20 71 177 178 52
20 72 984 984 43
20 73 346 347 96
20 74 246 246 17
20 75 443 444 77
20 76 139 140 80
20 77 883 884 30
20 78 346 347 24
20 79 79 79 93
20 80 422 423 45
20 81 662 662 13
20 82 24 25 4
20 83 286 287 48
20 84 30 30 6
20 85 909 909 63
20 86 742 743 37
20 87 754 755 6
20 88 460 461 68
20 89 901 902 97
20 90 592 593 52
20 91 804 805 43
20 92 387 388 8
20 93 840 840 52
20 94 524 525 11
20 95 240 241 92
20 96 94 95 96
20 97 68 68 29
20 98 372 373 81
20 99 908 908 87
21 51 232 233 76
21 52 58 59 38
21 53 887 887 81
21 54 748 749 63
21 55 833 834 30
21 56 199 200 8
21 57 112 113 60
21 58 81 82 46
21 59 415 415 12
21 60 678 679 27
21 61 678 679 29
21 62 78 79 93
21 63 571 572 12
21 64 684 685 0
21 65 602 603 7
21 66 473 474 9
21 67 800 801 86
21 68 178 179 88
21 69 941 942 72
21 70 696 697 18
21 71 64 65 40
21 72 903 904 98
21 73 383 384 96
21 74 305 306 98
21 75 271 271 1
21 76 35 36 97
21 77 793 794 63
21 78 80 81 70
21 79 254 254 60
21 80 781 782 31
21 81 996 997 34
21 82 350 350 31
21 83 449 450 25
21 84 671 672 4
21 85 207 208 60
21 86 268 269 49
21 87 601 601 57
21 88 197 198 5
21 89 621 622 26
21 90 876 877 98
21 91 98 99 33
21 92 1 2 47
21 93 956 957 91
21 94 800 801 31
21 95 870 871 23
21 96 153 154 85
21 97 704 705 41
21 98 433 434 1
21 99 913 914 8
22 51 615 616 5
22 52 862 863 8
22 53 434 435 11
22 54 379 380 20
22 55 408 409 17
22 56 217 218 54
22 57 258 259 9
22 58 993 994 58
22 59 183 184 81
22 60 200 201 18
22 61 621 622 94
22 62 404 405 32
22 63 503 504 74
22 64 54 55 73
22 65 524 525 72
22 66 488 489 5
22 67 540 541 30
22 68 721 722 20
22 69 760 761 14
22 70 662 663 90
22 71 618 619 62
22 72 900 901 68
22 73 515 516 52
22 74 147 148 58
22 75 332 333 16
22 76 125 126 12
22 77 63 64 86
22 78 95 96 10
22 79 751 751 41
22 80 15 16 70
22 81 949 950 6
22 82 959 959 89
22 83 493 493 21
22 84 9 10 90
22 85 416 417 18
22 86 740 741 86
22 87 122 123 96
22 88 877 878 74
22 89 543 543 96
22 90 705 706 80
22 91 954 955 69
22 92 578 579 46
22 93 942 943 25
22 94 744 745 6
22 95 33 34 47
22 96 962 963 13
22 97 406 406 48
22 98 134 135 70
22 99 666 667 16
23 51 125 126 32
23 52 864 865 17
23 53 618 619 20
23 54 665 665 88
23 55 693 694 35
23 56 838 839 38
23 57 907 908 77
23 58 0 0 44
23 59 976 977 34
23 60 139 140 2
23 61 639 640 31
23 62 701 702 68
23 63 913 914 55
23 64 421 422 20
23 65 844 845 27
23 66 2 3 30
23 67 806 807 16
23 68 706 707 30
23 69 867 868 38
23 70 437 438 12
23 71 67 68 5
23 72 424 425 95
23 73 944 945 43
23 74 870 871 17
23 75 446 447 66
23 76 436 437 80
23 77 859 860 0
23 78 324 325 72
23 79 521 522 62
23 80 588 589 8
23 81 482 483 52
23 82 895 896 48
23 83 732 733 13
23 84 605 606 81
23 85 845 846 56
23 86 615 615 27
23 87 128 129 71
23 88 998 999 92
23 89 336 337 51
23 90 716 717 26
23 91 453 454 49
23 92 146 147 73
23 93 741 742 64
23 94 916 917 10
23 95 852 852 52
23 96 634 634 46
23 97 159 160 85
23 98 720 721 10
23 99 990 991 26
24 51 289 290 98
24 52 632 633 97
24 53 823 824 73
24 54 875 876 89
24 55 782 783 48
24 56 860 861 92
24 57 602 603 58
24 58 404 405 43
24 59 414 415 39
24 60 948 949 53
24 61 942 943 5
24 62 378 379 26
24 63 815 815 9
24 64 548 549 52
24 65 765 766 97
24 66 540 541 29
24 67 622 623 88
24 68 405 406 31
24 69 134 135 55
24 70 485 486 21
24 71 833 834 63
24 72 548 549 12
24 73 576 577 39
24 74 348 349 97
24 75 286 287 60
24 76 329 330 11
24 77 386 387 37
24 78 210 210 14
24 79 755 756 94
24 80 577 578 2
24 81 303 304 24
24 82 752 753 7
24 83 996 997 34
24 84 292 293 8
24 85 370 371 28
24 86 238 239 69
24 87 344 345 7
24 88 991 992 46
24 89 134 134 16
24 90 204 205 90
24 91 571 572 39
24 92 827 828 28
24 93 609 610 35
24 94 101 102 7
24 95 142 143 18
24 96 965 965 44
24 97 588 589 19
24 98 863 864 90
24 99 939 940 77
25 51 980 981 98
25 52 268 269 86
25 53 125 126 22
25 54 801 802 8
25 55 502 503 61
25 56 524 525 48
25 57 70 71 65
25 58 446 447 79
25 59 643 644 91
25 60 257 258 59
25 61 211 212 94
25 62 800 801 90
25 63 920 921 87
25 64 325 326 18
25 65 828 829 94
25 66 275 276 7
25 67 414 415 34
25 68 549 550 52
25 69 475 476 82
25 70 526 527 35
25 71 488 488 92
25 72 907 908 93
25 73 447 448 67
25 74 918 919 78
25 75 233 234 8
25 76 892 893 89
25 77 571 572 5
25 78 81 82 14
25 79 211 211 73
25 80 666 667 50
25 81 165 166 56
25 82 196 197 47
25 83 97 98 37
25 84 683 684 64
25 85 559 560 12
25 86 438 439 92
25 87 542 543 77
25 88 425 426 98
25 89 713 714 83
25 90 362 363 10
25 91 76 76 52
25 92 289 290 17
25 93 925 926 41
25 94 705 705 62
25 95 862 863 21
25 96 980 981 24
25 97 874 875 71
25 98 190 191 46
25 99 254 255 63
26 51 752 753 60
26 52 290 291 62
26 53 288 289 3
26 54 120 121 95
26 55 439 440 81
26 56 652 653 79
26 57 916 917 13
26 58 212 213 97
26 59 975 976 28
26 60 355 356 16
26 61 224 225 78
26 62 920 921 57
26 63 81 82 15
26 64 292 293 32
26 65 649 650 59
26 66 436 437 41
26 67 659 659 70
26 68 684 685 22
26 69 198 198 93
26 70 629 630 7
26 71 990 991 23
26 72 687 688 33
26 73 387 388 84
26 74 403 404 58
26 75 624 625 89
26 76 114 115 96
26 77 255 255 52
26 78 458 459 58
26 79 307 308 56
26 80 931 932 66
26 81 726 727 40
26 82 684 685 5
26 83 684 685 1
26 84 468 469 42
26 85 47 48 88
26 86 805 806 88
26 87 868 869 53
26 88 419 420 79
26 89 111 111 60
26 90 734 735 24
26 91 427 428 42
26 92 100 100 33
26 93 780 781 12
26 94 340 340 84
26 95 600 601 21
26 96 942 943 69
26 97 475 476 30
26 98 62 63 33
26 99 626 627 21
27 51 242 243 83
27 52 387 388 95
27 53 874 875 69
27 54 315 316 39
27 55 552 553 41
27 56 24 25 2
27 57 16 17 97
27 58 24 25 85
27 59 849 850 5
27 60 81 82 10
27 61 917 918 22
27 62 730 731 15
27 63 118 119 53
27 64 713 714 38
27 65 657 658 88
27 66 967 968 54
27 67 247 248 49
27 68 298 299 86
27 69 81 81 76
27 70 250 251 69
27 71 733 734 67
27 72 662 663 92
27 73 615 615 35
27 74 967 968 63
27 75 841 842 48
27 76 340 341 15
27 77 101 102 17
27 78 840 841 59
27 79 194 195 69
27 80 161 162 37
27 81 118 118 54
27 82 634 635 64
27 83 131 132 23
27 84 460 461 92
27 85 469 470 57
27 86 344 345 45
27 87 482 482 78
27 88 625 625 15
27 89 155 156 80
27 90 96 97 52
27 91 891 892 3
27 92 503 504 94
27 93 293 294 11
27 94 825 826 83
27 95 243 244 56
27 96 834 835 45
27 97 812 813 70
27 98 307 308 39
27 99 413 414 9
28 51 153 154 91
28 52 100 101 36
28 53 951 952 69
28 54 728 729 90
28 55 113 114 46
28 56 53 54 4
28 57 163 164 52
28 58 991 992 46
28 59 880 881 4
28 60 685 686 85
28 61 799 800 7
28 62 280 280 75
28 63 115 116 17
28 64 668 669 69
28 65 346 347 83
28 66 326 327 64
28 67 721 722 89
28 68 294 294 34
28 69 406 407 27
28 70 39 40 67
28 71 926 927 40
28 72 981 982 38
28 73 904 905 68
28 74 310 311 27
28 75 153 154 74
28 76 260 261 93
28 77 785 786 32
28 78 426 427 45
28 79 686 687 30
28 80 869 869 21
28 81 328 329 5
28 82 437 438 43
28 83 876 877 15
28 84 628 629 18
28 85 261 262 82
28 86 622 623 43
28 87 928 929 17
28 88 634 635 20
28 89 967 968 6
28 90 352 353 11
28 91 761 762 1
28 92 491 492 97
28 93 327 328 25
28 94 513 513 81
28 95 594 595 68
28 96 624 624 62
28 97 43 44 98
28 98 491 492 28
28 99 627 628 98
29 51 774 775 33
29 52 516 517 55
29 53 630 631 73
29 54 47 48 49
29 55 500 501 24
29 56 288 289 49
29 57 332 332 10
29 58 816 817 28
29 59 409 410 10
29 60 649 650 12
29 61 708 709 34
29 62 719 720 18
29 63 164 165 40
29 64 500 501 38
29 65 872 873 71
29 66 580 581 73
29 67 587 588 43
29 68 851 852 19
29 69 318 319 64
29 70 116 117 55
29 71 325 326 1
29 72 947 948 57
29 73 339 340 23
29 74 957 958 39
29 75 767 768 27
29 76 191 192 58
29 77 355 356 26
29 78 772 773 45
29 79 282 283 42
29 80 155 156 60
29 81 371 372 32
29 82 712 713 44
29 83 19 19 63
29 84 466 467 82
29 85 583 584 12
29 86 493 494 77
29 87 874 875 15
29 88 777 778 43
29 89 332 333 79
29 90 426 427 42
29 91 644 645 72
29 92 609 610 61
29 93 976 977 89
29 94 531 532 94
29 95 722 723 43
29 96 681 682 57
29 97 420 421 10
29 98 296 297 93
29 99 512 513 4
30 51 473 474 76
30 52 265 266 41
30 53 372 373 76
30 54 942 943 81
30 55 56 57 70
30 56 216 217 62
30 57 294 295 61
30 58 610 611 26
30 59 7 8 36
30 60 424 425 98
30 61 139 140 65
30 62 323 324 37
30 63 964 965 57
30 64 860 861 89
30 65 202 203 57
30 66 759 760 3
30 67 737 738 45
30 68 75 76 43
30 69 79 80 16
30 70 343 344 6
30 71 514 515 33
30 72 767 768 61
30 73 233 234 16
30 74 790 790 66
30 75 706 707 2
30 76 502 503 18
30 77 804 805 5
30 78 878 879 73
30 79 342 343 18
30 80 403 403 70
30 81 904 905 14
30 82 787 788 65
30 83 32 32 33
30 84 598 599 11
30 85 240 241 51
30 86 917 918 20
30 87 861 862 46
30 88 936 937 2
30 89 516 517 18
30 90 802 802 11
30 91 8 9 71
30 92 880 880 30
30 93 103 104 0
30 94 274 275 0
30 95 133 134 9
30 96 705 706 12
30 97 401 402 78
30 98 338 339 3
30 99 655 656 67
31 51 897 898 75
31 52 78 79 18
31 53 297 298 19
31 54 491 492 34
31 55 11 12 81
31 56 941 942 53
31 57 54 55 48
31 58 898 899 39
31 59 174 175 78
31 60 138 139 53
31 61 120 121 92
31 62 107 108 6
31 63 756 757 63
31 64 364 365 79
31 65 716 717 65
31 66 815 816 55
31 67 69 70 50
31 68 416 417 13
31 69 371 372 97
31 70 547 548 19
31 71 993 994 13
31 72 445 446 70
31 73 209 209 76
31 74 345 346 64
31 75 105 106 3
31 76 918 919 83
31 77 583 584 2
31 78 479 480 71
31 79 31 32 8
31 80 763 764 58
31 81 714 715 85
31 82 702 703 58
31 83 225 226 61
31 84 608 609 92
31 85 282 283 92
31 86 620 620 1
31 87 754 755 56
31 88 796 797 70
31 89 956 957 45
31 90 227 227 64
31 91 801 802 74
31 92 747 748 4
31 93 320 321 83
31 94 449 450 47
31 95 568 569 94
31 96 861 862 46
31 97 684 685 11
31 98 726 726 90
31 99 46 46 89
32 51 909 910 51
32 52 967 968 15
32 53 216 217 57
32 54 573 573 63
32 55 827 828 89
32 56 310 311 86
32 57 482 483 95
32 58 29 30 42
32 59 994 995 11
32 60 779 780 38
32 61 664 665 36
32 62 351 352 81
32 63 58 59 59
32 64 233 234 45
32 65 973 973 5
32 66 387 388 6
32 67 639 639 12
32 68 153 154 90
32 69 894 894 19
32 70 371 372 6
32 71 968 969 92
32 72 472 473 57
32 73 653 654 51
32 74 502 503 57
32 75 929 929 77
32 76 199 200 52
32 77 222 223 96
32 78 5 6 68
32 79 354 355 78
32 80 226 227 84
32 81 285 286 73
32 82 745 746 5
32 83 182 182 17
32 84 289 289 96
32 85 822 823 65
32 86 475 476 19
32 87 485 486 54
32 88 738 739 75
32 89 35 36 34
32 90 499 500 22
32 91 354 355 36
32 92 541 542 27
32 93 202 203 26
32 94 562 563 37
32 95 277 278 48
32 96 854 855 50
32 97 413 414 83
32 98 792 793 53
32 99 290 290 7
33 51 687 688 98
33 52 688 689 9
33 53 86 87 39
33 54 240 240 53
33 55 659 660 57
33 56 678 679 59
33 57 549 550 22
33 58 667 668 60
33 59 860 860 27
33 60 900 901 47
33 61 157 158 84
33 62 491 492 51
33 63 262 263 36
33 64 628 629 21
33 65 71 72 16
33 66 11 12 19
33 67 74 75 88
33 68 396 397 80
33 69 348 349 41
33 70 931 931 54
33 71 508 508 54
33 72 541 542 30
33 73 979 979 64
33 74 870 871 67
33 75 165 166 7
33 76 292 293 1
33 77 639 640 69
33 78 724 725 6
33 79 921 922 38
33 80 884 885 56
33 81 767 768 1
33 82 297 298 65
33 83 274 275 23
33 84 298 299 24
33 85 508 509 71
33 86 548 549 97
33 87 420 421 88
33 88 800 801 32
33 89 598 599 15
33 90 794 795 90
33 91 791 792 56
33 92 339 340 24
33 93 727 728 40
33 94 536 537 46
33 95 560 561 91
33 96 812 813 36
33 97 471 472 92
33 98 92 93 27
33 99 600 601 58
34 51 426 427 75
34 52 223 224 90
34 53 221 222 87
34 54 252 253 98
34 55 79 80 18
34 56 550 551 38
34 57 334 335 77
34 58 563 564 37
34 59 447 448 51
34 60 246 247 77
34 61 320 321 19
34 62 931 931 18
34 63 564 565 66
34 64 952 953 90
34 65 13 14 36
34 66 924 925 91
34 67 333 334 55
34 68 92 93 7
34 69 141 142 77
34 70 115 116 68
34 71 522 523 98
34 72 922 923 28
34 73 756 757 71
34 74 96 97 15
34 75 777 778 88
34 76 500 501 29
34 77 834 835 59
34 78 41 42 47
34 79 972 973 4
34 80 849 850 49
34 81 970 971 69
34 82 605 606 95
34 83 481 482 55
34 84 284 285 20
34 85 100 101 62
34 86 682 683 64
34 87 185 186 21
34 88 674 675 55
34 89 619 620 0
34 90 31 31 1
34 91 865 866 9
34 92 896 897 51
34 93 904 905 85
34 94 691 692 71
34 95 84 85 42
34 96 443 444 11
34 97 709 710 29
34 98 796 797 56
34 99 551 552 25
35 51 446 447 50
35 52 954 955 57
35 53 880 881 82
35 54 572 573 68
35 55 176 177 97
35 56 387 388 62
35 57 32 33 92
35 58 304 305 34
35 59 715 716 42
35 60 416 417 89
35 61 704 705 71
35 62 396 397 97
35 63 421 421 48
35 64 804 805 35
35 65 904 905 11
35 66 744 744 62
35 67 563 564 83
35 68 159 160 93
35 69 198 199 72
35 70 939 939 40
35 71 433 433 79
35 72 516 517 22
35 73 18 19 4
35 74 828 829 31
35 75 180 181 81
35 76 396 397 14
35 77 697 698 55
35 78 389 390 96
35 79 880 881 98
35 80 201 202 10
35 81 130 131 86
35 82 866 867 93
35 83 794 795 4
35 84 3 4 6
35 85 76 77 88
35 86 222 223 41
35 87 864 865 11
35 88 134 135 84
35 89 934 935 7
35 90 927 928 90
35 91 155 156 67
35 92 162 163 51
35 93 237 238 2
35 94 221 222 69
35 95 324 325 1
35 96 906 907 69
35 97 698 699 38
35 98 783 783 69
35 99 708 708 32
36 51 606 607 12
36 52 49 50 19
36 53 342 343 67
36 54 291 292 20
36 55 665 666 93
36 56 283 284 69
36 57 999 1000 18
36 58 378 379 55
36 59 868 869 20
36 60 757 758 93
36 61 805 806 28
36 62 360 361 36
36 63 761 762 6
36 64 87 88 80
36 65 269 270 50
36 66 513 514 64
36 67 456 457 7
36 68 606 607 23
36 69 433 433 96
36 70 410 411 96
36 71 598 599 16
36 72 58 59 93
36 73 966 967 22
36 74 527 528 90
36 75 800 801 63
36 76 408 409 53
36 77 734 735 61
36 78 541 542 61
36 79 205 206 80
36 80 570 571 33
36 81 318 319 88
36 82 288 289 10
36 83 570 571 49
36 84 98 99 71
36 85 544 545 74
36 86 326 326 28
36 87 555 556 25
36 88 275 276 49
36 89 427 428 97
36 90 386 387 53
36 91 776 777 29
36 92 136 137 84
36 93 814 815 18
36 94 522 523 52
36 95 741 742 5
36 96 674 675 52
36 97 905 906 23
36 98 290 291 26
36 99 98 99 50
37 51 62 63 83
37 52 244 244 0
37 53 551 552 37
37 54 225 226 95
37 55 972 973 14
37 56 429 430 24
37 57 916 917 91
37 58 979 980 58
37 59 138 139 7
37 60 71 72 95
37 61 672 673 33
37 62 243 243 33
37 63 720 721 72
37 64 918 919 61
37 65 182 183 60
37 66 489 490 53
37 67 593 594 68
37 68 780 781 18
37 69 4 5 12
37 70 361 362 84
37 71 520 521 11
37 72 6 7 37
37 73 949 950 57
37 74 425 426 76
37 75 640 641 96
37 76 743 744 31
37 77 695 695 23
37 78 646 647 50
37 79 283 284 39
37 80 764 765 73
37 81 501 502 81
37 82 328 329 34
37 83 348 349 50
37 84 847 848 2
37 85 478 479 55
37 86 849 850 21
37 87 469 470 47
37 88 405 406 31
37 89 492 493 49
37 90 962 963 74
37 91 426 427 20
37 92 288 289 82
37 93 238 239 65
37 94 950 951 54
37 95 732 733 53
37 96 533 534 68
37 97 958 959 24
37 98 493 494 78
37 99 935 936 21
38 51 895 896 41
38 52 404 404 15
38 53 107 108 97
38 54 700 701 47
38 55 322 323 35
38 56 193 193 44
38 57 502 503 5
38 58 767 768 72
38 59 73 74 20
38 60 53 54 72
38 61 59 60 49
38 62 922 923 2
38 63 760 761 95
38 64 370 371 20
38 65 698 699 71
38 66 289 290 66
38 67 51 51 35
38 68 927 928 25
38 69 917 917 51
38 70 348 348 94
38 71 133 134 8
38 72 342 343 39
38 73 93 93 62
38 74 192 193 19
38 75 754 755 14
38 76 837 838 57
38 77 637 638 28
38 78 38 39 98
38 79 965 966 22
38 80 497 498 39
38 81 21 22 87
38 82 603 604 12
38 83 658 659 70
38 84 758 759 37
38 85 665 666 53
38 86 110 111 70
38 87 502 503 24
38 88 632 633 86
38 89 79 80 71
38 90 325 326 25
38 91 898 899 19
38 92 158 159 71
38 93 485 486 64
38 94 984 985 22
38 95 885 886 22
38 96 738 739 26
38 97 608 609 78
38 98 92 93 52
38 99 278 279 19
39 51 554 555 65
39 52 29 30 1
39 53 633 634 83
39 54 469 470 57
39 55 170 171 32
39 56 405 406 79
39 57 741 741 3
39 58 523 524 66
39 59 223 224 50
39 60 465 466 96
39 61 991 992 50
39 62 702 703 67
39 63 133 134 39
39 64 202 203 55
39 65 228 229 96
39 66 686 687 17
39 67 379 380 19
39 68 59 60 97
39 69 662 663 18
39 70 363 363 73
39 71 162 163 55
39 72 845 846 37
39 73 808 809 40
39 74 396 397 47
39 75 417 418 37
39 76 274 274 21
39 77 244 245 3
39 78 49 50 15
39 79 596 597 82
39 80 611 612 83
39 81 277 278 97
39 82 106 107 56
39 83 400 401 43
39 84 634 635 48
39 85 429 430 60
39 86 886 887 15
39 87 760 760 98
39 88 776 777 92
39 89 687 688 44
39 90 733 734 2
39 91 763 764 35
39 92 976 977 67
39 93 22 23 73
39 94 774 775 88
39 95 980 981 52
39 96 474 475 64
39 97 293 294 1
39 98 978 979 73
39 99 729 730 51
40 51 698 699 37
40 52 189 190 47
40 53 799 800 85
40 54 757 758 18
40 55 871 871 75
40 56 794 794 74
40 57 198 199 8
40 58 158 159 33
40 59 932 933 1
40 60 94 94 71
40 61 478 479 72
40 62 784 785 67
40 63 569 570 24
40 64 820 821 67
40 65 191 192 34
40 66 352 353 70
40 67 795 796 27
40 68 454 454 92
40 69 7 8 47
40 70 585 586 6
40 71 936 936 82
40 72 336 336 84
40 73 672 673 66
40 74 674 675 49
40 75 868 869 0
40 76 483 484 54
40 77 671 671 98
40 78 374 375 9
40 79 967 968 6
40 80 195 196 24
40 81 383 384 21
40 82 658 659 71
40 83 837 838 37
40 84 65 66 36
40 85 628 629 96
40 86 83 84 39
40 87 845 846 68
40 88 778 779 56
40 89 481 482 88
40 90 790 791 68
40 91 810 811 47
40 92 774 775 72
40 93 83 84 29
40 94 526 527 57
40 95 572 573 48
40 96 10 11 93
40 97 875 876 25
40 98 682 683 9
40 99 496 497 33
41 51 582 583 69
41 52 536 537 61
41 53 964 965 13
41 54 532 533 33
41 55 839 840 40
41 56 474 475 89
41 57 859 860 77
41 58 916 917 17
41 59 807 808 1
41 60 192 193 49
41 61 425 425 32
41 62 889 890 81
41 63 416 417 36
41 64 435 436 25
41 65 862 863 60
41 66 116 117 20
41 67 356 357 86
41 68 513 514 79
41 69 883 883 79
41 70 71 72 8
41 71 568 569 87
41 72 876 877 64
41 73 872 873 3
41 74 644 645 62
41 75 445 446 76
41 76 624 625 52
41 77 431 432 25
41 78 252 252 11
41 79 54 55 83
41 80 816 817 84
41 81 46 47 63
41 82 801 802 20
41 83 532 533 6
41 84 329 330 94
41 85 833 834 82
41 86 829 830 41
41 87 733 733 96
41 88 661 662 86
41 89 765 766 49
41 90 817 818 2
41 91 576 577 42
41 92 521 522 25
41 93 471 472 43
41 94 830 831 3
41 95 587 588 79
41 96 216 217 32
41 97 187 188 50
41 98 560 561 71
41 99 742 743 22
42 51 967 968 39
42 52 285 286 98
42 53 5 6 92
42 54 661 662 41
42 55 558 559 89
42 56 348 349 40
42 57 555 556 8
42 58 113 113 75
42 59 477 478 41
42 60 721 722 41
42 61 391 392 77
42 62 240 241 15
42 63 821 821 51
42 64 949 949 88
42 65 927 928 3
42 66 409 410 34
42 67 626 627 20
42 68 280 281 69
42 69 169 170 13
42 70 169 170 13
42 71 672 673 57
42 72 67 68 45
42 73 114 115 94
42 74 992 993 31
42 75 763 764 44
42 76 159 160 61
42 77 536 537 90
42 78 724 725 67
42 79 493 494 73
42 80 99 100 18
42 81 575 576 34
42 82 749 750 87
42 83 956 957 13
42 84 34 35 48
42 85 952 953 35
42 86 632 633 60
42 87 626 627 7
42 88 10 10 32
42 89 277 277 3
42 90 172 172 80
42 91 171 172 35
42 92 238 238 72
42 93 159 160 24
42 94 776 777 38
42 95 82 83 53
42 96 46 47 85
42 97 705 706 53
42 98 235 236 10
42 99 52 53 45
43 51 706 707 29
43 52 586 587 61
43 53 914 915 21
43 54 259 260 83
43 55 442 443 89
43 56 734 734 94
43 57 638 639 43
43 58 869 870 60
43 59 521 521 2
43 60 830 831 73
43 61 924 925 88
43 62 883 884 67
43 63 909 910 87
43 64 419 420 12
43 65 827 828 50
43 66 226 227 78
43 67 561 562 84
43 68 367 368 53
43 69 209 210 62
43 70 325 326 40
43 71 35 36 76
43 72 933 934 29
43 73 398 399 29
43 74 313 314 3
43 75 974 975 81
43 76 339 340 35
43 77 719 720 75
43 78 175 175 97
43 79 377 378 3
43 80 583 583 5
43 81 812 813 12
43 82 542 543 11
43 83 734 735 10
43 84 191 192 13
43 85 659 660 21
43 86 559 560 33
43 87 564 565 52
43 88 224 225 61
43 89 715 716 71
43 90 639 640 62
43 91 973 974 76
43 92 688 689 91
43 93 201 202 96
43 94 384 385 17
43 95 81 81 30
43 96 732 733 65
43 97 503 504 97
43 98 976 977 45
43 99 74 75 53
44 51 554 555 76
44 52 968 968 36
44 53 449 449 2
44 54 981 982 19
44 55 488 489 25
44 56 413 414 74
44 57 431 432 50
44 58 535 536 29
44 59 100 101 3
44 60 740 741 20
44 61 989 989 78
44 62 62 63 32
44 63 393 394 47
44 64 931 932 40
44 65 488 489 92
44 66 764 765 58
44 67 17 18 98
44 68 401 402 88
44 69 395 396 59
44 70 648 649 54
44 71 509 510 16
44 72 38 39 36
44 73 25 26 70
44 74 548 549 92
44 75 702 703 91
44 76 189 190 25
44 77 614 615 6
44 78 232 233 64
44 79 536 537 16
44 80 689 690 42
44 81 487 488 52
44 82 469 470 1
44 83 970 971 43
44 84 406 407 40
44 85 244 245 83
44 86 27 28 51
44 87 831 831 89
44 88 227 228 97
44 89 669 670 15
44 90 611 612 72
44 91 688 689 31
44 92 663 663 38
44 93 867 868 72
44 94 142 143 17
44 95 352 353 34
44 96 161 161 15
44 97 363 364 2
44 98 652 653 20
44 99 406 407 63
45 51 294 295 69
45 52 367 368 97
45 53 294 294 59
45 54 135 135 36
45 55 342 343 74
45 56 364 365 41
45 57 429 430 57
45 58 617 618 33
45 59 600 601 74
45 60 572 573 4
45 61 288 289 53
45 62 473 474 47
45 63 450 451 15
45 64 189 190 81
45 65 258 259 68
45 66 150 151 1
45 67 97 97 9
45 68 41 42 65
45 69 730 731 14
45 70 931 932 80
45 71 767 768 98
45 72 788 789 71
45 73 345 346 65
45 74 809 809 33
45 75 928 929 67
45 76 233 234 45
45 77 272 273 44
45 78 291 291 74
45 79 756 757 80
45 80 22 23 83
45 81 335 336 36
45 82 624 625 59
45 83 641 642 82
45 84 531 532 70
45 85 22 23 80
45 86 797 798 60
45 87 910 911 50
45 88 839 840 67
45 89 648 649 73
45 90 256 257 81
45 91 600 601 16
45 92 874 875 66
45 93 99 99 9
45 94 566 567 96
45 95 464 465 70
45 96 596 597 41
45 97 570 571 96
45 98 550 551 7
45 99 771 772 45
46 51 549 550 10
46 52 267 268 89
46 53 139 140 17
46 54 506 507 98
46 55 163 163 27
46 56 194 195 60
46 57 478 479 30
46 58 360 361 17
46 59 896 897 39
46 60 956 957 49
46 61 658 659 38
46 62 54 55 2
46 63 169 170 16
46 64 596 596 43
46 65 550 551 48
46 66 594 595 16
46 67 23 24 81
46 68 201 202 75
46 69 271 272 84
46 70 243 243 44
46 71 554 555 71
46 72 86 87 39
46 73 363 364 16
46 74 439 440 98
46 75 753 753 32
46 76 129 130 90
46 77 223 224 63
46 78 261 262 84
46 79 907 908 80
46 80 916 916 23
46 81 10 11 27
46 82 4 5 24
46 83 866 867 66
46 84 199 200 14
46 85 727 728 74
46 86 602 603 44
46 87 554 555 27
46 88 764 765 4
46 89 95 96 52
46 90 862 863 68
46 91 46 47 88
46 92 850 851 15
46 93 517 518 55
46 94 310 311 65
46 95 196 197 13
46 96 675 676 76
46 97 449 450 1
46 98 921 922 34
46 99 900 900 20
47 51 46 47 53
47 52 485 486 65
47 53 623 624 62
47 54 157 158 15
47 55 77 77 52
47 56 763 764 19
47 57 444 445 38
47 58 360 361 24
47 59 456 456 4
47 60 932 933 9
47 61 753 754 57
47 62 635 636 78
47 63 192 192 77
47 64 682 683 36
47 65 522 523 93
47 66 935 936 62
47 67 933 934 64
47 68 48 48 89
47 69 833 834 0
47 70 106 107 44
47 71 281 282 41
47 72 213 213 42
47 73 26 27 73
47 74 725 726 7
47 75 227 228 68
47 76 621 622 14
47 77 629 630 81
47 78 807 808 22
47 79 892 893 67
47 80 431 432 96
47 81 543 544 68
47 82 529 530 61
47 83 693 694 66
47 84 752 753 20
47 85 785 786 33
47 86 520 521 91
47 87 271 272 7
47 88 198 199 88
47 89 167 168 23
47 90 159 160 49
47 91 546 547 98
47 92 102 103 49
47 93 2 3 7
47 94 978 979 51
47 95 375 375 92
47 96 407 408 23
47 97 439 440 74
47 98 620 621 19
47 99 798 799 69
48 51 69 70 58
48 52 822 823 53
48 53 577 578 91
48 54 584 585 13
48 55 231 232 49
48 56 524 525 59
48 57 125 126 93
48 58 742 743 87
48 59 265 266 62
48 60 729 730 81
48 61 627 628 26
48 62 648 649 45
48 63 762 763 26
48 64 227 227 25
48 65 198 199 64
48 66 127 128 13
48 67 999 1000 22
48 68 545 546 4
48 69 828 829 29
48 70 932 933 89
48 71 494 495 28
48 72 704 705 15
48 73 534 535 2
48 74 478 479 77
48 75 524 524 63
48 76 690 691 75
48 77 450 451 45
48 78 360 361 94
48 79 872 873 77
48 80 178 179 57
48 81 633 634 34
48 82 968 969 1
48 83 678 679 35
48 84 577 577 15
48 85 345 346 16
48 86 666 667 60
48 87 933 934 31
48 88 413 414 23
48 89 52 52 36
48 90 899 900 91
48 91 665 666 8
48 92 252 253 16
48 93 359 359 40
48 94 566 567 33
48 95 553 554 89
48 96 125 125 81
48 97 812 812 69
48 98 482 483 40
48 99 770 771 9
49 51 335 336 45
49 52 880 881 89
49 53 10 11 89
49 54 394 395 52
49 55 72 73 47
49 56 486 487 56
49 57 716 717 82
49 58 302 303 88
49 59 344 345 27
49 60 482 483 49
49 61 427 427 7
49 62 149 150 7
49 63 387 388 6
49 64 303 304 92
49 65 237 238 78
49 66 843 844 35
49 67 259 260 17
49 68 937 937 93
49 69 365 366 16
49 70 487 488 58
49 71 899 900 30
49 72 932 933 98
49 73 354 355 53
49 74 653 654 18
49 75 149 150 61
49 76 395 396 16
49 77 46 47 55
49 78 837 838 93
49 79 541 542 86
49 80 658 659 4
49 81 208 209 42
49 82 993 994 71
49 83 276 277 51
49 84 165 166 70
49 85 771 772 90
49 86 723 724 84
49 87 366 367 23
49 88 630 631 73
49 89 109 110 10
49 90 229 230 20
49 91 876 877 47
49 92 122 123 76
49 93 168 169 49
49 94 159 160 23
49 95 491 492 54
49 96 109 110 64
49 97 780 781 70
49 98 685 686 31
49 99 875 876 11
51 102 25524 25525 42
52 102 23478 23479 15
53 102 23587 23588 9
54 102 24459 24460 25
55 102 22549 22550 38
56 102 23995 23996 87
57 102 23007 23008 17
58 102 25581 25582 15
59 102 26904 26905 40
60 102 23929 23930 29
61 102 26681 26682 58
62 102 25763 25764 62
63 102 26103 26104 82
64 102 24241 24242 59
65 102 24236 24237 66
66 102 24720 24721 35
67 102 22844 22845 5
68 102 22239 22240 74
69 102 21264 21265 56
70 102 24159 24160 21
71 102 25569 25570 97
72 102 28487 28488 97
73 102 23409 23410 15
74 102 25321 25322 43
75 102 25011 25012 82
76 102 20088 20089 40
77 102 21384 21385 48
78 102 20391 20392 13
79 102 24821 24822 4
80 102 24610 24611 90
81 102 22802 22802 57
82 102 29243 29244 75
83 102 24866 24867 10
84 102 20272 20273 83
85 102 25225 25226 69
86 102 28566 28567 19
87 102 27331 27332 88
88 102 28206 28207 57
89 102 24400 24401 92
90 102 26903 26904 92
91 102 27962 27963 31
92 102 22800 22801 71
93 102 23502 23503 10
94 102 25864 25865 2
95 102 22341 22342 98
96 102 27494 27495 79
97 102 26134 26135 4
98 102 25694 25695 35
99 102 26622 26623 56
