52 48
57.05 73.66 38.74 80.83 110.51 34.89 55.15 32.85 29.16 32.52 2.76 48.11 98.45 71.22 33.26 111.81 69.63 92.37 92.69 71.56 1.04 89.74 42.84 19.9 74.94 81.24 67.6 8.75 35.44 29.29 43.11 92.81 21.61 54.27 109.39 43.27 59.16 50.42 89.83 5.03 36.26 70.81 86.83 47.87 89.68 78.56 29.42 94.36 
40.38 105.35 72.67 64.41 58.51 81.49 92.13 39.47 85.62 103.53 4.67 64.02 19.73 62.17 12.69 56.63 55.31 1.38 87.59 102.19 116.6 90.43 73.2 104.91 15.2 46.58 25.07 81.81 33.31 9.98 43.32 37.42 114.89 99.82 93.68 30.29 13.97 11.44 16.36 68.53 116.54 64.46 115.26 62.52 28.51 93.61 86.75 89.31 
7.18 4.12 89.26 109.77 87.57 10.29 101.71 72.29 28.74 103.18 59.36 31.02 54.09 71.57 10.63 6.16 61.54 1.32 107.05 26.41 105.37 72.65 0.03 15.86 90.21 15.97 103.12 83.5 36.53 31.48 72.5 51.49 88.53 34.07 45.49 0.6 1.6 78.34 41.19 11.25 3.54 30.46 37.05 107.62 82.19 70.06 55.73 102.36 
76.27 37.18 49.99 21.71 35.79 6.09 62.33 62.84 42.82 23.15 77.23 52.63 112.71 92.38 18.5 50.06 21.66 37 56.61 40.31 112.98 59.29 25.19 62.48 58.92 38.11 66.39 68.82 36.56 68.19 7.06 83.99 102.03 15.93 28.95 93.89 8.08 32.14 18.11 20.7 71.48 86.24 27.08 4.33 52.37 40.82 44.02 57.78 
74.44 77.16 117.14 65.97 62.12 104.47 113.61 88.15 112.81 100.27 70.8 81.92 87.25 4.29 91.39 8 37.31 113.21 4.48 22.68 56.88 102.47 68 25.99 59.24 61.66 46.05 2.76 99 94.38 90.37 110.37 117.39 74.95 49.42 88.71 68.21 83.87 96.7 66.09 52.4 73.61 51.25 16.25 0.12 33.76 3.51 45.84 
64.96 85.83 2.1 115.93 48.63 5.38 76.57 2.11 15.44 107.62 69.04 76.47 104.48 83.89 51.53 109.41 29.27 16.57 42.05 31.39 64.26 58.14 45.09 88.65 61.82 90.24 59.91 59.6 28.16 4.3 7.3 38.9 74.72 84.09 111.13 82.21 21.83 21.2 110.81 53.36 89.38 55.19 3.13 100.43 106.51 57.22 36.52 84.75 
38.51 33.11 72.46 17.28 37.33 81.6 61.12 101.43 84.85 99.49 55.78 10.12 59.07 19.58 83.28 22.15 43.64 75.47 79.09 13.83 17.5 4.55 72.4 84.67 45.63 63.59 3.62 5.67 13.55 82.22 94.41 76.47 15.13 111.77 77.61 42.42 94.97 71.54 16.48 60.3 60.87 116.47 101.78 49.73 74.75 58.93 60.37 14.43 
36.04 66.91 32.41 85.51 39.05 27.09 12.71 102.81 37.36 95.48 14.67 41.65 37.87 102.36 82.6 16.87 73.39 69.55 19.34 14.55 71.16 30.58 63.21 49.33 55.53 12.44 49.65 88.72 19.49 109.02 21.48 97.54 59.18 65.85 4.32 108.72 39.7 75.06 27.47 98.5 3.71 48.74 31.63 41.88 26.49 68.48 60.91 110.87 
48.24 77.99 28.66 15.48 103.68 60.34 57.38 18.52 64.78 104.85 64.7 28.16 115.04 32.14 107.62 9.47 115.95 80.23 13.97 16.29 53.09 76.77 60.8 7.34 36.43 5.04 35.74 13.93 103.88 43.06 107.14 48.9 84.17 73.08 12.83 26.13 109.42 46.4 4.82 46.1 92.82 29.94 101.07 61.2 34.6 90.97 84.75 9.47 
60.52 39.44 13.69 85.86 62.67 45.79 101.14 102.87 104.87 20.21 72.05 74.16 81.98 108.56 3.12 56.36 46.33 83 60.91 30.81 112.02 38.71 47.31 10.87 74.17 53.46 46.08 30.32 82.85 30.79 78.26 26.72 44 44.08 7 87.43 1.67 15.7 50.67 78.84 56.01 58.92 40.87 40.95 115.5 66.1 99.78 106.51 
96.84 110.07 64.56 4.54 111.28 107.17 30.69 37.87 69.61 22.32 35.34 83.85 81.21 9.86 74.54 104.94 68.79 24.55 113.96 56.73 1.76 1.1 52.92 111.23 7.44 7.29 89.66 24.79 72.92 25.47 45.32 91.21 78.36 12.76 5.56 70.13 69.42 13.99 42.21 26.41 17.52 32.56 32.21 84.75 102.21 10.49 65.34 23.06 
14.88 3.38 112.8 20.26 0.06 36.54 86.11 58.63 46.04 14.31 76.78 100.57 73.86 63.78 30.69 95.87 65.21 95.7 87.64 39.77 108.1 66.1 3.75 69.31 87.95 115.41 12.32 57.47 76.53 73.93 47.81 42.34 59.26 29.99 69 34.25 66.79 32.23 42.16 91.18 44.63 58.77 95.11 45.21 108.69 94.76 68.88 59.15 
35.69 100.36 1.99 30.37 62.81 0.36 78.58 21.02 39.83 40.23 94.14 56.16 106.93 78.09 89.74 53.88 20.5 48.86 46.53 27.67 77.62 23.72 54.38 87.93 2.29 28.27 52.71 72.09 117.59 78.51 33.89 86.97 67.98 43.65 93.68 84.3 85.42 45.65 16.02 21.23 73.42 87.89 1.68 73.05 62.66 65.22 107.35 103.37 
79.42 84.06 68.9 77.22 94.05 13.88 90.73 29.82 58.1 112.27 26.84 31.34 55.82 21.43 106.41 112.12 78.93 87.38 64.68 37.62 67.98 31.49 55.4 101.81 69.54 2.38 73.81 64.76 103.04 97.55 34.83 76.05 111.18 54.72 53.85 67.02 21.96 78.23 32.91 52.4 84.38 2.34 80.67 77.74 11.81 94.26 53.18 51.31 
85.3 13.44 87.47 18.47 100.94 43.41 22.08 3.6 101.71 39.22 45.27 5.04 9.53 73.98 74.11 64.45 51.86 77.57 74.58 41.58 18.37 102.6 3.97 12.75 79.72 72.23 66.19 16.6 89.04 107.37 65.64 2.18 7.8 23.6 58.05 1.4 80.2 3.57 100.81 14.97 15.65 35.09 29.67 27.97 116.02 57.72 104.8 92.28 
16.47 20.05 33.23 23.51 98.45 110.84 79.66 93.25 25.7 40.87 96.26 23.18 13.16 61.79 104.58 111.59 116.81 18.77 80.61 69.75 87.49 37.46 48.66 106.91 72.06 75.77 21.11 36.1 50.88 79.29 77.22 36.53 115.69 38.83 13.75 12.46 3.74 81.44 13.4 79.78 69.15 85.95 33.61 106.59 35.9 31.24 44.5 117.28 
100.91 4.64 88.25 8.86 48.92 15.57 61.11 50.93 107.94 64.26 78.63 92.34 60.23 32.22 91.38 85.77 75.42 55.06 20.67 90.51 41.99 12.88 9.7 4.5 103.87 19.06 1.83 69.59 4.78 83.07 66.6 3.27 51.02 92.8 12.56 53.15 76.43 117.06 50.32 21.79 112.87 113.7 62.7 67.02 38.64 0.7 81.98 84.77 
36.55 3 57.01 94.47 102.98 15.28 42.38 27.8 31.92 18.9 57.73 33.4 18.43 94.94 3.41 65.13 66.31 53.92 19.68 61.17 87.41 16.37 25.47 73.88 45.72 22.67 16.76 96.23 79.15 36.24 15.42 59.24 109.23 106.13 59.01 8.87 52.65 114.47 64.32 19 78.65 28.65 7.95 57.32 7.28 17.19 20.53 6.03 
31.91 39.55 51.93 12.83 79.65 24.29 27.45 74.76 97.01 88.63 48.05 44.43 14.91 26.97 73.17 84.11 45.22 90.04 40.42 45.04 8.05 41.19 86.43 14.61 19.36 83.68 11.69 20.65 73.84 3.46 13.94 50.37 11.91 57.38 76.51 9.44 27.1 104.95 49.85 46.58 19.82 45.87 40.03 94.54 87.15 25.4 61.65 87.56 
11.25 8.5 66.22 116.33 75.01 70.91 45.96 22.44 17.98 101.82 69.67 29.53 113.46 5.09 80.92 52.4 39.66 36.55 20.15 12.44 10.49 45.43 26.28 48.1 34.88 87.45 110.68 105.16 41.25 103.99 81.41 73.34 116.99 72.75 108.22 47.82 99.46 53.36 3.56 99.49 63.34 1.41 24.13 10.09 75.54 32.37 10.18 100.04 
117.8 12.1 96.8 25.59 7.63 59.49 79.07 95.6 96.2 13.95 9.83 70 109.71 80.21 67.62 108.13 22.03 9.88 32.46 35.72 7.79 2.64 25.22 38.01 100.95 94.28 69.86 36.25 42.61 76.58 27.74 94.37 100.25 97.5 46.87 4.47 37.8 79.55 73.54 32.3 9.04 19.44 102.24 77.82 68.12 66.49 52.5 71.78 
36.96 32.14 4.8 43.58 3.85 97.19 90.64 86.2 31.86 37.4 33.51 80.98 99.71 4.65 116.38 64.74 46.21 13.7 3.38 117.68 70.08 58.01 77.44 39.33 19.99 88.82 4.11 51.15 34.84 90.97 100.01 51.45 61.28 63.53 20.05 52.08 96.91 37.01 14.2 95.75 41.48 90.91 28.92 55.33 5.55 18.56 40.83 103.42 
102.19 19.54 45.17 78.91 9.62 58.91 32.13 45.68 56.2 63.14 90.93 7.57 12.73 31.06 17.08 0.19 108.11 15.98 110.44 71.6 75.37 93.21 61.33 7.66 22.11 4.42 103.14 109.75 111.4 77.88 4.27 24.22 3.57 111.95 53.64 11.94 91.73 62 81.42 69.64 1.5 58.9 54.96 47.06 58.72 20.17 61.7 64.6 
41.85 24.16 19.14 76.94 96.75 58.45 109.84 100.83 71.36 12.72 92.07 57.76 49.24 96.85 44.54 31.56 71.45 52.38 0.35 70.26 94.81 79.62 112.11 87.05 49.27 36.16 20.07 24.36 35.19 81.07 77.91 61.22 23.87 105.27 51.5 7.33 32.33 34.13 55.51 48.02 111.77 49.76 27.14 31.31 29.84 9.72 34.13 12.41 
97.8 48.43 78.77 70.45 48.37 13.47 81.68 83.98 113.55 112.45 69.63 59.93 16.67 112.15 72.08 12.78 66.79 93.65 0.4 41.35 69.87 49.94 88.23 30.6 87.84 88.96 43.68 74.08 4.11 6.71 74.34 47.31 106.22 45.87 61.52 94.85 115.05 112.91 32.03 56.73 24.97 25.39 49.52 28.99 13.77 31.78 82.29 83.99 
60.86 72.81 63.91 73.38 19.22 11.19 114.54 4.18 96.68 12.55 104.83 76.13 29.74 114.7 22.04 17.38 36.93 108.95 8.47 45.8 53.26 109.94 23.04 11.86 29.11 76.84 53.87 98.84 104.88 67.04 7.66 16.71 101.64 35.07 45.64 92.84 33.04 40.26 72.67 26.26 113.03 4.63 2.64 101.62 61.5 52.9 54.57 49.99 
114.47 13.7 4.3 52.47 55.87 18.88 54.64 18.86 13.16 58.12 57.3 20.8 55.87 19.27 15.01 87.79 56.89 38.57 10.06 53.55 16.71 17.11 115.91 7.6 54.54 13.74 38.65 61.09 95.63 32.51 39.55 46.73 73.25 8.72 1.6 64.06 29.51 83.73 79.45 78.4 4.31 75.03 111.98 74.32 93.35 37.5 14.19 59.59 
105.08 76.64 99.19 18.09 87.79 12.4 22.56 117.85 44.17 80.62 15.67 91.88 51.82 101.4 47.06 63.77 76.37 80.71 69.45 85.84 40.29 57.47 108.15 18.08 103.28 50.51 85.25 83.9 39.75 15.76 77.38 85.08 78.89 37.7 34.21 78.77 24.92 90.42 100.99 25.88 82.51 10.46 101.61 98.67 100.9 38.7 47.11 114.87 
59.16 7.21 53.18 61.13 116.74 14.36 77.74 29.78 39.79 52.4 105.34 113.45 33.91 51.36 59.85 117.79 42.66 99.43 59.53 82.66 41.2 86.81 87.54 92.53 113.06 28.3 57.31 94.9 74.76 11.29 94.16 40.66 44.24 77.26 32.6 68.38 53.85 36.07 101.3 53.24 23.85 17.26 76.69 73.26 72.82 39.31 44.52 95.16 
29.99 6.87 25.09 24.51 89.84 14.17 65.3 98.82 48.61 5.65 22.48 32.09 56.44 100.63 24.62 111.37 76.22 108.36 47.09 97.76 28.37 79.86 8.55 38.43 90.37 79.22 111.91 100.42 24.22 51.6 54.36 82.86 17.43 95.65 107 99.56 47.52 10.45 17.35 45.67 33.61 50.53 108.98 62.17 52.41 41.53 21.69 96.49 
89.92 36.53 42.86 51.14 9.89 31.31 80.29 89.94 112.93 57.84 73.48 7.7 33.34 88.51 65.03 38.81 68.8 111.84 74.27 113.38 54.64 89.25 76.52 23.3 102.71 100.78 21.57 65.48 110.61 87.14 24.18 50.68 94.86 99.59 70.02 83.51 22.05 32.03 0.02 112.91 65.01 35.55 111.09 17.96 24.49 39.69 110.25 75.52 
60.24 38.03 113.75 71.99 70.79 74.47 26.94 53.13 102.92 68.36 27.2 43.72 58.07 12.23 55.31 65.25 56.07 63.85 85.52 51.92 11.95 60.26 98.23 61.7 33.74 42.58 71.63 43.51 81.43 116.09 32.05 53.36 59.45 105.95 44.14 11.14 83.28 72.37 12.18 75.15 33.79 36.46 90.01 42.07 90.97 109.94 25.68 32.02 
13.3 76.5 5.84 79.14 112.51 114.23 42.81 71.61 101.86 109.66 89.17 65.32 40.7 76.63 84.56 52.62 64.46 36.8 115.75 75.34 81.93 117.5 10.43 39.58 34.91 101.35 68.36 82.72 66.55 38 99.88 89.13 14.52 35.44 100.01 42.7 91.39 28.83 83.32 52.15 59.04 5.65 86.64 81.49 16.29 41.6 28.88 33.22 
16.21 89.66 13.65 84.78 84.26 28.41 31.63 77.61 18.06 32.15 28.78 21.64 27.88 64.21 54.88 96.19 103.31 62.51 59.24 20.54 85.37 12.96 55.38 14.74 109.89 37.27 25.54 54.51 72.01 6.92 50.84 69.58 60.95 91.03 37.84 112.8 44.99 50.32 64.72 107.24 61.37 17.81 115.35 19.51 6.8 30.62 0.7 93.78 
82.9 56.64 45.28 94 89.39 59.48 35.96 33.75 9.01 0.71 22.87 94.62 24.38 80.16 40.31 89.38 104.55 91.3 2.16 91.73 38.23 68.09 12.38 44.12 15.2 64.47 104 18.12 76.59 61.67 26.37 106.38 53.46 61.6 87.76 33.8 34.42 89.58 28.38 49.42 17.57 32.98 89.82 66.78 59.1 22.2 49.46 30.56 
87.45 101.27 7.66 115.39 114.21 65.58 83.95 89.11 79.55 73.34 5.2 15.28 89.63 39.38 81.96 77.04 84.42 68.96 96.79 86.12 63.65 5.44 28.71 77.53 38.39 88.27 79.14 75.36 75.63 33.27 5.27 77.31 63.74 1.65 62.25 44.93 36.99 20.29 22.13 60.31 4.37 116.87 24.97 64.93 57.77 62.82 57.56 77.05 
43.82 70.82 86.4 107.5 72.95 4.23 24.64 13.5 35.2 68.54 78.09 58.51 53.84 84.94 35.98 17.32 56.79 13.91 41.72 86.31 70.33 100.4 73.37 61.05 111.56 70.95 66.5 2.04 7.98 41.37 31.98 43.6 110.38 59.75 3.8 36.89 91.36 54.46 61.95 11.61 111.73 85.96 41.81 114.71 41.42 116.07 26.57 55.26 
32.91 85.05 82.7 29.51 61.2 22.06 56.41 21.6 63.27 74.32 110.53 84.35 100.33 87.7 63.03 42.11 90.66 94.14 57.07 13.69 6.03 26.62 73.78 79.4 52.28 69.84 68.3 58.24 9.51 111.82 77.08 78.37 45.69 83.51 110.67 100.95 93.93 19.76 84.08 92.09 54.64 3.85 18.28 22.96 64.33 85.86 4.25 56.6 
49.26 114.87 59.8 62.64 85.87 20.82 116.62 90.3 56.09 80.65 70.73 87.11 36.03 38.41 95.85 23.08 52.67 114.28 37.02 111.1 19.35 111.96 38.55 105.27 14.08 38.27 108.93 83.45 51.31 31.51 42.19 54.96 111.69 36.97 86.44 42.29 64.95 0.22 55.29 46 16.75 61.32 39.84 101.39 4.32 38.97 75.64 6.76 
46.02 20.45 60.32 44.49 4.71 35.77 82.36 22.08 22.58 2.75 44.76 36.4 4.31 84.67 41.12 68.04 45.08 11.99 79.35 115.88 59.07 65.94 48.72 76.43 45.7 99.65 17.56 57.2 75.21 54.37 79.88 12.68 78.82 26.01 50 112.45 75.41 46.68 82.08 115.09 117.81 77 11.32 76.18 13.23 97.63 27.64 84.22 
5.15 21.27 32.05 18.06 107.49 11.4 25.15 59.38 1.43 86.88 70.67 45.8 44.26 19.08 33.04 87.03 16.48 14 71.01 83.97 9.59 66.1 1.31 38.05 83.32 60.85 9.33 111.87 12.38 60.7 86.42 10.45 77.98 20.3 54.6 50.57 107.61 4.06 75.2 79.96 25.62 59.11 15.82 70.15 10.87 70.88 9.28 23.89 
60.3 12.35 3.51 72.85 72.55 35.45 18.69 83.98 52.29 82.31 64.35 4.29 95.52 36.86 45.13 91.62 95.5 17.77 6.92 86.55 10.91 48.01 19.84 36.44 6.97 26.59 22.18 44.91 63.19 53.58 88.16 46.91 14.26 75.83 14.86 12.92 98.99 113.18 82.2 71.51 61.92 7.52 96.2 37.03 17.51 17.42 64.48 45.49 
55.97 61.84 36.14 28.88 7.38 22.97 78.43 99.72 52.07 91.73 35.17 19.88 3.13 14.32 39.53 23.33 18.24 62.65 113.98 103.77 56.74 71 53.56 78.09 39.58 30.8 23.16 65.05 46.68 105.3 100.9 19.42 18.6 56.78 104.6 72.51 78.69 117.36 56.34 5.23 79.83 68.72 116.68 100.91 67.09 111.85 71.68 52.92 
24.41 41.2 98.58 90.05 46.76 15.64 101.15 8.15 26.33 19.29 24.41 117.41 20.82 4.1 37.13 52.98 11.88 51.75 107.79 49.14 117.39 93.89 12.97 36.01 43.75 60.97 52.15 95.91 113.56 40.26 109.58 49.78 45.92 106.69 79.97 100.15 28.13 73.85 44.72 12.32 58.83 23.95 81.69 16.88 67.79 53.76 76.35 12.68 
98.9 43.71 84.09 29.84 70.07 115.63 0.44 92.34 10.98 66.99 5.88 104.86 81.47 77.32 57.18 16.12 12.48 92.5 76.29 108.88 14.01 64.64 63.4 15.51 90.33 43.54 30.87 49.02 16.6 24.19 20.38 102.94 37.03 30.09 84.11 11.15 69.16 103.26 115.23 5.68 109.59 46.84 101.74 74.16 30.23 9.78 86.2 96.2 
20.12 15.79 65.22 29.09 85.38 89.41 79.35 44.48 69.72 38.37 21.42 57.06 51.7 85.62 30.43 66.37 63.93 74.17 38.94 110.98 52.5 76.49 13.49 116.14 82.91 0.01 69.07 58.96 20.66 11.02 19.69 11.38 55.14 12.27 101.98 0.43 10.63 7.14 20.06 44.59 59.51 73.49 17.95 19.37 32.33 100.62 102.4 101.52 
19.91 30.03 75.26 57.61 38.39 48.66 103.76 92.34 23.94 18.18 16.12 26.14 50.75 78.44 52.71 18.06 34.14 73.76 4.3 74.24 18.96 11.87 80.79 115.81 12.45 57.52 62.65 35.68 81.49 4.41 54.2 89.52 28.47 53.58 82.19 42.14 21.26 14.14 79.27 85.2 86.6 49.17 102.33 116.65 54.54 85.09 45.39 67.76 
91.61 100.93 74.15 30.27 27.01 81.59 55.43 53.27 21.29 30.16 12.88 52.14 62.29 27.18 36.82 92.4 104.52 65.24 13.82 114.66 102.3 26.21 5.29 85.15 13.72 2.31 92.65 81.81 7.54 15.66 20.23 109.65 109.08 33.9 113.64 58.36 19.2 96.29 70.92 3.75 3.68 84.35 78.52 5.64 23.67 105.16 62.25 77.09 
100.44 77.56 71.36 41.06 70.14 53.89 70.43 53.92 42.16 75.06 39.25 44.1 18.38 45.5 70.37 24.1 41.6 49.34 28.77 11.42 34.07 34.96 76.25 18.89 17.27 24.77 36.03 7.17 42.3 89.16 29.83 73.41 35 77.25 48.92 36.27 56.2 33.48 75.71 2.43 89.32 33.4 45.49 76.65 53.84 68.65 111.03 82.09 
102.24 62.02 39.1 47.08 86.25 53.55 91.08 29.93 9.95 75.98 79.67 79.42 52.96 73.38 80.31 56.13 105.89 77.87 1.47 96.33 50.05 65.59 76.14 4.53 68.24 75.77 29.93 60.05 16.74 90.75 62.78 27.48 1.29 39.92 8.69 38.73 87.52 14.05 22.45 108.99 43.23 43.67 88.29 26.16 58.29 27.64 5.78 49.23 
8.06 106.09 100.52 10.97 3.64 22.22 14.08 26.32 97.27 99.77 80.33 22.6 22.08 98.5 34.91 72.69 34.73 29.44 115.13 99.17 82.75 20.72 18.78 63.43 56.25 35.37 30.89 8.58 114.94 112.45 23.01 86.92 61.08 5.76 57.74 6.36 28.44 17.6 8 44.12 28 95.19 7.97 75.04 29.27 19.5 24.03 8.41 
34.74 91.23 23.54 95.92 13.92 93.5 89.5 38.55 49.1 14.75 6.72 60.6 19.74 36.26 0.13 83.02 42.81 40.57 55.37 10.72 67.65 16.37 10.99 109.82 100.65 117.6 3.01 82.84 91.85 51.09 58.51 2.23 91.51 36.65 40.28 44.25 8.84 36.32 39.74 98.22 82.78 63.99 60.83 36.21 30.29 25.9 99.38 65.87 
30 175
25.5 34.71 26.93 107.41 73.2 10.55 105.38 13.41 97.13 6.49 16.15 3.89 1.34 48.65 28.47 57.97 116.18 41.84 66.05 0.76 72.98 27.82 4.3 68.71 93.53 16.16 65.28 92.13 55.25 35.11 8.27 65.1 43.11 53.35 115.74 85.67 40.47 54.7 37.66 22.52 19.21 59.63 69.24 88.85 74.93 99.7 57.68 85.58 96.29 59.11 81.21 93.08 5.11 3.37 22.88 20.43 42.61 110.94 19.56 82.4 14.37 92.24 23.13 7.25 116.33 6.13 86.63 41.03 0.03 76.23 45.54 110.35 21.33 66.26 48.7 25.91 61.39 52.36 85.51 50.38 60.2 69.86 44.11 111.81 50.34 1.44 42.09 80.75 67.76 15.06 78.05 8.5 23.3 21.34 94.27 68.48 68.51 71.87 87.62 18.05 83.43 49.98 63.05 111.08 26.42 24.48 42.17 0.68 23.14 49.85 52.9 93.41 99.73 65.01 90.31 19.86 8.93 100.52 0.06 97.83 52.19 3.83 47.8 111.84 3.37 36.08 81.98 81.88 62.88 92.53 19.48 15.96 60.98 40.07 85.13 56.42 87.64 53.75 87.11 74.39 107.06 74.93 79.75 67.53 16.48 65.19 30.17 36.1 53.17 35.29 66.58 89.92 48.32 54.61 78.66 24.84 11.92 85.37 90.79 90.75 51.52 84.1 60.46 1.27 48.61 68.15 49.69 109.23 47.01 80.99 0.04 105.97 32.28 81.66 71.93 
88.43 4.67 55.43 82.13 71.74 112.06 49.08 0.35 89.48 15.4 82.83 7.89 81.58 46.32 75.68 11.2 20.84 103.04 92.32 76.25 65.88 102.34 48.12 34.61 13.53 72.69 89.17 19.37 13.29 21.72 73.26 87.89 9.97 21 76.85 86.79 84.29 40.92 106.72 1.37 89.41 81.91 86.33 41.9 72.42 109.31 68.07 4.33 73.42 88.59 62.01 65.64 59.27 73.87 101.16 34.33 24.81 70.13 91 83.49 75.63 41.28 24.25 63.71 79.47 99.71 43.31 109.5 77.6 54.49 26.33 2.91 44.15 8.18 27.36 100.89 96.45 11.96 81.13 108.9 57.24 113.84 85.73 42.55 113.3 68.93 17.29 12.61 71.42 73.89 63.59 106.99 41.13 62.26 76.37 22.77 33.76 90.24 16.39 112.73 75.49 18.84 29.25 51.89 0.27 25.08 42.23 41.09 36.69 95.44 78.4 96.9 30.19 99.66 76.11 88.68 52.13 67.96 29.83 46.83 82.17 91.81 66.46 45.89 45.71 61.29 80.25 75.72 3.15 102.89 22.09 8.73 30.13 41.43 72.07 111.79 17.49 113.35 113.7 75.31 32.17 63.54 33.64 37.28 50.66 44.46 54.5 12.16 47.55 69.41 93.64 65.62 117.03 51.18 97.21 28.3 48.21 85.71 14.8 40.13 92.13 24.18 50.83 26.2 58 90.73 42.59 50.07 117.04 68.9 18.18 51.03 84.93 32.14 48.88 
86.29 112.22 89.5 6.72 16.59 69.08 11.78 82.15 58.59 53.11 35.88 26.17 93.18 14.81 31.25 105.14 56.88 51.63 40.46 31.08 107.62 85.9 22.56 9.54 96.47 31.93 40.2 112.91 40.56 46.28 69.82 92.02 68.11 77.22 7.93 13.57 45.68 0.82 113.92 49.73 10.96 95.74 101.96 81.09 71.17 115.03 21.29 61.94 52.82 105.13 48.98 65.38 27.27 60.61 52.16 25.56 57 59.4 69.91 11.5 92.33 76.23 79.78 23.18 51.2 5.55 69.75 81.32 97.25 88.25 89.05 47.26 34.18 43.99 81.68 61.12 31.44 0.99 53.96 65.52 54.68 69.88 10.82 11.03 59.17 27.95 19.75 61.86 34.64 25.12 81.21 65.29 7.53 53.44 76.02 1.45 99.63 88.2 6.14 62.65 27.24 98.44 75.09 57.96 78.4 77.82 68.17 70.13 97.24 105.55 53.7 56.68 45.88 91.32 17.3 109.06 60.52 0.99 98.6 8.22 48.95 56.6 74.82 0.03 48.12 86.23 90.5 25.46 37.09 97.35 71.51 23.27 8.01 15.53 97.34 61.5 101.98 62.62 87.75 45.77 40.27 2.81 68.35 0.19 18.06 14.03 40.23 1.23 7.88 39.16 21.66 13.3 49.82 45.83 10.99 95.91 6.56 1.54 42.57 12.41 102.24 107 7.77 45.99 43.75 0.58 15.76 8.89 58.93 61.34 99.92 20.71 66.69 100.28 85.8 
28.04 76.51 49.76 37.31 67.07 116.34 64.89 117.29 105.39 113.37 94.97 84.52 7.48 57.04 0.35 27.62 7.74 30.99 47.29 80.07 33.69 35.72 12.36 102.37 44.65 108.54 5.68 115.41 44.75 43.74 64.7 20.26 46.45 59.78 83.07 82.74 113.16 117.71 112.26 76.49 60.64 101.7 97.01 30.37 9.05 48.55 67.6 93.75 40.8 65.86 111.24 14.7 89.66 44.67 3.27 109.88 48.58 25.36 90.21 104.45 79.38 50.84 107.53 0.98 24.57 11.73 90.69 26.97 41.12 21.29 51.98 2.35 111.12 55.84 76.06 54.07 11.67 28.55 51.21 32.02 59.51 52.02 59.26 34.86 19.25 28.43 37.35 58.7 94.05 116.92 64.31 62.15 76.87 38.14 14.52 5.6 33.44 63.49 49.82 72.94 5.72 61.14 76.11 15.94 53.47 104.12 17.77 58.31 74.13 33.24 55.14 110.93 48.36 78.91 32.68 87.26 64.25 51.61 41.65 66.27 2.29 69.99 70.86 87.5 45.54 36.23 63.44 56.11 101.66 53.11 68.82 2.78 8.08 93.45 56.36 60.38 48.58 81.78 65.27 49.67 9.95 48.6 58.93 66.98 67.44 87.22 28.93 12.84 50.47 36.96 107.56 19.4 11.49 65.34 17.19 68.35 115.11 104.53 41.04 88.2 19.42 50.3 34.23 56.53 26.4 54.84 67.78 18.85 31.58 108.42 73.44 59.61 42.74 10.45 49.53 
8.71 69.02 13.28 84.94 17.68 95.82 14.01 84.08 111.59 107.73 55.97 47.18 35.37 13.05 2.51 29.03 16.58 98.17 41.33 2.71 27.07 16.98 41.37 113.71 93.83 39.49 49.49 3.1 52.74 6.51 53.02 72.8 102.69 94.69 90.39 81.14 45.11 72.96 1.03 37.25 4.36 77.64 16.87 16.49 31.5 33.92 29.49 90.14 62.66 95.88 60.81 45.13 112.47 96.48 72.6 7.81 34.89 27.9 28.45 103.12 44.9 0.99 115.96 37.62 48.85 117.21 49.07 55.43 36.99 2.27 18.8 0.4 46.3 45.79 75.61 17.27 45.47 109 1.52 5.76 86.57 16.8 59.94 74.76 89.99 71 91.48 82.1 81.61 107.01 111.7 46.6 11.46 90.34 36.06 43.55 63.48 27.94 87.52 46.24 51.65 39.24 24.17 105.86 66.66 28.96 27.72 115.86 12.94 15.96 38.46 114.58 84.46 111.43 50.83 19.14 76.8 38.71 29.77 6.9 85.95 82.21 33.57 109.76 70.64 28.13 71.92 39.45 93.26 56.14 84.51 39.77 68.03 80.38 41.78 60.29 44.38 80.54 57.36 25.03 77.74 34.25 39.27 28.29 57.81 76.8 67.62 93.87 44.21 35.87 70.33 88.88 35.85 110.5 8.68 97.32 90.56 55.97 25.23 46.83 11.18 48.34 58.78 49.08 37.2 39.3 111.39 9.63 108.16 28.13 16.62 21.79 107.21 80.03 9.69 
86.58 39.85 39.53 87.32 56.76 67.43 36.75 109.82 38.3 69.01 44.11 37.62 24.14 82.16 65.93 14.1 41.88 76.01 44.61 63.67 61.38 14.16 3.68 78.21 15.57 76.99 10.89 28.21 94.9 19.91 99.2 49.6 59.11 69.17 44.84 29.92 6.41 63.19 98.09 59.99 18.49 27.13 7.83 63.89 49.94 81.26 18.75 14.79 86.08 79.81 42.58 56.49 38.03 105.07 25.62 38.56 54.34 63.94 21.26 92.47 23.96 21.61 54.75 76.94 50.55 110.67 56.48 73.38 94.62 91.1 31.35 57.38 68.37 32.29 18.7 26.63 19.9 17.9 10.31 110.33 12.27 3.36 63.85 29.15 6.2 86.94 68.94 77.53 17.92 16.77 9.24 34.63 34.76 15.25 4.72 12.16 106.54 69.34 22.15 49.89 66.96 25.94 5.39 5.01 89.9 93.92 104.01 109.24 15.69 30.29 74.53 5.88 0.92 95.17 8.5 60.83 46.26 76.69 88.21 20.35 1.56 98.24 53.03 29.63 64.87 7.67 50.6 92.13 70.39 65.17 17.75 75.96 115.2 29.71 88.16 43.3 70.32 108.81 91.61 71.42 27.83 6.51 39.05 24.35 108.15 19.06 101.94 108.34 15.68 71.73 94.06 35.02 81.53 83.52 31.46 77.27 78.71 4.2 87.57 5.14 106.73 13.88 11.43 40.36 103.9 14.28 114.97 105.48 4.25 97.12 2.9 87.82 59.95 3.84 102.63 
19.12 69.77 99.61 107.76 71.43 61.12 55.36 61.55 94.99 65.39 1.77 69.57 55.02 80.16 87.75 66.9 70.99 98.84 85.18 7.94 116.19 81.47 99.69 29.91 113.55 36.88 58.05 40.24 66.37 50.87 39.12 21.73 94.71 60.88 11.37 101.14 107.83 41.05 9.37 113.45 44.47 4.06 58.22 66.64 110.93 34.64 38.36 22.26 8.2 67.99 61.15 113.92 39.09 44.12 90.53 3.84 96.29 45.82 22.51 9.52 67.58 5.22 101.33 80.91 82.01 40.57 36.95 10.51 3.15 50.46 45.82 9.28 5.12 7.41 56.77 23.86 61.02 12.34 41.33 69.76 101.47 108.13 56.95 0.55 77.69 67.58 91.24 40.27 58.61 32.93 65.74 41.89 108.64 46.15 100.03 109.79 24.09 93.31 6.02 23.19 89.69 40.45 65.59 63 48.45 101.02 69.02 70.66 109.9 44.99 5.46 53.88 99.54 70.82 48.71 4.63 50.56 96.37 35.17 2.87 59.5 33.77 111.38 81.74 44.27 34.91 61.29 59.38 97.15 34.81 67.55 114.45 91.63 27.97 86.07 28.26 116.66 41.73 53.96 71.72 12.16 59.43 74.1 58.51 81.31 24.66 17.96 53.84 46.88 10.16 11.14 86.34 68.8 51.18 9.38 18.34 39.9 42.95 62.37 81.13 85.75 81.14 100.93 46.38 43.83 83.13 45.23 95.15 49.1 104.76 41.25 32.59 55.35 9.32 48.77 
66.62 22.79 5.53 43.25 59.77 86.16 16.84 2.19 4.12 57.7 42.7 113.48 78.9 59.51 24.21 48.43 81.22 39.33 75.39 108.89 89.71 107.38 53.17 62.85 64.13 106.93 47.93 65.92 48.13 89.55 84.87 109.9 90.92 33.11 56.68 25.18 114.94 51.78 36.05 42.58 63.05 52.6 12.17 48.34 28.84 36.37 90.07 81.13 113.55 8.71 63.92 20.51 106.08 85.01 74.52 87.65 54.12 41.69 3.1 50.36 52.69 13.21 96.41 17.07 43.21 92.16 44.29 0.33 33.41 85.1 105.94 8.1 49.75 81.28 9.77 34.07 24.19 82.71 103.82 63.66 78.44 47.19 47.77 85.3 6.32 76.38 113.41 105.8 95.73 53.12 4.1 66.68 17.23 21.72 11.71 26.75 74.67 37.95 104.25 63.37 85.16 60.78 55.52 9.03 81.88 82.33 79.3 60.12 86.85 5.04 7.13 68.42 76.63 13.52 100.66 98.71 26.57 58.79 18.55 24.05 65.99 67.33 39.4 21.67 67.32 82.67 87.8 27.27 64.89 24.94 103.74 51.97 39.4 32.4 80.91 88.86 31.83 48.46 9.59 3.29 39.31 63.81 30.93 9.33 28.9 30.19 27.57 58.61 6.46 70.46 58.52 10.02 68.69 104.6 117.49 63.5 23.68 28.7 57.44 49.81 93.87 65.74 74.28 71.51 3.27 49.19 51.06 93.67 64.09 66.48 55.11 20.76 41.96 69.42 52.59 
87.56 56.47 38.88 86.54 33.58 31.93 27.24 56.68 20.16 93 29.62 83.48 83.34 58.72 28.34 99.59 85.11 88.03 43.69 93.7 62.05 41.47 103.29 97.79 51.32 45.21 67.65 70.99 91.72 55.78 63.9 106.95 30.7 74.27 8.97 83.55 71.18 107.45 50.28 111.88 88.46 27.18 10.89 38.52 30.43 39.97 36.1 66.02 83.44 3.49 66.92 76.49 87.05 71.92 64.47 12 93.61 68.47 77.36 50.32 82.75 25.62 5.87 19.71 77 105.99 4.02 15.27 14.7 11.73 32.96 22.14 116.81 51.57 87.67 12.04 16.34 107.62 14.71 84.01 85.23 23.17 10.05 48.81 5.63 114.5 73.11 57.13 23.12 47.26 83.42 58.9 75.46 24.6 59.25 62.73 56.47 21.71 76.32 81.67 40.47 5.78 61.33 5.33 70.9 113.87 39.36 27.14 40.02 84.4 1.59 97.99 25.14 32.02 11.42 17.81 48.95 28.57 29.21 77.79 8.73 42.65 23.45 38.14 38.81 70.76 29.57 9.99 47.37 101.63 109.99 18.05 2.5 72.08 20.03 109.08 99.37 87.25 53.44 87.91 40.47 104.6 42.41 65.51 72.34 89.06 67.52 49.58 86.89 25.17 64.4 76.03 47.09 14.83 59.83 2.14 104.13 48.01 19.3 55.31 61.18 65.61 69.55 90.7 35.18 72.79 90.63 80.22 60.63 18.91 57.53 100.42 1.02 11.44 60.43 
88.98 80.59 34.41 98.29 7.94 60.01 75.83 17.24 28.08 29.11 71.73 68.74 102.96 41.44 33.84 8.55 91.68 16.18 4.64 105.33 35.9 94.91 37.22 96.34 32.72 35.03 51.14 59.67 43.42 28.38 77.71 66.25 35.29 59.08 12.91 12.44 77.99 97.56 84.39 23.22 28.68 14.87 49.66 59.45 93.33 19.15 50.65 103.66 77.91 91.55 39.44 28.75 94.6 90.79 31.33 65.65 42.06 62.42 41.96 70.41 98.96 51.3 75.43 13.34 99.52 55.62 3.14 114.15 45.48 59.17 42.84 69.14 28.68 89.33 50.66 56.38 99.99 66.67 39.44 13.62 38.59 59.36 110.79 73.07 16.69 81.64 104.92 87.97 78.86 63.17 88.8 36.34 76.08 69.24 61.85 60.52 44.14 24.84 78.77 14.67 96.52 58.5 85.18 45.75 5.82 60.96 102.24 99.04 33.62 35.46 108.4 72.06 25.19 56.81 58.56 53.58 44.12 13.64 16.72 38.71 22.54 61.54 43.84 89.89 66.17 34.29 12.82 34.53 65.23 64.26 2.85 74.75 83.18 57.57 40.56 114.39 42.57 51.8 90.9 32.36 113.6 110.02 9.34 57.16 63.32 50.05 80.01 24.1 111.11 113.31 73.06 37.52 80.74 14.97 116.65 24.55 36.24 74.65 85.09 6.38 17.95 21.23 13.86 80.21 113.5 62.76 10.76 51.69 117.67 38.02 38.28 70.45 15.62 73.52 80.6 
57.78 34.74 95.35 9.15 92.51 106.55 101.56 53.15 81.65 107.53 23.79 88.21 2.96 25.98 87.85 12.63 42.72 46.65 4 52.33 68 40.55 112.15 107.78 101.92 52.22 34.41 113.73 114.82 117.03 94.84 2.82 26.67 31.35 116.89 63.72 15.14 31 97.65 47.76 72.36 114.49 29.82 96.92 19.55 95.07 42.13 37.98 87.8 72.81 54 102.24 116.54 91.4 13.2 99.85 71.92 9.28 27.87 97 82.11 68.15 85.89 43.14 82.93 27.58 63.69 6.55 74.47 75.68 16.54 66.26 63.48 22.01 26.11 35.9 31.17 48.16 2.72 86.3 28.81 97.42 80.54 6.57 83.32 14.72 116.05 1.45 52.86 112.29 17.57 86.27 48.41 102.97 16.64 59.65 117.86 63.63 106.67 75.86 83.41 97.77 14.58 36.58 25.44 105.02 56.9 37.68 88.81 102.91 1.3 1.28 76.26 16.61 83.09 71.12 11.66 12.21 2.87 73.31 26.15 26.9 92.83 91.42 78.58 56.15 111.05 38.67 44.75 88.58 61.25 54.96 0.62 0.78 82.78 80.23 3.33 114.21 7.96 68.56 87.87 38.62 87.49 3.51 29.54 15.69 99.7 94.04 25.31 69.57 8.21 22.72 60.5 87.23 27.52 21.45 95.62 18.32 61.13 3.1 73.86 90.94 56.38 58.2 49.61 62.23 7.84 53.96 50.49 10.44 117.58 45.53 17.92 47.6 14.97 
48.85 37.71 109.8 22.58 21.23 79.79 74.43 52.65 78.19 10.55 25.24 13.38 24.73 76.61 8.45 9.91 25.06 57.03 20.77 36.22 7.36 9.58 68.62 53.89 73.41 6.23 109.1 46.27 20.69 40.59 67.12 106.51 11.73 74.75 25.83 57.5 25.35 27.73 13.49 35.78 20.19 27.95 31.69 18.33 30.74 66.42 91.81 79.47 56.28 25.06 50.9 22.47 89.98 42.61 36.1 110.04 107.48 45.75 18.02 43.05 75.85 84 54.47 73.81 51.79 44.97 15.92 15.74 99.13 64.56 50.37 45.91 97.71 89.21 22.86 61.52 90.32 59.74 117.66 95.92 6.02 69.69 53.36 61.68 12.3 102.49 27.15 44.42 108.95 91.29 0.89 80.49 100.27 38.69 39.59 14.36 37.6 44.23 43.99 87.46 55.34 7.81 54.73 111.37 59 22.16 46.15 68.93 35.42 40 34.28 47.7 3.46 68.63 83.97 41.93 47.65 1.13 32.58 110.9 67.21 73.31 59.53 64.33 51.9 72.65 19.71 4.63 83.97 98.69 21.76 68.32 51.53 17.81 20.51 3.52 16.56 30.61 84.16 17.74 55.37 71.06 84.92 46.66 4.71 52.17 107.4 20.5 40.76 63.95 89.5 70.36 73.53 35.9 78.26 95.9 23.8 41.35 25.77 73.79 79.95 59.47 5.81 67.58 38.96 60.33 1.69 36.43 40.45 90.6 67.26 80.68 94.27 35.96 74.48 
26.66 41.42 46.25 9.78 79.54 102.12 80.4 19.02 16.69 85.08 31.4 86.23 65.32 47.09 24.98 3.32 73.04 16.48 35.66 0.52 48.6 24.98 63.56 111.2 18.54 27.64 82.15 18.01 36.01 60.58 28.79 102.85 83.93 90.16 19.72 58.09 51.06 70.6 104.78 68.92 49.18 56.64 95.17 7.72 31.96 90.93 79.93 23.26 68.65 12.74 0.24 63.47 13.36 60.35 102.53 62.61 103.94 95 64.21 77.48 40.86 36.89 80.81 41.27 18.73 19.75 81.43 113.11 27.94 103.5 9.45 8.61 62.81 57.52 100.11 56.23 14.69 23.63 106.96 84.82 14.21 41.19 66.19 2.99 53.98 28.55 43.99 22.55 85.47 41.98 65.02 33.18 41.19 43.83 41.34 82.27 3.33 36.91 20.79 62.46 36.25 33.82 62.27 60.52 23.24 10.29 85.44 12.65 57.25 70.85 48.31 36.51 78.38 70.8 106.08 60.96 12.48 92.49 58.5 72.23 62.66 5.93 82.11 39.8 86.86 66.43 37.18 71.72 58.39 96.25 42.19 69.25 87.94 39.36 8.84 113.07 45.85 83.77 59.67 12.44 97.63 42.3 97.32 61.86 54.8 2.85 53.44 73.06 18.06 64.44 30.41 90.57 22.4 16.45 82.27 95.53 42.91 54.15 26.93 32.47 91.96 97.3 44.3 87.39 49.12 117.96 29.22 48.28 80.7 76.65 39.56 8.21 45.94 0.84 43.15 
36.73 4.85 62.79 112.38 58.79 15.13 36.16 16.15 94.45 113.92 48.05 1.58 28.35 35.24 104.17 49.6 86.37 30.03 67.83 52.05 44.97 34.15 87.5 17.26 83.22 109.57 33.9 63.82 31 7.85 39 44.04 92.97 60.58 1.68 63.34 90.82 90.95 50.07 74.66 94.41 7.16 6.45 73.09 86.11 57.65 68.4 93.98 47.58 27.4 19.52 86.01 53.9 64.23 110.67 26.26 100.94 1.56 63.38 48.83 8.07 48.59 69.42 102.68 28.39 84.46 26.5 101.71 18.95 82.65 47.68 17.6 55.66 6.47 69.97 53.42 97.79 102.43 117.2 46 77.92 20.81 92.28 44.35 43.25 67.4 25.84 71.94 30.79 24.19 86.19 37.16 89.49 48.56 21.79 79.87 41.13 74.91 0.43 103.42 100.17 88.23 79.29 117.44 16.06 67.5 34.17 22.51 49.85 29.75 70.28 69.04 110.55 31.45 108.59 95.86 99.56 10.28 81.47 28.16 58.13 57.32 112.67 1.75 98.12 31.02 38.9 87.55 74.37 62.1 32.92 84.43 67.27 20.86 80.54 6.41 72.45 59.64 71.51 3.23 20.91 52.31 0.47 79.24 45.95 98.45 19.2 50.94 73.88 14.99 97.45 19.92 86.97 51.49 110.72 41.76 67 96.77 70.93 16.76 64.88 107.91 99.31 3.6 99.2 15.64 69.51 39.89 1.32 14.61 36.99 14.09 116.44 67.36 36.66 
60.53 40.54 83.03 86.39 43.27 1.05 97.84 106.72 16.6 14.95 80.64 58.49 42.33 29.67 70.15 71.45 9.65 87.46 82.52 28.2 25.11 47.74 61.8 28.67 24.68 44.87 113.85 84.59 81.82 62.03 9.63 9.8 77.27 48.48 114.11 45.35 57.85 87.13 116.7 106.62 55.41 74.76 79.71 88.72 67.53 85.48 10.02 76.46 13.82 53.54 5.87 25.06 72.73 40.15 69.15 22.93 84.03 111.21 6.85 116.14 98.18 3.11 114.8 42.91 78.31 56.51 102.6 21.9 114.21 105.6 72.29 85.24 31.68 47.04 107.02 16.7 32.71 6.61 79.1 21.05 109.99 38.89 47.59 30.64 104.83 20.87 11.31 55.25 15.99 63.16 42.75 109.04 54.8 111.96 0.65 13.77 92.93 32.39 17.46 73.04 17.89 66.46 108.18 86.76 78.14 60.06 16.59 60.96 58.52 50.36 19.33 53.34 66.32 21.28 67.64 113.92 75.41 39.11 110.15 66.64 0.37 45.86 91.44 11.95 30.65 10.28 44.22 65.89 47.49 16.57 42.72 82.68 15.72 98.22 117.84 1.75 2.34 13.47 60.79 57.3 25.23 107.92 69.5 76.21 46.45 24.78 10.39 65.42 52.12 40.31 48.72 80.54 22.43 80.08 67.13 111.47 8.61 81 71.08 5.85 54.18 43.1 40.06 89.34 61.46 41.17 19.55 51.81 72.64 10.22 104.39 35.04 57.35 83.58 73.91 
74.94 32.05 1.79 47.86 66.27 84.48 48.33 6.92 84.82 69.9 49.6 7.4 88.03 6.2 38.48 62.3 89.3 4.29 74.39 33.53 62.75 78.12 90.13 71.54 82.71 74.1 81.55 30.13 60.11 0.05 91.81 72.44 90.9 33.68 69.05 108.8 98.16 87.04 22.22 6.21 31.71 40.27 41.5 7.93 12.67 62.89 95.97 37.5 116.98 13.87 1.13 13.58 35.53 49.7 60.04 32.14 61.55 95.62 3.74 14.84 90.68 8.08 64.23 103.46 11.85 24.28 100.91 74.65 8.67 100.58 13.19 92.88 112.89 16.79 58.57 37.98 84.7 108.39 60.46 14.83 90.01 30.77 88.06 80.3 50.6 8.47 94.02 25.94 76.84 5.2 18.7 4.7 95.14 74.83 63.62 73.22 109.29 109.92 97.1 41.89 36.01 17.16 72.96 63.12 65.06 32.56 18.18 85.95 41.61 94.4 93.51 116.32 12.94 17.96 108.86 25.2 69.41 86.65 8.02 84.4 77.21 39.96 60.68 16.56 52.14 18.62 87.92 30.83 81.79 84.11 24.63 20.67 21.89 52.15 56.66 65.61 35.04 109.41 81.09 40.2 11.53 59.89 68.43 108.5 25.38 71.51 66.9 50.78 102.63 110.73 11.45 54.12 53.64 32.8 18.57 72.67 42.22 46.4 82.87 11.28 38.03 17.82 14.86 0.22 80.62 62.53 82.32 25.28 107.72 21.92 74.02 56.83 53.76 104.78 29.74 
71.43 34.35 92.94 11.85 24.62 14.21 59.81 78.24 68.95 40.55 15.05 76.23 82.6 117.19 33.05 86.4 21.74 63.7 115.16 62.13 66.76 61.79 57.86 6.1 101.57 96.37 19.22 79.66 34.93 80.89 62.25 61.45 71.09 108.29 116.9 39.72 68.27 97.67 0.29 91.12 12.6 10.44 85.86 31.9 14.02 115.71 32.41 45.25 55.23 104.62 5.27 36.43 75.86 47.5 69.69 12.31 33.08 79.99 24.11 43.74 115 107.4 88.8 12.02 27.59 83.01 101.46 30.48 7.34 1.4 20.53 90.33 94.95 109.87 5.44 17.73 35.88 83.72 67.6 63.64 90.69 83.65 66.85 90.1 32.84 91.11 72.51 49.78 81.65 63.05 79.91 88.94 88.87 39.99 74.17 31.75 109.3 86.42 111.51 54.79 92.17 39.41 99.13 90.22 66.11 69.45 21.17 16.3 8.59 77.42 13.02 10.27 79.19 6.05 103.64 67.75 13.69 20.25 101.73 41.46 49.31 27.02 100.7 109.26 107.77 31.64 21.76 88.12 11.05 27.51 43.67 111.63 14.73 90.24 0.66 66.72 28.68 56.23 67.84 16.4 20.17 84.19 66.36 108.37 75.73 51.18 52.48 70.03 99.77 0.42 70.39 94.13 64.29 62.16 42 18.72 39.58 35.88 61.2 70.06 68.91 54.65 19.39 75.6 36.1 69.04 22.64 74.15 97.53 83.65 95.36 66.91 98.73 89.03 40.58 
83.28 42.11 87.82 36.07 34.21 50.13 89.38 96.83 105.39 4.68 105.11 57.77 78.97 19.92 81.81 16.43 103.02 67.51 97.32 109.89 38.34 68.66 84.5 77.89 36.72 5.64 11.57 3.44 39.6 15.37 8.14 45.58 14.87 17.71 53.42 21.49 35.59 22.17 53.78 32.66 65.03 101.1 4.24 94.81 113.34 71.76 25.43 8.35 50.58 64.96 88.36 21.13 58.77 3.83 72.25 74.8 9.76 35.58 83.58 99.9 23.31 110.26 56.69 95.24 22.47 66.75 20.57 69.96 77.76 113.37 89.87 0.08 28.62 6.36 97.06 9.61 95.79 52.75 60.68 74.45 39.19 13.56 95.71 90.59 85.17 66.1 69.81 48.06 49.1 101.78 35.66 78.64 8.84 47.23 53.35 93.67 16.24 29.67 91.56 87.14 92.64 46.19 50.09 25.28 52.24 79.82 16.38 80.51 99.28 114.62 37.69 64.51 90.41 34.88 72.72 107.14 33.11 92.31 6.92 80.66 27.75 117.16 66.57 29.07 6.98 59.17 24.08 84.98 24.85 73.09 58.13 72.82 32.12 20.5 59.51 103.71 74.46 50.36 67.49 37.27 33.44 99.4 52.88 98.94 69.3 65.63 107.81 84.45 35.17 55.29 33.25 80.53 41.5 72.21 24.43 29.33 101.17 30.33 70.41 56.19 116.44 113.49 16.7 80.88 65.16 70.83 43.75 55.75 34.35 52.05 74.42 96.77 11.2 116.86 3.19 
31.38 90.08 67.37 83.13 77.62 99.59 77.62 33.71 16.51 29.67 34.96 102.13 28.35 40.84 33.64 41.73 107.97 58.29 92.22 107.17 76.02 65.6 53.75 69.31 116.75 2.11 34.17 35.23 45.36 100.16 72.46 31.87 38.82 57.8 105.58 54.89 65.24 44.88 51.22 60.44 62.79 62.7 71.94 102.97 69.2 2.09 82.09 86.37 21.56 102.87 28.17 0.75 24.32 32.67 106.21 16.99 72.01 74.76 23.53 4.11 103.78 86.57 34.03 3.67 31.49 114 34.56 70.07 67.34 24.64 83.05 84.14 61.45 54.57 117.56 4.28 0.37 10.33 49.68 35.27 72.2 110.12 83.09 67.49 38.72 103.6 95.51 91.76 95.43 48.52 71.82 91.27 23.28 12.68 101.08 55.94 33.24 85.69 22.18 22.07 39.99 41.7 49.41 20.46 98.88 24 39.41 49.18 52.14 6.64 117.1 96.2 6.03 71.14 76.94 51.79 76.57 81.54 24.97 24.2 28.87 60.4 72.22 17.32 81.19 58.73 24.48 61.31 102.55 62.72 25.13 43.64 86.16 27.25 68.01 70.26 47.4 69.29 83.98 52.19 11.57 109.09 51.1 2.55 10.52 30.2 11.49 55.44 45 52.02 100.33 0.8 102.82 64.56 87.15 83.69 85.31 97.26 6.18 6.91 57.48 82.74 51.33 48.64 8.83 37.83 25.91 25.29 49.95 92.18 103.26 67.21 8.53 36.36 43.1 
8.93 71.69 44.68 18.78 14.04 23.24 55.23 7.95 73.95 44.99 54.66 85.86 31.47 107.19 73.5 43.8 87.16 13.07 0.61 94.55 72.32 32.84 44.57 90.48 15.23 61.79 112.89 26.79 86.22 43.62 51.86 53.9 13.57 14.23 41.87 46.02 23.51 1.33 6.99 94.95 31.28 77.12 103.87 23.49 11.84 11.19 44.29 61.28 61.04 106.32 38.3 55.43 75.37 44.09 52.32 41.53 88.35 46.4 34.17 18.63 0.29 67.25 84.95 76 29.19 90.42 27.45 91.62 13.58 49.77 13.78 84.77 10.97 75.17 36.14 24.39 22.4 43.44 21.18 40.65 90.77 36.79 90.61 3.8 21.84 87.96 33.21 57.19 14.43 54.56 86.92 19.06 57.88 44.95 58.62 28.25 66.16 63.49 86.66 34.48 35.34 109.79 57.74 33.93 57.16 81.42 82.61 67.04 77.84 98.51 35.66 34.61 47.47 63.38 52.84 60.72 76.22 54.23 32.05 45.98 6.56 41.02 69.46 32.16 52.53 75.34 21.24 31.89 0.71 58.99 16.52 28.11 39 7.09 36.68 16.91 53.51 2.04 94.58 76.87 25.53 59.77 73.93 35.92 48.51 86.56 69.42 70.73 13.4 71.21 113.63 52.43 117.38 113.14 4.05 8.96 108.84 62.52 80.12 16.51 20.66 27.33 86.59 80.15 69.79 93.52 90.71 9.32 103.61 53.91 107.14 69.46 18.65 61.69 24.12 
108.01 103.51 41.44 10.3 47.62 109.98 19.93 87.74 61.12 82.08 19.87 83 108.65 67.18 43.69 48.61 35.03 49.08 32.61 15.84 39.79 72.03 107 65.95 4.72 19.94 108.1 37.88 19.93 69.41 44.2 30.4 57.34 61.6 29.41 47.26 29.99 69.68 97.88 59.13 9.3 65.42 69.47 67.18 95.93 72.61 71.15 100.33 27.79 84.58 42.87 74.83 69.78 72.47 101.91 103.48 2.04 44.58 57.67 67.26 72.61 89.11 80.33 99.92 49.73 5.58 42.14 63.86 16.01 71.58 32.98 48.26 101.96 111.79 14.78 31.9 22.71 104 29 62.25 84.82 70.72 34.4 48.85 30.04 101.25 108.76 89.41 31.95 36.84 39.94 34.82 68.99 18.76 48.56 89.11 73.08 41.09 40.55 114.87 81.38 102.22 105.66 16.53 77.41 52.42 102.63 14.01 18.48 117.22 26.12 70.01 39.15 26.59 70.79 65.08 15 87.56 2.47 47.81 12.47 114.92 30.9 42.97 46.15 91.47 78.51 45.09 41.6 9.02 33.9 32.16 64.31 98.82 74.05 50.69 72.35 17.49 77.11 37.12 1.52 58.92 68.5 82.2 4.19 99.55 1.57 1.47 39.7 16.72 79.81 22.74 23.95 14.25 106.42 76.61 39.63 111.79 78.87 87.65 84.53 35.49 13.35 54.8 51.23 42.05 39.12 60.45 98.19 3.05 70.9 21.07 59.35 76.17 111.91 
38.43 59.72 27.84 91.26 116.85 91.29 48.08 36.24 39.28 113.18 70.57 36.69 68.44 5.58 97.26 117.81 2.57 87.88 8.24 18.37 107.33 9.09 86.65 51.61 15.55 39.99 68.11 94.34 55.78 3 109.73 100.89 68.97 28.54 97.31 48.89 80.47 116.49 16.7 15.42 116.14 17.21 13.45 72.15 96.03 81.95 29.89 42.59 41.24 20.91 100.22 5.02 49.44 100.39 36.72 6.67 10.02 103.23 19.53 35.37 9.4 75.07 91.14 21.45 35.39 40.17 40.34 12.24 7.81 21.55 37.13 97.07 82.34 68.54 28.38 13.23 14.01 64.93 0.41 4.31 82.08 81.69 48.92 16.66 16.34 40.44 2.17 37.97 53.56 92.06 2.11 52.53 117.19 44.65 7.99 19.05 16.27 19.8 97.93 74.61 80.12 65.24 17.61 101.05 49.25 67.68 36.13 75.27 110.62 11.54 11.28 90.11 23.48 66.92 74.13 65.91 25.69 2.47 17.25 70.89 31.53 51.98 52.87 63.98 116.55 20.71 21.97 83.56 110.17 16 114.6 23.58 33.5 72.91 105.76 71.98 56.57 69.14 6.65 23.6 5.5 30.03 55.73 61.96 46.18 14.69 25.49 69.37 69.34 66.58 94.34 33.3 19.95 33.89 35.74 75.17 34.1 19.09 23.14 115.7 81.63 56.38 89.48 88.09 23.86 51.69 46.98 4.29 45.94 2.18 90.86 51.1 26.82 70.17 65.04 
37.24 23.23 33.76 77.94 96.25 47.95 10 104.85 77.83 88.48 94.05 34.58 34.49 27.56 15.16 10.35 17.53 3.86 29.55 58.28 85.95 89.61 20.98 35.75 90.85 5.36 23.7 95.87 6 31.25 106.58 26.55 70.5 57.3 81.32 75.25 40.66 19.66 41.57 28.95 44.58 25.43 31.72 25.46 95.61 45.48 9.14 77.46 74.04 61.72 91.86 14.25 40.29 7.28 25.02 47.6 2.27 21.86 47.36 22.37 46.11 32.89 73.42 101.7 8.01 22.44 14.49 68.5 28.37 16.76 67.29 20.88 116.41 111.13 70.87 86.36 80.16 36.94 78.79 7.78 34.18 1.75 24.64 105.22 61.51 91.28 41.24 61.45 14.33 5.36 4.79 78.34 23.51 72.73 74.05 88.64 117.85 87.66 102.52 0.99 62.77 33.08 18 54.95 45.62 108.54 74.19 4.19 54.03 16.8 25.41 60.02 68.79 48.77 86.65 43.62 84.94 27.48 98.26 73.34 90.25 82.86 95.36 75.26 34.59 74.22 53.38 77.63 1.54 101.63 29.96 9.57 63.84 22.86 46.48 69.86 6.33 36.62 40.38 113.41 78.75 0.42 2.82 37.95 9.76 80.94 43.63 89.42 67.89 104.92 66.26 17.35 90.33 73.62 78.11 70.88 14.34 26.63 72.82 5.31 10.09 63.66 115.77 31.68 65.18 46.24 67.95 21.44 43.42 52.32 91.51 103.38 93.46 69 6.37 
11.1 110.84 49.1 20.69 1.85 28.62 114.76 102.6 66.97 34.35 52.94 45.16 41.55 115.71 11.39 61.66 74.08 76.56 33.1 28.88 14.98 43.34 84.81 9.9 25.84 72.52 57.59 27.34 1.39 98.22 94.54 17.3 78.7 89.77 15.74 30.32 35.05 19.96 19.34 61.84 58.76 22.52 24.41 41.26 65.47 41.56 18.77 0.39 31.4 44.83 75.55 33.68 88.1 114.84 94.31 7.98 59.37 11.77 39.67 98.69 54.63 36.06 14.86 15.35 55.78 47.21 36.95 37.7 86.71 116.74 56.51 85.75 56.05 13.17 11.61 24.9 47.82 27.75 78.5 104.01 73.78 22.53 107 84.82 48.48 76.77 30.98 65.72 101.69 43.03 84.84 89.7 9.52 81.63 30.65 57.8 62.05 85.17 58.21 92.39 12.12 9.01 84.23 13.26 72.86 71.41 19.14 77.94 60.94 43.38 11.14 36.09 60.82 28.14 49.71 103.38 45.21 23.18 87.59 1.82 70.54 22.99 63.31 117.59 15.72 51.2 28.03 17.13 116.34 98.47 44.98 52.3 4.43 37.85 40.02 88.55 74.99 94.14 45.23 51.59 30.46 53.19 83.44 22.36 78.92 81.49 3.99 54.79 66.92 96.46 24.3 40.23 18.77 6.78 9.67 68.89 23.48 5.27 37.98 26.68 31.16 62.39 100.68 108.35 83.77 41.56 57.8 43.3 5.28 85.04 16.43 77.4 75.58 82.86 64.26 
12.1 47.09 21.6 76.4 54.18 112.5 1.53 8.54 102.06 67.9 38.27 70.11 71.55 111.25 52.71 39.29 87.67 108.19 20 21.07 63.87 70.79 90.07 88.71 14.39 86.04 89.23 115.29 109 116.06 101.01 24.29 32.12 72.22 95.59 105.89 51.34 73.02 67.96 11.14 67.96 81.6 19.48 44.2 22.85 66.45 74.59 11.22 42.85 36.07 94.77 2.23 94.18 45.03 51.92 110.7 45.57 44.55 22.6 33.34 105.35 81.89 98.22 87.43 42.45 54.85 93.66 82.02 80.5 112.22 18.3 3.47 53.1 44.9 77.22 52.78 100.45 53.33 91.96 51.57 34.79 18.93 32.33 24.24 78.67 83.67 53.63 114.87 48.45 97.25 13.19 19.44 4.46 31.33 8.01 89.33 1.58 16.92 18.16 1.69 75.85 49.99 2.66 101.72 66.88 64.23 25.71 79.74 94.35 24.12 68.81 61.58 8.65 54.62 39.09 21.82 85.38 77.06 20.27 1.12 77.53 44.62 59.8 93.8 51.02 6.51 34.52 49.49 116.29 50.19 69.89 65.13 55.99 17.85 75.13 107.55 90.84 106.15 48.32 102.57 101.28 45.57 82.77 22.01 52.44 52.68 100.53 67.69 30.78 31.18 108.6 115.58 2.45 97.23 31.98 7.89 75.78 86.17 76.17 40.61 28.15 105.42 45.39 73.2 57.53 0.54 23.06 59.11 27.12 61.53 42.2 27.09 105.32 37.69 10.05 
18.43 69.35 57.79 33.96 44.87 32.63 66.54 64.25 70.44 98.11 49.67 11.46 57.91 6.48 5.24 65.98 30.46 111.64 32.46 84.03 17.46 57.1 32.02 75.13 113.07 104.03 9.07 76.59 67.82 69.57 48.73 76.5 97.91 40.12 52.68 91.11 0.75 18.13 38.89 8.88 68.45 35.24 67.69 68.71 114.32 77.59 7.3 50.62 13.7 45.42 38.58 65.29 1.08 36.73 117.54 48.91 19.87 37.38 30.85 78.86 78.88 15.2 110.85 31.57 84.65 35.65 76.14 54.19 29.02 115.77 76.61 98.72 50.49 46.77 84.38 53.3 67.6 44.29 57.44 19.67 11.81 70.34 85.77 14.36 55.59 49.12 101.87 85.26 28.84 92.57 55.34 17.82 13.42 99.36 56.76 13.33 92.04 73.76 105.03 21.83 7.34 66.45 29.58 78.91 23.25 23.83 115.24 0.63 90.54 99.08 39.32 50.01 59.39 85.48 8.79 103.33 75.49 87.03 76.03 111.04 48.39 87.8 67.07 34.4 54.24 91.6 57.11 37.48 63.26 26.43 106.98 81.43 69.37 88.44 85.62 5.3 46.62 26.78 22.18 52.85 48.27 46.84 82.87 96.15 8.21 106.42 91.44 112.65 14.26 43.19 75.99 34.97 92.83 36.85 41.35 62.33 76.44 41.81 83.1 62.63 33.68 52.85 79.33 60.52 2.12 90.34 76.14 98.92 75.59 88.13 11.91 13.2 88.24 51.84 92.25 
29.16 77.21 81.93 44.6 73.88 68.74 39.1 3.58 76.48 71.57 4.69 9.54 89.42 1.45 57.95 89.84 43.04 65.49 35.73 101.83 37.77 5.54 65.16 117.76 0.16 0.34 42.92 32.13 15.11 50.2 21.38 8.2 69.78 1.15 91.03 15.59 86.43 75.37 96.25 45.87 109.22 104.19 81.14 59.09 26.94 59.4 56.29 69.02 111.9 115.99 79.68 8.99 80.59 24.61 23.88 9.68 12.99 104.54 105.13 47.64 10.04 3.58 25.06 83.03 54 91.61 66.87 63.43 28.77 34.96 58.17 86.22 28.8 9.44 105.89 5.83 63.62 2.02 37.51 114.22 44.01 104.02 117.13 110.71 114.54 24.29 35.58 98.67 109.32 17.01 15.16 105.68 43.62 116.81 33.6 41.92 23.12 5.31 46.53 93.55 4.17 47.32 75.09 4.48 93.12 91.23 61.48 49.33 75.64 99.38 46.64 27.95 29.14 105.89 1.05 25.96 1.25 42.19 30.31 21.09 20.68 22.4 24.04 47.17 58.58 106.27 101.03 66.03 105.71 54.83 65.55 67.47 39.33 35.19 1.28 71.13 44.68 24.93 8.03 52.25 72.27 104.22 42.42 42.28 81.99 80.41 54.98 85.13 50.52 83.23 61.53 52.53 11.58 90.83 92.6 31.49 78.08 62.35 38.09 84.34 19.26 28.52 80.08 55.43 19.1 20.34 63.01 55.91 79.95 62.76 30.47 51.34 25.23 25.24 54.23 
45.51 29.55 78.52 89.95 72.01 88.88 68.04 70.05 6.8 27.1 35.91 75.89 38.05 9.75 3.76 80.23 23.49 66.91 30.27 18.4 39.44 0.41 70.87 7.29 13.73 63.33 64.41 55.29 113.06 53.07 9.17 51.57 106.87 34.75 33.68 86.19 75.11 102.34 94.18 93.7 23.01 34.28 91.13 116.18 63.4 77.68 48.24 87.91 16.27 22.73 59.1 96.04 110.23 81.66 38.84 71.14 36.15 64.5 73.43 60.16 32.25 66.06 65.71 74.58 17.13 72.8 36.81 75.16 16.71 0.34 95.87 31.35 27.09 87.46 57.36 26.56 81.06 75.36 18.44 71.31 9.79 102.09 114.53 42.34 34.24 75.01 85.02 51.26 80.55 96.11 54.78 73.98 66.57 68.61 53.87 77.11 75.68 61.88 22.37 47.82 32.15 61.47 53.69 49.57 7.92 65.91 51.08 25.34 108.06 47.42 98.42 111.29 92.04 43.94 78.54 83.56 40.72 17.42 101.41 12.09 75.65 48.41 79.36 58.8 57.7 53.9 23.32 57.36 2.09 72.75 82.26 85.32 11.49 81.05 112.53 57.96 17.34 80.52 110.19 80.73 20.42 14.64 111.81 84.4 33.53 2.2 43.32 77.81 34.6 105.29 105.42 62.4 90.98 82.24 60.44 54.25 86.7 109.28 4.76 97.94 116.23 14.81 20.2 6.06 71.59 40.2 109.59 89.49 11.98 40.8 37.07 41.39 65.29 25.53 46.61 
108.61 21.76 73.76 101.52 65.02 29.57 104.48 108.09 14.99 49.36 26.43 17.2 33.14 42.08 22.12 61.48 89.77 40.16 15.41 73.45 85.24 96.64 53.17 111.72 38.14 11.47 114.2 53.97 95.93 73.87 104.73 81.51 18.5 57.42 23.4 31.26 32.05 69.06 5.61 48.75 107.39 67.18 98.4 8.27 84.79 78.1 1.64 54.47 99.84 87.88 79.5 112.04 7.63 79.62 39.65 48.78 39.27 98.33 57.12 55.93 77.41 51.42 82.33 61.12 34.43 86.11 4.57 17.85 55.91 69.23 50.41 57.45 18.79 114.09 65.53 40.11 74.74 77.4 36.15 100.72 3.48 72.62 89.63 85.52 111.88 69.57 52.46 106.63 115.63 23.92 40.9 3.81 67.18 111.99 39.56 86.09 1.74 63.69 48.32 50.08 81.51 2.33 11.11 113.51 115.46 90.92 110.15 27.99 11.38 70.34 63.77 48.48 88.08 66.5 107.34 100.92 79.77 79.93 15.15 19.07 32.93 9.28 114.52 3.33 27.04 18.96 46.39 67.35 33.5 21.56 63.3 25.55 52.25 14.67 41.67 59.24 34.62 53.12 3.5 32.06 45.99 104.41 103.02 15.74 30.03 86.56 45.41 29.74 77.36 35.86 37.11 64.62 34.32 88.62 60.2 108.01 114.38 24.85 96.25 106.52 51.12 80.4 58.1 25.69 15.43 98.98 36.16 45.65 61.64 92.72 102.5 99.2 14.37 20.78 4.23 
61.42 74.78 94.76 21.94 98.04 33.19 24.01 6.79 69.74 40.63 96.71 101.49 83.16 39.39 31.54 106.03 89.21 34.04 108.78 24.3 40.77 43.2 94.38 21.81 46.7 27.79 49.6 25.3 1.84 25.82 44.39 104.85 107.45 1.11 102.27 32.63 99.27 71.36 81.66 90.16 116.89 108.67 22.93 50.84 9.63 88.2 102.36 34.05 65.34 32.41 50.8 53.4 100.52 75.58 14.06 14.58 17.34 84.81 101.61 14.67 23.9 83.89 115.95 49.42 4.09 38.85 38.85 81.43 116.11 78.44 53.55 87.9 33.54 52.02 76.59 44.02 73.07 73.4 68.01 63.46 78.47 36.43 57.88 114.5 25.5 51.12 45.3 6.6 103.22 74.73 43.8 7.69 95.78 33.63 8.82 113.97 40.89 3.88 80.51 76.26 61.04 5.96 50.17 104.51 21.14 82.58 31.51 94.4 40.28 55.83 51.26 38.43 87.87 106.98 2.95 54.33 82.46 103.89 103.79 44.05 89.59 42 74.48 67.7 56.69 72.62 103.53 25.93 42.77 84.08 59.46 38.69 56.68 52.57 28.39 23.59 12.44 63.62 91.11 40.28 6.25 94.85 74 15.35 85.4 47.93 5.19 108.24 13.91 65.16 95.93 83.96 17.7 49.08 9.19 43.98 113.01 30.32 10.63 65.2 90.61 106.06 106.89 24.86 108.17 9.82 1.17 45.18 0.22 99.79 49.72 69.63 40.09 64.99 43.46 
