5450376 2304 78566688
1506744 1296 1244754
771305 1587 64636854
20100964 4732 87367878
19093760 1280 6906864
22246290 6075 23451525
506220 87120 8112324
1997688 3456 3535128
30932010 20412 5056938
5096988 405 915417
318453 36 8533125
1567350 4500 30405120
51539400 32400 1068930
16631937 19845 68165433
2293623 486 227106
24568590 6300 29117520
50877430 1156 58608333
8305902 30492 13299132
713250 56700 5321340
42202230 12348 1987566
766080 11520 5933616
20172516 30276 434565
11839704 3154176 21263160
26348160 18000 26926380
23767216 1792 57032688
