122096 1792 10416240
1168690 1083 45286557
34284852 19845 42626997
3179736 11664 8833158
8606145 27 9000657
8654352 3456 41294664
18774600 5400 2194470
5357568 9216 57235152
14938000 192 10388712
27844614 17496 41959998
1591788 180 6501714
14699944 320 22302120
4060560 2304 5685864
1567080 972 11309346
23964240 6300 3655230
3816384 121680 15855684
5493890 8092 54658842
2701030 500 8196240
8902985 1014 16468959
20837115 41067 4333329
44908708 13520 33910500
19270625 302500 5219775
1924510 27075 15448425
