240192 6912 36061680
744770 3380 4245306
2060004 54 525585
11214050 400 35467830
8587992 8820 30289014
2694048 1728 1402152
48804 2205 11966577
201227 676 2447328
2582762 507 39894621
100840 300 4077030
32395408 2645 6941607
3198840 1350 15772545
25476 720 1064268
4805757 5103 11379609
21312300 720 2755908
1516410 3600 16142730
10956608 16384 4660224
4824765 22743 62702679
13321660 605 25527447
730728 144 4878894
13827216 486720 1073592
10945900 2166 52195641
2411700 270000 4662000
321300 2041200 16743240
257976 216 3029190
