3151264 2166 24103761
4386714 252 5255184
498996 5184 22758552
1560240 40500 3746250
14873846 7220 978576
1582720 3072 25783968
346144 5 2478741
12488073 10647 17440098
27681784 54080 83901792
986076 63504 4041954
11045085 675 34323975
2779056 11520 22903296
954880 24 3356418
676200 95220 5938278
6247280 384 19236744
10109965 175 14875665
17890020 32400 1661670
121495 7 832611
2139760 19600 9300690
1203442 12 3539124
7294482 1296 17698950
1022406 8820 17515134
210675 126405 2188476
639231 54 10278378
9724758 180 9287370
748440 21168 13466964
