7877760 1350 22945365
4461100 3125 15914625
48579744 10404 6262953
25393185 486 14037948
931980 3087 14948703
19470240 4665600 519480
38802024 468180 4675986
26246220 9747 60859413
1449656 28 2134974
48751648 1452 39352830
1697955 3087 9645678
16893926 245 23006193
6816720 252 4035294
247020 45 10712943
18315528 3267 25568961
16222817 507 6431451
32920020 11664 7170822
167580 9072 1634364
1712788 2904 24246618
709536 22743 17042829
11721556 294 23139837
8580984 4032 36073224
5881008 1323 42735
20927830 41503 17837589
