22468 6 2845
531 7 1603
13195 7 2946
13220 3 47
15078 294 3493
17923 6 2820
22243 7 3600
15063 54 3642
26505 7 3683
19568 28 3018
9415 343 2751
30299 3 3623
2987 5 1987
27699 54 3132
11221 314646 1374
29369 3 919
26922 216 1494
20263 4 2372
1485 675 3585
16578 216 3444
2123 7 3738
14511 6 583
21013 5 1862
17415 4 2384
31284 5 1847
23598 2116 713
16440 384 3184
4448 6 3151
11121 54 2163
17292 108 798
10850 1176 2016
23910 24 3688
18035 6 3662
17848 28 826
16358 4 1359
31480 384 3664
1719 4 9740
1042 12 3360
