262868328 7 665
873026928 4 433
933092541 7 2243
735291126 20 1214
1175955669 15876 3339
44311518 28 2908
63916614 28 1678
312581250 108 534
1620771291 3 3682
626912955 405 3303
1073729097 6 2956
514283679 845 52
1221517512 20 3326
173195019 4 490
178046280 3 989
375597630 28 322
730839969 4 2978
246314025 4 1922
600606117 63 375
141736842 676 3679
730389852 576 132
1279582605 27 447
724188240 252 1482
1146548025 54 2091
536039334 3 1537
918888849 5 685
472922928 3 853
979054488 28 2518
585802269 507 2990
763048341 36 2163
1344449466 24 1616
326784942 7 1145
115980147 7 3775
199501857 7 1558
91273725 567 711
191249712 28 298
1597465233 27 1812
277072020 5 1591
