13 70
1 5 459
1 10 138
1 13 231
2 2 230
2 7 489
3 1 495
3 2 69
3 3 261
3 4 186
3 7 238
3 8 460
3 9 227
3 11 139
4 1 67
4 4 363
4 6 112
4 8 143
4 11 68
5 1 499
5 4 164
5 6 490
5 8 346
5 9 208
5 11 264
5 12 474
6 3 420
6 5 255
6 6 395
6 7 163
6 11 223
6 12 256
7 3 7
7 5 463
8 1 216
8 6 298
8 7 120
8 8 119
8 9 217
8 10 433
8 12 482
9 2 496
9 3 414
9 4 182
9 7 171
9 8 323
9 9 21
9 13 267
10 1 256
10 2 467
10 5 379
10 6 190
10 7 476
10 8 329
10 10 200
10 13 245
11 5 206
12 1 127
12 2 43
12 5 399
12 7 235
12 8 275
12 11 144
12 13 407
13 1 495
13 2 478
13 3 166
13 6 231
13 7 183
13 12 65
13 13 54
45 1098
1 2 8
1 3 142
1 5 84
1 6 31
1 8 37
1 10 336
1 11 132
1 12 485
1 13 111
1 14 324
1 15 214
1 19 64
1 21 192
1 22 422
1 23 37
1 26 221
1 27 151
1 28 109
1 37 1
1 38 250
1 41 132
1 43 162
1 45 2
2 1 53
2 5 459
2 6 203
2 11 425
2 14 23
2 15 73
2 17 240
2 18 280
2 24 93
2 25 362
2 28 67
2 29 145
2 30 176
2 32 450
2 33 83
2 34 186
2 36 399
2 37 351
2 41 232
2 42 275
2 43 360
2 44 243
2 45 88
3 1 99
3 5 187
3 6 406
3 7 159
3 8 85
3 9 305
3 10 179
3 12 222
3 13 105
3 14 192
3 20 254
3 21 136
3 22 382
3 23 389
3 25 217
3 26 373
3 29 461
3 30 119
3 31 5
3 32 483
3 33 38
3 34 55
3 35 101
3 36 430
3 38 456
3 39 431
3 41 146
3 43 11
3 44 189
3 45 120
4 1 451
4 5 92
4 6 331
4 8 326
4 9 163
4 11 32
4 15 458
4 16 424
4 18 47
4 19 413
4 20 283
4 22 147
4 23 494
4 24 14
4 26 281
4 28 104
4 30 436
4 31 238
4 32 282
4 36 353
4 37 89
4 40 91
4 42 411
4 43 347
4 44 334
5 1 387
5 2 472
5 3 381
5 4 227
5 5 185
5 6 37
5 7 494
5 9 81
5 10 129
5 11 448
5 12 391
5 13 116
5 14 47
5 15 119
5 16 398
5 17 482
5 19 349
5 20 4
5 21 500
5 24 18
5 25 340
5 26 139
5 27 374
5 28 278
5 29 88
5 30 16
5 31 491
5 32 62
5 33 65
5 34 148
5 35 80
5 36 373
5 37 388
5 38 25
5 39 55
5 41 283
5 42 59
5 43 219
5 44 303
5 45 88
6 1 153
6 3 376
6 4 78
6 8 418
6 9 480
6 11 141
6 14 70
6 16 58
6 17 96
6 18 135
6 19 491
6 20 353
6 21 158
6 25 186
6 26 159
6 27 335
6 29 310
6 31 157
6 32 195
6 33 39
6 35 173
6 37 389
6 38 142
6 40 370
6 42 437
6 43 303
7 1 412
7 2 229
7 3 77
7 4 344
7 5 270
7 6 350
7 7 438
7 8 377
7 9 398
7 11 162
7 13 351
7 14 412
7 15 432
7 16 454
7 17 142
7 18 496
7 20 454
7 21 230
7 22 331
7 23 147
7 24 253
7 25 170
7 27 43
7 28 26
7 29 455
7 30 299
7 31 209
7 32 132
7 35 108
7 36 63
7 40 174
7 41 486
7 42 9
7 44 65
7 45 254
8 1 380
8 2 142
8 3 476
8 4 54
8 5 377
8 6 184
8 7 219
8 10 41
8 11 288
8 12 347
8 14 451
8 15 445
8 16 275
8 18 421
8 19 161
8 22 50
8 23 312
8 24 461
8 25 361
8 26 71
8 27 71
8 28 326
8 29 175
8 30 474
8 31 212
8 32 17
8 33 357
8 34 138
8 36 481
8 37 482
8 38 453
8 39 416
8 41 316
8 43 363
8 44 344
8 45 449
9 1 134
9 3 70
9 4 269
9 6 142
9 7 475
9 8 409
9 12 281
9 16 130
9 20 303
9 24 289
9 27 150
9 28 162
9 30 277
9 33 328
9 38 240
9 39 242
9 40 203
9 41 265
9 42 391
10 3 265
10 4 108
10 8 311
10 10 380
10 11 431
10 12 377
10 15 123
10 17 150
10 18 435
10 20 440
10 21 483
10 23 43
10 24 80
10 26 458
10 33 427
10 37 388
10 39 118
10 44 88
10 45 54
11 3 46
11 6 165
11 7 347
11 10 277
11 11 157
11 12 286
11 14 467
11 16 28
11 20 399
11 22 305
11 23 296
11 24 378
11 25 171
11 26 475
11 28 126
11 29 167
11 30 380
11 36 26
11 38 347
11 39 73
11 40 438
11 41 197
11 42 330
11 44 193
11 45 238
12 3 297
12 6 177
12 10 446
12 11 188
12 12 196
12 13 12
12 14 160
12 15 297
12 18 369
12 19 242
12 23 56
12 26 482
12 31 338
12 32 143
12 33 118
12 34 259
12 39 88
12 40 381
12 42 283
12 44 441
13 8 139
13 11 215
13 16 280
13 19 203
13 21 79
13 31 243
14 1 445
14 2 97
14 3 68
14 4 480
14 5 97
14 6 35
14 7 421
14 8 341
14 9 244
14 10 207
14 11 292
14 12 123
14 13 167
14 14 260
14 15 58
14 16 371
14 17 312
14 18 314
14 19 244
14 20 56
14 21 300
14 23 51
14 24 436
14 27 375
14 28 344
14 30 410
14 32 193
14 33 299
14 34 152
14 35 484
14 38 105
14 39 200
14 40 417
14 41 24
14 42 60
14 43 48
14 44 491
14 45 168
15 1 438
15 2 180
15 3 91
15 4 130
15 5 410
15 6 417
15 9 306
15 10 291
15 11 303
15 12 442
15 13 461
15 14 489
15 15 472
15 16 188
15 17 431
15 18 103
15 19 114
15 20 322
15 22 4
15 23 259
15 24 360
15 25 242
15 26 109
15 27 197
15 28 318
15 29 355
15 33 96
15 36 28
15 37 432
15 38 300
15 39 211
15 40 492
15 42 458
15 43 65
15 44 88
15 45 262
16 2 53
16 29 450
16 43 338
17 1 98
17 2 130
17 3 277
17 4 487
17 5 114
17 6 32
17 7 311
17 8 92
17 11 46
17 12 282
17 14 342
17 16 441
17 21 250
17 24 342
17 25 261
17 27 489
17 29 3
17 30 204
17 31 175
17 32 362
17 34 38
17 35 492
17 36 315
17 37 109
17 39 456
17 40 455
17 41 492
17 42 14
17 43 259
17 45 227
18 1 474
18 2 254
18 3 468
18 5 159
18 12 479
18 15 418
18 19 268
18 20 292
18 22 315
18 23 379
18 26 9
18 27 40
18 33 75
18 39 457
18 41 149
18 42 447
18 44 184
19 2 487
19 3 91
19 4 311
19 6 82
19 9 229
19 11 260
19 20 209
19 21 22
19 25 214
19 31 485
19 33 498
19 38 259
19 39 137
19 44 500
20 1 432
20 4 318
20 5 335
20 6 268
20 8 23
20 9 263
20 10 159
20 11 449
20 12 356
20 13 61
20 15 156
20 16 102
20 17 83
20 18 145
20 19 468
20 20 365
20 21 418
20 22 410
20 25 53
20 26 465
20 28 310
20 29 414
20 30 95
20 32 248
20 34 403
20 35 15
20 36 429
20 38 247
20 39 136
20 40 473
20 43 495
20 45 282
21 9 319
21 38 54
21 41 291
21 42 202
21 44 479
22 3 75
22 4 147
22 5 417
22 6 204
22 7 142
22 8 393
22 9 140
22 10 141
22 11 465
22 12 472
22 13 248
22 14 374
22 16 262
22 17 358
22 18 432
22 20 42
22 21 41
22 22 20
22 23 234
22 24 313
22 25 206
22 26 422
22 27 270
22 28 490
22 29 177
22 30 15
22 31 76
22 32 192
22 34 290
22 35 222
22 36 84
22 37 462
22 38 213
22 39 83
22 41 341
22 43 48
22 44 476
22 45 500
23 3 268
23 8 122
23 11 153
23 12 330
23 15 37
23 18 315
23 19 389
23 26 409
23 28 449
23 30 460
23 36 281
23 42 256
24 1 293
24 2 473
24 3 204
24 4 425
24 6 269
24 7 276
24 8 189
24 9 53
24 10 8
24 11 228
24 13 392
24 15 134
24 16 25
24 17 352
24 19 103
24 20 384
24 21 259
24 22 292
24 23 185
24 24 210
24 25 319
24 27 400
24 28 151
24 29 269
24 30 58
24 31 421
24 32 346
24 33 492
24 34 300
24 35 471
24 36 386
24 37 295
24 38 314
24 39 66
24 40 284
24 41 394
24 42 342
24 44 412
24 45 228
25 2 48
25 3 383
25 4 482
25 6 208
25 7 184
25 8 394
25 11 321
25 12 476
25 14 160
25 15 463
25 18 202
25 19 454
25 20 295
25 22 457
25 23 238
25 24 239
25 26 27
25 30 14
25 31 115
25 32 419
25 35 401
25 40 410
25 41 63
25 42 127
25 44 105
25 45 150
26 6 445
26 10 305
26 11 417
26 14 145
26 21 132
26 28 494
26 31 95
26 32 101
26 36 333
26 39 444
27 2 437
27 3 205
27 4 237
27 5 125
27 9 221
27 10 217
27 11 490
27 12 155
27 16 121
27 20 197
27 21 197
27 22 275
27 25 90
27 26 453
27 27 28
27 28 313
27 29 21
27 30 427
27 32 132
27 33 303
27 35 369
27 36 451
27 37 212
27 38 128
27 39 311
27 41 361
27 43 410
27 44 479
27 45 78
28 1 423
28 2 479
28 3 421
28 4 170
28 6 301
28 7 391
28 8 131
28 9 364
28 10 247
28 11 99
28 12 475
28 15 173
28 16 247
28 18 401
28 20 148
28 23 176
28 24 85
28 26 455
28 27 476
28 31 127
28 32 453
28 33 369
28 35 283
28 37 31
28 38 12
28 40 15
28 43 332
28 44 103
28 45 304
29 1 96
29 2 393
29 3 322
29 4 333
29 5 406
29 6 494
29 7 77
29 8 94
29 9 150
29 10 180
29 11 69
29 13 138
29 14 296
29 15 327
29 18 498
29 19 267
29 20 73
29 21 273
29 23 248
29 28 25
29 31 143
29 33 251
29 34 142
29 35 96
29 37 247
29 38 296
29 39 317
29 40 137
29 42 430
29 43 135
29 44 325
29 45 299
30 2 14
30 7 114
30 9 48
30 15 35
30 19 451
30 23 78
30 30 120
30 39 496
30 41 287
31 7 271
31 9 165
31 10 147
31 12 408
31 13 499
31 14 93
31 16 313
31 17 84
31 20 353
31 22 40
31 24 494
31 28 498
31 29 9
31 30 85
31 31 186
31 32 353
31 37 91
31 38 490
31 42 40
31 43 476
31 44 69
31 45 259
32 1 342
32 2 20
32 3 271
32 4 153
32 7 370
32 9 274
32 10 110
32 13 388
32 15 422
32 16 217
32 17 324
32 18 254
32 20 161
32 21 78
32 22 60
32 23 219
32 26 158
32 27 201
32 28 435
32 29 286
32 32 378
32 33 74
32 34 41
32 35 161
32 36 41
32 39 287
32 40 177
32 41 258
32 43 13
32 44 282
33 1 357
33 8 1
33 10 428
33 11 473
33 19 149
33 23 204
33 29 490
33 35 130
33 37 5
33 44 276
34 1 341
34 2 226
34 3 158
34 4 67
34 5 193
34 6 232
34 8 297
34 9 154
34 10 80
34 11 213
34 13 113
34 15 59
34 16 126
34 17 316
34 18 257
34 20 30
34 21 103
34 22 151
34 23 88
34 24 424
34 25 44
34 26 217
34 27 133
34 28 48
34 29 52
34 30 183
34 32 116
34 33 96
34 34 171
34 35 268
34 37 467
34 38 227
34 39 188
34 40 336
34 41 226
34 42 326
34 45 15
35 1 188
35 2 433
35 3 429
35 4 295
35 7 311
35 8 305
35 9 26
35 10 19
35 11 314
35 12 393
35 15 462
35 16 176
35 18 462
35 20 329
35 21 62
35 22 277
35 23 377
35 24 445
35 25 21
35 26 282
35 27 447
35 28 147
35 29 453
35 30 45
35 31 295
35 32 298
35 33 136
35 34 376
35 36 405
35 37 107
35 38 405
35 39 299
35 40 98
35 41 397
35 42 441
35 45 323
36 1 143
36 2 176
36 3 246
36 4 264
36 5 430
36 6 83
36 7 268
36 8 408
36 9 180
36 10 384
36 11 48
36 16 149
36 17 399
36 18 261
36 19 399
36 20 113
36 21 124
36 22 89
36 23 36
36 25 273
36 26 458
36 27 387
36 28 221
36 29 206
36 31 264
36 32 124
36 34 88
36 35 37
36 36 267
36 38 216
36 40 168
36 41 354
36 42 404
36 43 365
36 44 476
36 45 368
37 1 21
37 13 207
37 18 290
37 22 385
37 24 97
37 30 418
37 31 87
37 40 451
38 1 430
38 2 188
38 4 265
38 5 57
38 7 380
38 8 261
38 9 469
38 10 241
38 11 352
38 12 44
38 13 295
38 14 167
38 15 441
38 16 293
38 17 265
38 18 219
38 21 402
38 22 222
38 23 46
38 24 35
38 26 416
38 28 206
38 29 142
38 30 78
38 31 183
38 32 332
38 33 3
38 34 464
38 36 423
38 37 151
38 38 293
38 39 392
38 40 22
38 41 126
38 42 140
38 43 167
38 44 29
38 45 460
39 9 498
39 11 12
39 16 67
39 17 123
39 18 214
39 19 399
39 22 300
39 23 102
39 29 224
39 30 390
39 34 386
39 36 484
39 37 129
39 40 223
39 41 207
39 42 497
39 43 460
39 45 470
40 1 321
40 2 38
40 5 362
40 7 16
40 8 446
40 9 138
40 10 295
40 11 34
40 12 112
40 13 363
40 15 148
40 16 201
40 17 159
40 20 442
40 21 480
40 23 459
40 25 191
40 28 488
40 29 130
40 35 41
40 36 389
40 37 161
40 40 6
40 42 138
40 43 88
40 44 84
41 11 424
42 3 366
42 4 151
42 5 362
42 6 101
42 8 137
42 17 90
42 19 292
42 21 383
42 26 124
42 28 403
42 40 193
43 1 98
43 2 422
43 3 240
43 4 211
43 5 129
43 6 87
43 7 342
43 8 364
43 9 296
43 10 468
43 11 109
43 13 180
43 15 352
43 16 486
43 17 152
43 18 343
43 21 86
43 22 271
43 23 275
43 24 459
43 25 273
43 27 301
43 29 364
43 30 93
43 31 180
43 32 130
43 33 160
43 36 446
43 38 457
43 39 258
43 40 63
43 41 198
43 42 161
43 43 413
43 44 228
43 45 217
44 2 468
44 3 364
44 4 496
44 5 469
44 6 36
44 8 319
44 10 414
44 11 485
44 12 404
44 13 313
44 14 290
44 15 346
44 16 33
44 17 190
44 18 279
44 19 387
44 21 392
44 22 372
44 23 212
44 24 35
44 25 274
44 26 462
44 28 297
44 29 60
44 30 223
44 31 478
44 32 339
44 33 168
44 34 134
44 35 423
44 36 156
44 37 74
44 38 479
44 39 380
44 41 291
44 43 153
44 45 110
45 3 486
45 4 137
45 7 77
45 9 241
45 10 113
45 11 359
45 16 297
45 18 243
45 19 441
45 20 17
45 21 242
45 22 317
45 24 221
45 25 192
45 26 18
45 27 444
45 29 44
45 33 429
45 34 390
45 35 3
45 37 436
45 39 350
45 40 282
45 41 290
45 42 202
45 44 337
45 1174
1 10 120
1 24 470
1 30 475
2 1 38
2 3 372
2 4 386
2 5 481
2 7 253
2 8 40
2 13 161
2 17 208
2 19 23
2 21 276
2 22 69
2 23 293
2 25 316
2 26 76
2 27 160
2 30 467
2 37 15
2 38 39
2 39 461
2 40 119
2 42 336
2 44 14
3 1 418
3 2 462
3 3 265
3 5 55
3 6 475
3 8 33
3 9 117
3 11 315
3 12 336
3 13 29
3 14 240
3 16 86
3 18 141
3 19 231
3 21 162
3 22 234
3 24 124
3 25 485
3 26 349
3 27 428
3 28 343
3 29 48
3 32 272
3 33 95
3 34 299
3 35 58
3 36 456
3 37 95
3 38 165
3 39 216
3 40 183
3 41 118
3 42 307
3 43 274
3 44 478
3 45 367
4 1 485
4 2 104
4 4 165
4 6 56
4 7 364
4 9 190
4 10 489
4 14 310
4 15 199
4 17 358
4 19 63
4 20 185
4 21 181
4 29 322
4 31 377
4 32 37
4 33 336
4 35 415
4 37 81
5 1 84
5 2 483
5 3 353
5 4 440
5 5 79
5 6 313
5 8 428
5 9 179
5 10 365
5 11 258
5 12 324
5 13 324
5 14 60
5 15 212
5 17 16
5 18 262
5 19 330
5 20 251
5 21 159
5 23 261
5 24 142
5 25 208
5 26 386
5 27 81
5 28 35
5 29 27
5 30 244
5 34 372
5 35 274
5 36 285
5 37 214
5 39 383
5 40 265
5 41 240
5 43 482
5 44 184
5 45 422
6 1 12
6 4 368
6 5 111
6 6 424
6 7 277
6 8 161
6 9 144
6 10 337
6 11 260
6 12 429
6 13 426
6 14 37
6 15 445
6 16 435
6 17 320
6 18 478
6 19 9
6 20 353
6 21 49
6 22 301
6 23 72
6 24 291
6 25 203
6 26 365
6 27 163
6 28 422
6 30 345
6 31 232
6 32 37
6 33 405
6 34 499
6 37 479
6 38 406
6 39 225
6 40 220
6 41 311
6 42 295
6 43 423
6 44 421
6 45 394
7 1 359
7 2 273
7 3 341
7 4 473
7 5 157
7 6 18
7 7 475
7 8 413
7 9 272
7 11 367
7 12 294
7 13 326
7 15 306
7 16 442
7 17 118
7 19 11
7 22 112
7 23 252
7 24 110
7 25 296
7 26 176
7 27 261
7 28 163
7 29 13
7 30 25
7 31 257
7 32 357
7 33 22
7 34 205
7 35 8
7 36 491
7 37 137
7 38 429
7 40 39
7 41 68
7 42 267
7 43 190
7 44 279
7 45 473
8 3 323
8 5 254
8 8 454
8 11 96
8 19 293
8 23 238
8 25 297
8 27 331
8 31 99
8 33 154
9 1 434
9 2 39
9 3 493
9 4 243
9 5 308
9 6 34
9 8 213
9 9 283
9 10 214
9 12 436
9 13 190
9 15 407
9 16 124
9 17 83
9 18 446
9 19 41
9 21 438
9 22 138
9 25 336
9 27 49
9 28 91
9 29 250
9 31 41
9 33 475
9 34 332
9 35 327
9 37 54
9 38 398
9 39 91
9 40 19
9 41 235
9 44 284
9 45 376
10 2 400
10 4 419
10 5 353
10 6 400
10 10 373
10 11 125
10 15 459
10 17 212
10 19 172
10 20 105
10 24 75
10 28 400
10 30 451
10 31 408
10 40 339
10 42 242
10 43 480
10 45 362
11 1 179
11 3 196
11 5 27
11 6 357
11 7 218
11 11 103
11 12 161
11 13 104
11 18 399
11 19 65
11 20 71
11 21 491
11 22 204
11 23 478
11 26 152
11 27 389
11 28 444
11 29 341
11 34 270
11 36 49
11 38 258
11 40 305
11 41 52
11 43 302
11 44 479
12 1 206
12 2 27
12 6 85
12 7 287
12 9 242
12 10 314
12 11 231
12 12 227
12 14 492
12 15 391
12 16 89
12 17 275
12 21 401
12 23 139
12 24 204
12 25 388
12 27 381
12 29 31
12 32 148
12 34 119
12 36 103
12 39 104
12 43 15
12 44 6
12 45 172
13 1 95
13 2 308
13 3 169
13 4 445
13 6 453
13 7 101
13 8 387
13 9 397
13 10 313
13 11 175
13 12 486
13 13 253
13 14 317
13 15 252
13 16 28
13 17 471
13 21 58
13 23 254
13 25 303
13 26 313
13 29 58
13 30 277
13 31 46
13 32 336
13 33 1
13 37 144
13 38 376
13 39 429
13 42 331
13 45 348
14 1 390
14 2 378
14 3 227
14 5 251
14 7 119
14 8 457
14 9 163
14 12 476
14 14 129
14 15 375
14 17 35
14 18 178
14 19 113
14 20 185
14 21 461
14 22 314
14 23 199
14 25 50
14 28 200
14 30 420
14 32 427
14 33 426
14 35 284
14 36 332
14 37 64
14 38 22
14 40 494
14 42 136
14 44 464
14 45 483
15 2 4
15 4 20
15 5 344
15 10 471
15 11 360
15 12 58
15 13 114
15 14 342
15 15 315
15 16 213
15 18 7
15 19 241
15 20 206
15 21 460
15 22 252
15 23 372
15 26 464
15 28 304
15 29 329
15 30 165
15 34 431
15 35 181
15 36 149
15 37 354
15 38 27
15 39 102
15 41 98
15 43 190
15 45 131
16 1 331
16 2 161
16 11 197
16 16 17
16 17 392
16 18 217
16 20 21
16 21 110
16 23 410
16 25 122
16 28 132
16 30 218
16 32 141
16 40 251
16 41 157
16 45 336
17 1 200
17 2 300
17 3 461
17 4 86
17 5 184
17 6 21
17 7 222
17 8 165
17 9 40
17 10 93
17 13 182
17 14 330
17 16 99
17 17 164
17 18 329
17 19 348
17 20 300
17 21 68
17 22 49
17 23 120
17 24 328
17 25 103
17 26 419
17 27 229
17 28 409
17 29 434
17 30 2
17 31 201
17 32 132
17 33 414
17 34 429
17 35 35
17 36 337
17 37 122
17 38 46
17 39 226
17 40 238
17 41 29
17 42 203
17 44 417
17 45 316
18 2 226
18 3 330
18 4 431
18 5 102
18 6 278
18 7 20
18 8 251
18 9 157
18 10 130
18 11 41
18 13 95
18 14 85
18 16 228
18 17 356
18 18 489
18 19 14
18 20 307
18 21 16
18 22 470
18 25 159
18 26 263
18 29 304
18 31 28
18 32 416
18 33 7
18 36 197
18 37 489
18 38 220
18 39 153
18 41 102
18 42 446
18 43 116
18 44 127
18 45 417
19 1 85
19 2 161
19 5 7
19 6 213
19 7 69
19 8 49
19 9 493
19 10 132
19 12 93
19 13 477
19 15 257
19 17 201
19 18 411
19 19 364
19 20 225
19 21 464
19 22 210
19 23 39
19 24 40
19 25 35
19 26 252
19 27 384
19 28 147
19 30 258
19 31 38
19 32 285
19 33 173
19 35 369
19 36 102
19 38 344
19 39 112
19 41 63
19 42 404
19 44 325
19 45 308
20 45 271
21 2 480
21 3 32
21 4 404
21 5 215
21 6 401
21 7 79
21 12 396
21 13 219
21 14 12
21 16 100
21 20 341
21 21 439
21 22 244
21 26 62
21 27 52
21 29 487
21 30 6
21 31 269
21 32 106
21 34 312
21 35 395
21 36 227
21 37 327
21 39 318
21 40 195
21 43 40
21 45 200
22 1 479
22 5 29
22 6 472
22 7 292
22 8 115
22 9 241
22 10 155
22 12 2
22 13 375
22 14 81
22 15 142
22 18 157
22 19 144
22 20 308
22 21 134
22 25 338
22 27 221
22 29 183
22 30 369
22 31 310
22 40 250
22 41 234
22 42 78
22 43 125
22 44 288
23 1 422
23 3 265
23 4 284
23 5 231
23 8 92
23 9 31
23 11 20
23 14 281
23 18 249
23 19 455
23 21 172
23 22 70
23 23 300
23 24 108
23 28 33
23 32 286
23 34 120
23 37 284
23 41 227
23 42 437
23 45 404
24 7 177
24 10 121
24 15 124
24 19 95
24 20 38
24 23 130
24 26 39
24 27 81
24 31 4
24 32 497
24 36 43
24 39 74
24 40 30
24 44 400
25 1 484
25 2 158
25 3 317
25 4 362
25 5 113
25 6 335
25 7 151
25 8 322
25 9 130
25 13 409
25 14 197
25 15 328
25 16 44
25 18 122
25 19 419
25 20 139
25 21 102
25 22 63
25 24 265
25 26 104
25 27 172
25 28 276
25 29 194
25 31 450
25 33 294
25 35 279
25 37 283
25 38 161
25 39 134
25 41 482
25 44 5
25 45 446
26 1 334
26 5 492
26 9 89
26 10 359
26 12 373
26 16 395
26 17 374
26 18 81
26 21 317
26 27 253
26 28 153
26 29 471
26 30 478
26 33 447
26 36 26
26 39 417
26 40 335
26 42 323
27 2 207
27 4 94
27 5 72
27 6 51
27 9 3
27 11 48
27 12 180
27 14 432
27 15 39
27 16 230
27 18 314
27 19 109
27 20 407
27 22 184
27 23 119
27 24 57
27 25 34
27 26 198
27 28 102
27 29 412
27 30 167
27 33 221
27 35 97
27 36 116
27 37 496
27 38 339
27 39 14
27 42 288
27 44 145
28 1 176
28 3 461
28 4 180
28 5 250
28 6 49
28 8 437
28 9 203
28 10 282
28 11 169
28 12 414
28 14 83
28 15 140
28 16 487
28 17 16
28 18 440
28 19 278
28 20 382
28 21 15
28 23 413
28 24 144
28 29 326
28 31 302
28 32 118
28 33 340
28 34 404
28 35 225
28 36 236
28 37 349
28 38 97
28 39 57
28 41 9
28 43 135
28 44 247
28 45 276
29 1 139
29 6 46
29 8 383
29 9 473
29 11 79
29 16 289
29 31 268
30 1 410
30 2 407
30 3 408
30 4 71
30 5 88
30 6 267
30 9 302
30 10 232
30 11 315
30 12 197
30 13 462
30 14 37
30 16 304
30 18 281
30 19 428
30 23 455
30 24 466
30 27 309
30 28 438
30 29 103
30 30 110
30 31 459
30 32 110
30 33 186
30 34 453
30 35 147
30 36 89
30 37 194
30 38 17
30 40 437
30 41 321
30 43 22
30 44 469
30 45 154
31 1 207
31 5 83
31 6 219
31 7 247
31 20 98
31 21 202
31 22 456
31 25 261
31 27 61
31 30 97
31 32 486
31 33 188
31 34 229
31 39 468
31 40 51
31 42 130
31 43 253
31 45 2
32 1 422
32 2 21
32 3 52
32 4 75
32 7 255
32 8 84
32 9 184
32 10 248
32 12 410
32 13 386
32 14 192
32 15 175
32 16 453
32 17 367
32 19 186
32 20 343
32 22 325
32 23 431
32 25 350
32 26 382
32 27 59
32 28 467
32 29 461
32 30 190
32 31 119
32 32 407
32 33 69
32 34 112
32 35 500
32 36 155
32 37 249
32 39 497
32 40 483
32 41 241
32 42 332
32 44 492
33 2 314
33 3 40
33 4 232
33 5 90
33 6 177
33 7 143
33 8 499
33 9 375
33 10 401
33 14 432
33 15 74
33 16 191
33 20 186
33 22 185
33 23 145
33 24 277
33 25 39
33 26 45
33 28 351
33 32 401
33 33 128
33 35 331
33 36 157
33 37 354
33 39 128
33 40 177
33 41 338
33 42 291
34 1 181
34 2 426
34 4 331
34 7 4
34 8 76
34 9 66
34 10 228
34 11 441
34 12 174
34 13 215
34 14 242
34 15 172
34 16 135
34 18 421
34 19 244
34 21 309
34 24 351
34 27 300
34 28 231
34 29 497
34 30 276
34 31 40
34 32 461
34 34 331
34 35 6
34 36 31
34 37 66
34 38 346
34 39 373
34 40 472
34 41 256
34 42 433
34 43 329
34 44 180
34 45 265
35 1 247
35 3 262
35 6 365
35 7 201
35 8 58
35 10 236
35 11 357
35 14 145
35 15 159
35 16 224
35 17 195
35 18 290
35 19 231
35 20 155
35 22 186
35 25 73
35 29 6
35 30 380
35 31 472
35 36 31
35 39 350
35 40 29
35 41 388
35 42 351
35 45 110
36 2 474
36 5 149
36 7 89
36 14 410
36 17 451
36 22 253
36 27 383
36 28 289
36 33 168
36 37 108
36 38 279
36 40 92
36 41 396
36 42 279
36 43 225
36 44 314
36 45 339
37 3 35
37 4 176
37 5 287
37 8 86
37 9 175
37 10 20
37 11 341
37 12 358
37 13 191
37 14 105
37 15 182
37 18 175
37 19 85
37 20 332
37 22 440
37 24 431
37 25 177
37 26 396
37 27 490
37 29 264
37 30 294
37 31 19
37 32 93
37 33 405
37 35 244
37 36 189
37 37 417
37 38 397
37 39 153
37 40 239
37 41 446
37 43 499
37 45 209
38 1 409
38 2 397
38 3 366
38 6 328
38 8 218
38 11 65
38 12 63
38 15 93
38 16 450
38 20 301
38 22 474
38 23 73
38 24 295
38 25 1
38 26 300
38 29 123
38 30 309
38 33 248
38 34 335
38 36 7
38 37 444
38 40 21
38 42 89
38 44 410
38 45 342
39 1 437
39 2 273
39 3 115
39 4 431
39 5 270
39 6 423
39 7 405
39 8 102
39 9 123
39 11 307
39 12 120
39 13 411
39 14 487
39 15 104
39 16 150
39 18 262
39 19 285
39 20 45
39 21 114
39 23 298
39 26 5
39 28 72
39 29 89
39 30 255
39 32 51
39 33 307
39 34 292
39 36 219
39 37 215
39 38 276
39 39 433
39 40 309
39 41 495
39 42 220
39 43 361
39 45 372
40 1 270
40 2 394
40 4 462
40 5 235
40 7 423
40 12 446
40 13 359
40 17 38
40 18 131
40 19 344
40 20 22
40 21 458
40 23 121
40 24 95
40 27 470
40 29 484
40 30 368
40 31 59
40 32 266
40 35 329
40 37 355
40 39 401
40 40 160
40 43 424
40 45 168
41 9 444
41 16 234
41 23 252
41 39 312
42 1 24
42 5 386
42 7 150
42 9 110
42 10 135
42 11 239
42 12 289
42 22 484
42 23 137
42 24 216
42 26 51
42 28 496
42 29 62
42 30 328
42 32 420
42 34 122
42 35 470
42 37 348
42 38 57
42 39 359
42 40 406
42 41 404
42 42 476
42 43 68
43 1 345
43 3 383
43 4 254
43 6 173
43 7 11
43 8 473
43 9 77
43 10 135
43 12 102
43 13 363
43 14 203
43 15 439
43 16 135
43 18 426
43 19 293
43 20 484
43 21 256
43 22 209
43 23 23
43 25 418
43 26 295
43 27 165
43 28 224
43 29 87
43 30 359
43 31 465
43 32 468
43 33 485
43 34 489
43 35 487
43 36 233
43 37 142
43 39 97
43 40 161
43 42 432
43 43 347
43 44 181
43 45 90
44 1 289
44 2 390
44 3 22
44 4 354
44 5 277
44 6 36
44 7 319
44 8 217
44 10 267
44 11 315
44 12 57
44 14 243
44 15 416
44 16 241
44 18 324
44 19 110
44 20 351
44 21 387
44 22 370
44 23 25
44 24 29
44 25 447
44 26 213
44 27 210
44 28 196
44 29 56
44 30 42
44 31 253
44 32 392
44 33 153
44 34 417
44 35 65
44 37 491
44 38 342
44 39 199
44 40 316
44 41 431
44 42 296
44 43 478
44 44 165
44 45 324
45 3 42
45 5 457
45 9 385
45 11 237
45 12 93
45 13 168
45 14 161
45 16 434
45 17 197
45 19 131
45 20 229
45 23 143
45 26 190
45 27 186
45 28 330
45 30 255
45 33 97
45 34 326
45 39 76
45 40 138
45 41 138
45 42 349
45 43 48
45 44 192
45 45 228