71 4572
1 1 20
1 2 96
1 3 175
1 4 374
1 5 473
1 6 219
1 7 141
1 8 438
1 9 27
1 10 486
1 11 239
1 12 136
1 14 487
1 15 308
1 16 403
1 17 86
1 18 399
1 19 31
1 20 96
1 21 191
1 22 370
1 23 17
1 24 144
1 25 383
1 26 126
1 27 61
1 28 222
1 29 360
1 30 255
1 31 188
1 32 344
1 33 463
1 34 333
1 35 278
1 36 454
1 37 71
1 38 111
1 39 373
1 40 66
1 41 397
1 42 9
1 43 300
1 44 45
1 45 132
1 46 399
1 47 160
1 48 442
1 49 133
1 50 427
1 51 57
1 52 244
1 53 125
1 54 180
1 55 12
1 56 357
1 57 406
1 58 270
1 59 481
1 60 340
1 61 110
1 62 365
1 63 236
1 64 218
1 65 78
1 66 285
1 67 167
1 68 251
1 69 401
1 70 467
1 71 11
2 1 417
2 3 473
2 8 135
2 9 175
2 12 388
2 13 74
2 19 463
2 20 167
2 27 127
2 32 375
2 36 461
2 37 285
2 38 108
2 39 165
2 40 128
2 46 394
2 47 386
2 49 117
2 52 109
2 54 370
2 55 288
2 58 90
2 60 418
2 61 94
2 63 387
2 64 379
3 1 48
3 2 323
3 3 186
3 4 208
3 5 284
3 6 193
3 7 314
3 8 498
3 9 479
3 10 28
3 11 75
3 12 127
3 13 158
3 14 3
3 15 461
3 16 275
3 17 20
3 18 496
3 19 192
3 20 250
3 21 213
3 22 155
3 23 43
3 24 333
3 25 342
3 26 500
3 27 151
3 28 276
3 29 127
3 30 149
3 31 314
3 32 161
3 33 456
3 34 187
3 35 99
3 36 4
3 37 476
3 38 239
3 39 201
3 40 496
3 41 157
3 42 147
3 43 279
3 44 211
3 45 281
3 46 163
3 47 291
3 48 460
3 49 108
3 50 173
3 51 283
3 52 226
3 53 306
3 54 341
3 55 49
3 56 19
3 57 368
3 58 423
3 59 278
3 60 78
3 61 232
3 62 419
3 63 183
3 64 135
3 65 275
3 66 259
3 67 18
3 68 146
3 69 460
3 70 105
3 71 6
4 1 236
4 2 325
4 3 229
4 4 427
4 5 81
4 6 259
4 7 252
4 8 251
4 9 307
4 10 374
4 11 170
4 12 359
4 13 13
4 14 201
4 16 163
4 17 405
4 18 342
4 19 51
4 20 328
4 22 409
4 23 316
4 24 453
4 25 189
4 26 279
4 27 457
4 28 271
4 29 304
4 30 418
4 31 489
4 32 363
4 33 336
4 34 207
4 36 274
4 37 214
4 38 41
4 39 294
4 40 44
4 41 408
4 42 446
4 43 105
4 44 474
4 45 461
4 46 11
4 47 266
4 48 98
4 49 239
4 50 80
4 51 228
4 52 309
4 53 361
4 54 52
4 55 321
4 56 320
4 58 466
4 59 378
4 60 360
4 61 364
4 62 226
4 63 316
4 64 430
4 65 107
4 66 13
4 67 42
4 68 474
4 69 443
4 70 205
4 71 384
5 1 228
5 2 202
5 3 331
5 4 82
5 5 498
5 6 255
5 7 396
5 8 334
5 9 199
5 10 207
5 11 352
5 12 312
5 13 324
5 14 128
5 15 61
5 16 26
5 17 200
5 18 103
5 19 338
5 20 151
5 21 100
5 22 16
5 23 175
5 24 5
5 25 177
5 26 310
5 27 95
5 28 36
5 29 145
5 30 9
5 31 451
5 33 302
5 34 101
5 35 296
5 36 290
5 37 218
5 38 315
5 39 96
5 40 111
5 41 53
5 42 367
5 43 165
5 44 428
5 45 93
5 46 243
5 47 499
5 48 386
5 50 28
5 51 225
5 52 27
5 53 125
5 54 418
5 55 334
5 56 18
5 57 461
5 58 8
5 59 222
5 60 475
5 62 228
5 63 126
5 64 319
5 65 256
5 66 79
5 67 486
5 68 370
5 69 25
5 70 270
5 71 282
6 1 427
6 2 106
6 3 211
6 4 455
6 5 437
6 6 57
6 7 102
6 8 278
6 9 161
6 10 13
6 11 413
6 12 87
6 13 62
6 14 126
6 15 478
6 16 77
6 17 337
6 18 450
6 19 151
6 20 13
6 21 125
6 22 301
6 23 191
6 24 336
6 25 116
6 26 457
6 27 96
6 28 461
6 29 253
6 30 409
6 31 110
6 32 378
6 33 143
6 34 245
6 35 224
6 36 145
6 37 235
6 38 361
6 39 478
6 40 37
6 41 61
6 42 40
6 43 459
6 44 127
6 45 190
6 46 231
6 47 443
6 48 44
6 49 429
6 50 393
6 51 448
6 52 20
6 53 205
6 54 109
6 55 443
6 56 221
6 57 55
6 58 335
6 59 475
6 60 391
6 61 490
6 62 95
6 63 454
6 64 170
6 65 154
6 66 104
6 67 412
6 68 468
6 69 239
6 70 174
6 71 487
7 1 248
7 2 362
7 3 243
7 4 282
7 5 313
7 6 17
7 7 67
7 8 169
7 9 301
7 10 346
7 11 329
7 12 32
7 13 141
7 14 439
7 15 378
7 16 197
7 17 281
7 18 438
7 19 137
7 20 38
7 21 120
7 22 251
7 23 367
7 24 255
7 25 336
7 26 280
7 27 420
7 28 500
7 29 193
7 30 452
7 31 35
7 32 276
7 33 111
7 34 330
7 35 120
7 36 65
7 37 75
7 38 361
7 39 294
7 40 366
7 41 3
7 42 154
7 43 345
7 44 265
7 45 446
7 46 215
7 47 29
7 48 35
7 49 185
7 50 451
7 51 19
7 52 181
7 53 120
7 54 212
7 55 106
7 56 340
7 57 281
7 58 457
7 59 297
7 60 32
7 61 17
7 62 304
7 63 43
7 64 74
7 65 351
7 66 421
7 67 408
7 68 453
7 69 364
7 70 499
7 71 118
8 1 195
8 2 312
8 3 353
8 4 213
8 5 196
8 6 142
8 7 456
8 8 206
8 9 475
8 10 492
8 11 351
8 12 325
8 13 269
8 14 16
8 15 225
8 16 430
8 17 345
8 18 93
8 19 191
8 20 429
8 21 115
8 22 272
8 23 249
8 24 302
8 25 25
8 26 328
8 27 470
8 28 443
8 29 170
8 30 270
8 31 335
8 32 491
8 33 362
8 34 243
8 35 334
8 36 177
8 37 91
8 38 361
8 39 162
8 40 468
8 41 244
8 42 153
8 43 48
8 44 325
8 45 436
8 46 305
8 47 366
8 48 490
8 49 451
8 50 493
8 51 428
8 52 425
8 53 119
8 54 244
8 55 335
8 56 116
8 57 312
8 58 373
8 59 30
8 60 497
8 61 126
8 62 438
8 63 158
8 64 288
8 65 487
8 66 58
8 67 105
8 68 181
8 69 116
8 70 224
8 71 175
9 1 455
9 2 272
9 3 59
9 4 4
9 5 213
9 6 253
9 7 114
9 8 463
9 9 498
9 10 26
9 11 393
9 12 208
9 13 349
9 14 450
9 15 402
9 16 460
9 17 13
9 18 71
9 19 198
9 20 458
9 21 97
9 22 468
9 23 318
9 24 376
9 25 372
9 26 439
9 27 258
9 28 474
9 29 461
9 30 153
9 31 154
9 32 373
9 33 185
9 34 441
9 35 153
9 36 59
9 37 107
9 38 363
9 39 370
9 40 438
9 41 248
9 42 113
9 43 282
9 44 203
9 45 45
9 46 78
9 47 89
9 48 442
9 49 335
9 50 124
9 51 113
9 52 399
9 53 62
9 54 497
9 55 442
9 56 166
9 57 70
9 58 16
9 59 60
9 60 310
9 61 43
9 62 122
9 63 192
9 64 461
9 65 244
9 66 1
9 67 125
9 68 11
9 69 321
9 70 163
9 71 200
10 1 262
10 2 17
10 3 283
10 4 481
10 5 75
10 6 155
10 7 60
10 8 134
10 9 378
10 10 99
10 11 270
10 12 46
10 13 289
10 14 292
10 15 76
10 16 476
10 17 228
10 18 273
10 19 76
10 20 393
10 21 15
10 22 186
10 23 164
10 24 210
10 25 496
10 26 166
10 27 451
10 28 445
10 29 269
10 30 189
10 31 471
10 32 331
10 33 439
10 34 242
10 35 465
10 36 493
10 37 471
10 38 316
10 39 332
10 40 66
10 41 493
10 42 252
10 43 30
10 44 396
10 45 243
10 46 178
10 47 357
10 48 224
10 49 340
10 50 176
10 51 140
10 52 380
10 53 483
10 54 261
10 55 5
10 56 439
10 57 281
10 58 134
10 59 148
10 60 255
10 61 435
10 62 108
10 63 223
10 64 188
10 65 450
10 66 473
10 67 277
10 68 210
10 69 160
10 70 395
10 71 230
11 1 416
11 2 374
11 3 241
11 4 479
11 5 110
11 6 497
11 7 482
11 8 343
11 9 166
11 10 43
11 11 15
11 12 356
11 13 325
11 14 328
11 15 192
11 16 354
11 17 42
11 18 184
11 19 319
11 20 283
11 21 84
11 22 423
11 23 267
11 24 165
11 25 164
11 26 323
11 27 467
11 28 172
11 29 228
11 30 470
11 31 307
11 32 375
11 33 149
11 34 321
11 35 201
11 36 213
11 37 345
11 38 92
11 39 202
11 40 358
11 41 17
11 42 313
11 43 106
11 44 217
11 45 246
11 46 143
11 47 392
11 48 193
11 49 158
11 50 356
11 51 370
11 52 41
11 53 383
11 54 48
11 55 103
11 56 371
11 57 360
11 58 380
11 59 177
11 60 322
11 61 212
11 62 232
11 63 238
11 64 322
11 65 223
11 66 301
11 67 298
11 68 165
11 69 113
11 70 355
11 71 279
12 1 26
12 2 405
12 3 130
12 4 458
12 5 207
12 6 311
12 7 244
12 8 446
12 9 481
12 10 4
12 11 25
12 12 239
12 13 222
12 14 382
12 15 118
12 16 307
12 17 467
12 18 274
12 19 13
12 20 265
12 21 326
12 22 5
12 23 190
12 24 58
12 25 117
12 26 475
12 27 419
12 28 272
12 29 352
12 30 352
12 31 57
12 32 51
12 33 250
12 34 406
12 35 255
12 36 163
12 37 311
12 38 85
12 39 9
12 40 263
12 41 68
12 42 231
12 43 101
12 44 52
12 45 93
12 46 345
12 47 252
12 48 88
12 49 498
12 50 458
12 51 70
12 52 497
12 53 292
12 54 281
12 55 471
12 56 220
12 57 145
12 58 195
12 59 75
12 60 280
12 61 374
12 62 192
12 63 212
12 64 367
12 65 181
12 66 197
12 67 414
12 68 192
12 69 415
12 70 60
12 71 175
13 1 394
13 2 181
13 3 466
13 4 214
13 5 330
13 6 425
13 7 309
13 8 438
13 9 183
13 10 364
13 11 390
13 12 394
13 13 227
13 14 297
13 15 494
13 16 64
13 17 6
13 18 243
13 19 18
13 20 241
13 21 493
13 22 153
13 23 302
13 24 132
13 25 461
13 26 121
13 27 445
13 29 309
13 30 217
13 31 20
13 32 138
13 33 225
13 34 291
13 35 398
13 36 256
13 37 318
13 38 464
13 39 376
13 40 441
13 41 438
13 42 259
13 43 131
13 44 95
13 45 426
13 46 427
13 47 467
13 48 391
13 49 473
13 50 397
13 51 247
13 52 173
13 53 401
13 54 211
13 55 91
13 56 174
13 57 180
13 58 338
13 59 500
13 60 490
13 61 471
13 63 275
13 64 321
13 65 75
13 66 54
13 67 84
13 68 37
13 69 357
13 71 486
14 1 250
14 2 96
14 3 100
14 4 395
14 5 108
14 6 455
14 7 172
14 8 491
14 9 260
14 10 311
14 11 179
14 12 380
14 13 117
14 14 273
14 15 349
14 16 290
14 17 22
14 18 77
14 19 221
14 20 113
14 21 146
14 22 117
14 23 165
14 24 311
14 25 40
14 26 438
14 27 275
14 28 127
14 29 234
14 30 21
14 31 57
14 32 289
14 33 385
14 34 382
14 35 362
14 36 269
14 37 209
14 38 326
14 39 163
14 40 339
14 41 297
14 42 13
14 43 287
14 44 41
14 45 121
14 46 54
14 47 492
14 48 43
14 49 12
14 50 486
14 51 249
14 52 296
14 53 62
14 54 42
14 55 356
14 56 149
14 57 437
14 58 388
14 59 423
14 60 464
14 61 427
14 62 231
14 63 436
14 64 435
14 65 121
14 66 476
14 67 127
14 68 476
14 69 316
14 70 214
14 71 211
15 1 34
15 2 360
15 3 453
15 4 480
15 5 229
15 6 496
15 7 445
15 8 220
15 9 421
15 10 136
15 11 105
15 12 281
15 13 32
15 14 162
15 15 395
15 16 478
15 17 23
15 18 339
15 19 86
15 20 273
15 21 44
15 22 400
15 23 352
15 24 116
15 25 328
15 26 144
15 27 317
15 28 492
15 29 422
15 30 188
15 31 122
15 32 313
15 33 113
15 34 319
15 35 221
15 36 69
15 37 246
15 38 344
15 39 407
15 40 381
15 41 443
15 42 129
15 43 97
15 44 375
15 45 116
15 46 414
15 47 276
15 48 462
15 49 252
15 50 223
15 51 102
15 52 278
15 53 278
15 54 377
15 55 463
15 56 121
15 57 35
15 58 131
15 59 276
15 60 303
15 61 477
15 62 248
15 63 75
15 64 370
15 65 335
15 66 206
15 67 298
15 68 27
15 69 492
15 70 34
15 71 200
16 1 146
16 2 37
16 3 27
16 4 18
16 5 435
16 6 273
16 7 96
16 8 428
16 9 397
16 10 225
16 11 486
16 12 124
16 13 313
16 14 274
16 15 42
16 16 430
16 17 204
16 18 478
16 19 189
16 20 417
16 21 122
16 22 419
16 23 265
16 24 234
16 25 304
16 26 207
16 27 6
16 28 430
16 29 21
16 30 132
16 31 72
16 32 324
16 33 56
16 34 200
16 35 44
16 36 340
16 37 220
16 38 291
16 39 91
16 40 213
16 41 414
16 42 76
16 43 356
16 44 437
16 45 266
16 47 152
16 48 3
16 49 407
16 50 210
16 51 387
16 52 494
16 53 264
16 54 420
16 55 42
16 56 57
16 57 469
16 58 206
16 59 483
16 60 365
16 61 233
16 62 94
16 63 312
16 64 78
16 65 377
16 66 187
16 67 307
16 68 417
16 69 123
16 70 453
16 71 356
17 2 276
17 6 340
17 7 371
17 8 221
17 10 74
17 12 462
17 13 142
17 14 355
17 15 293
17 18 56
17 19 62
17 20 321
17 21 207
17 22 151
17 23 385
17 24 387
17 25 256
17 26 310
17 27 144
17 29 429
17 30 379
17 31 310
17 32 329
17 33 111
17 34 448
17 35 68
17 38 283
17 40 24
17 41 75
17 43 191
17 44 347
17 46 420
17 47 378
17 48 374
17 49 303
17 50 82
17 51 475
17 52 5
17 53 143
17 54 295
17 55 171
17 56 101
17 57 472
17 58 214
17 59 138
17 60 499
17 61 129
17 62 280
17 63 266
17 64 221
17 65 213
17 67 57
17 68 321
17 69 311
17 70 438
17 71 497
18 2 62
18 3 2
18 4 133
18 6 242
18 7 488
18 8 241
18 10 480
18 11 98
18 14 73
18 15 220
18 17 482
18 20 258
18 21 493
18 23 73
18 26 229
18 28 220
18 31 111
18 32 50
18 34 379
18 39 212
18 42 141
18 43 221
18 44 13
18 49 203
18 50 325
18 56 331
18 63 8
18 65 176
18 66 225
18 71 232
19 1 465
19 2 384
19 3 22
19 4 13
19 5 39
19 6 33
19 7 44
19 8 418
19 9 108
19 10 339
19 11 495
19 12 106
19 13 476
19 14 225
19 15 208
19 17 370
19 18 90
19 19 154
19 20 51
19 21 297
19 22 113
19 23 175
19 24 369
19 25 497
19 26 99
19 27 398
19 28 43
19 29 85
19 30 33
19 31 140
19 32 151
19 33 146
19 34 70
19 35 238
19 36 316
19 37 63
19 38 25
19 39 326
19 40 143
19 41 242
19 42 493
19 43 123
19 44 263
19 45 462
19 46 190
19 48 343
19 49 220
19 50 396
19 51 114
19 52 186
19 53 139
19 54 321
19 55 85
19 56 449
19 57 454
19 58 342
19 59 111
19 60 170
19 61 95
19 62 38
19 63 294
19 64 188
19 65 77
19 66 261
19 67 178
19 68 262
19 69 13
19 70 17
19 71 174
20 1 167
20 2 410
20 3 161
20 4 19
20 5 240
20 6 299
20 7 459
20 8 481
20 9 351
20 10 189
20 11 164
20 12 305
20 13 212
20 14 223
20 15 48
20 16 250
20 17 80
20 18 306
20 19 285
20 20 127
20 21 77
20 22 144
20 23 27
20 24 113
20 25 422
20 26 315
20 29 429
20 30 343
20 31 5
20 32 282
20 33 57
20 34 39
20 35 381
20 36 472
20 37 94
20 38 386
20 39 291
20 40 260
20 41 158
20 42 10
20 43 35
20 44 264
20 45 36
20 46 237
20 47 261
20 48 455
20 49 3
20 50 383
20 51 104
20 52 292
20 53 52
20 54 345
20 55 460
20 56 341
20 57 451
20 58 405
20 59 139
20 60 479
20 61 445
20 62 38
20 63 332
20 64 470
20 65 200
20 66 297
20 67 404
20 68 332
20 69 204
20 70 11
20 71 413
21 1 80
21 2 152
21 3 425
21 4 108
21 5 493
21 6 449
21 7 81
21 8 171
21 9 137
21 10 71
21 11 131
21 12 322
21 13 294
21 14 496
21 15 2
21 16 402
21 17 17
21 18 449
21 19 354
21 20 441
21 21 458
21 22 76
21 23 113
21 24 221
21 25 440
21 26 37
21 27 485
21 28 416
21 29 110
21 30 36
21 31 128
21 32 443
21 33 465
21 34 20
21 35 191
21 36 445
21 37 309
21 38 458
21 39 138
21 40 256
21 41 66
21 42 387
21 43 60
21 44 340
21 45 288
21 46 346
21 47 246
21 48 402
21 49 34
21 50 18
21 51 295
21 52 33
21 53 371
21 54 413
21 55 211
21 56 403
21 57 448
21 58 258
21 59 133
21 60 258
21 61 492
21 62 7
21 63 262
21 64 128
21 65 485
21 66 436
21 67 467
21 68 361
21 69 471
21 70 375
21 71 376
22 1 176
22 2 403
22 3 297
22 5 468
22 6 497
22 9 230
22 11 112
22 12 453
22 13 480
22 14 388
22 16 433
22 18 384
22 20 481
22 21 58
22 23 91
22 24 414
22 25 82
22 26 135
22 27 277
22 29 192
22 30 223
22 32 319
22 35 131
22 36 414
22 37 496
22 38 321
22 39 317
22 40 370
22 41 426
22 42 155
22 43 256
22 46 373
22 48 476
22 49 208
22 50 301
22 54 151
22 55 312
22 58 76
22 59 22
22 60 353
22 63 411
22 65 152
22 66 440
22 67 123
22 68 120
22 69 414
22 70 275
22 71 478
23 1 361
23 2 110
23 3 406
23 4 448
23 5 361
23 6 210
23 7 193
23 8 219
23 9 308
23 10 389
23 11 5
23 12 122
23 13 406
23 14 146
23 15 104
23 16 283
23 17 74
23 18 309
23 19 388
23 20 488
23 21 365
23 22 130
23 23 313
23 24 244
23 25 419
23 26 156
23 27 131
23 28 54
23 29 494
23 30 241
23 31 401
23 32 15
23 33 161
23 34 386
23 35 371
23 36 40
23 37 168
23 38 205
23 39 211
23 40 437
23 41 26
23 42 68
23 43 268
23 44 157
23 45 266
23 46 341
23 47 315
23 48 399
23 49 240
23 50 363
23 51 136
23 52 240
23 53 271
23 54 400
23 55 271
23 56 98
23 57 254
23 58 471
23 59 480
23 60 334
23 61 26
23 62 358
23 63 99
23 64 112
23 65 35
23 66 272
23 67 288
23 68 60
23 69 298
23 70 444
23 71 476
24 1 272
24 2 241
24 3 265
24 4 327
24 5 265
24 6 137
24 7 57
24 8 78
24 9 152
24 10 378
24 11 1
24 12 203
24 13 405
24 14 268
24 15 313
24 16 109
24 17 42
24 18 246
24 19 254
24 20 358
24 21 39
24 23 392
24 24 298
24 26 24
24 27 120
24 28 82
24 29 426
24 30 275
24 31 80
24 32 189
24 33 181
24 34 244
24 35 173
24 37 125
24 38 369
24 39 237
24 41 361
24 42 50
24 43 197
24 44 409
24 45 25
24 47 260
24 48 356
24 49 459
24 50 228
24 51 397
24 52 63
24 53 362
24 54 255
24 55 499
24 56 436
24 57 329
24 58 441
24 59 312
24 60 134
24 62 13
24 63 172
24 64 390
24 65 65
24 66 411
24 68 126
24 69 348
24 70 443
24 71 287
25 4 172
25 5 250
25 6 204
25 7 171
25 8 139
25 9 339
25 10 257
25 11 229
25 12 445
25 14 177
25 15 27
25 16 406
25 17 52
25 18 219
25 21 103
25 22 435
25 23 234
25 24 318
25 25 294
25 26 86
25 27 283
25 28 242
25 29 479
25 30 330
25 33 189
25 34 225
25 37 124
25 38 375
25 39 204
25 40 328
25 41 246
25 42 252
25 43 131
25 44 436
25 46 303
25 47 350
25 48 183
25 49 118
25 51 236
25 52 288
25 54 10
25 56 71
25 57 331
25 58 467
25 59 237
25 60 312
25 61 324
25 62 94
25 63 411
25 65 163
25 67 409
25 69 322
25 70 178
25 71 285
26 2 419
26 3 427
26 5 361
26 6 285
26 7 58
26 8 499
26 9 464
26 10 52
26 11 419
26 12 254
26 13 79
26 14 6
26 15 69
26 16 148
26 17 427
26 18 390
26 19 7
26 20 302
26 21 476
26 22 145
26 23 105
26 24 98
26 25 176
26 26 42
26 28 298
26 29 403
26 30 444
26 31 194
26 32 133
26 33 292
26 34 171
26 36 221
26 37 185
26 38 131
26 39 295
26 40 242
26 41 470
26 42 69
26 43 55
26 44 240
26 45 137
26 46 236
26 47 466
26 48 314
26 49 225
26 50 360
26 51 6
26 52 367
26 53 322
26 54 12
26 55 32
26 56 423
26 57 70
26 59 355
26 60 74
26 61 487
26 62 264
26 63 444
26 64 91
26 65 37
26 66 285
26 67 168
26 68 139
26 69 310
26 70 160
26 71 393
27 1 385
27 2 14
27 3 164
27 4 458
27 5 440
27 6 380
27 7 4
27 8 492
27 9 248
27 10 183
27 11 201
27 12 149
27 13 203
27 14 464
27 15 121
27 16 327
27 17 107
27 18 326
27 19 25
27 20 500
27 21 66
27 22 260
27 23 30
27 24 260
27 25 285
27 26 280
27 27 479
27 28 213
27 29 403
27 30 398
27 31 488
27 32 176
27 33 32
27 34 402
27 35 147
27 36 390
27 37 369
27 38 207
27 39 236
27 40 39
27 41 334
27 42 244
27 43 307
27 44 47
27 45 11
27 46 16
27 47 34
27 48 80
27 49 433
27 50 437
27 51 232
27 52 155
27 53 108
27 54 453
27 55 178
27 56 416
27 57 419
27 58 276
27 59 272
27 60 326
27 61 54
27 62 311
27 63 188
27 64 148
27 65 80
27 66 190
27 67 491
27 68 429
27 69 348
27 70 209
27 71 176
28 1 52
28 2 124
28 3 483
28 4 106
28 5 161
28 6 123
28 7 125
28 8 342
28 9 181
28 10 149
28 11 308
28 12 53
28 13 145
28 14 75
28 15 470
28 16 38
28 17 37
28 18 142
28 19 172
28 20 425
28 21 52
28 22 44
28 23 110
28 24 468
28 25 40
28 26 219
28 27 164
28 28 430
28 29 150
28 30 435
28 31 69
28 32 175
28 33 283
28 34 10
28 35 144
28 36 11
28 37 484
28 38 496
28 39 223
28 40 295
28 41 364
28 42 399
28 43 486
28 44 19
28 45 477
28 46 451
28 47 61
28 48 292
28 49 257
28 50 240
28 51 292
28 52 473
28 53 478
28 54 193
28 55 214
28 56 491
28 57 413
28 58 11
28 59 185
28 60 479
28 61 431
28 62 274
28 63 182
28 64 261
28 65 428
28 66 66
28 67 221
28 68 494
28 69 438
28 70 429
28 71 319
29 1 155
29 3 61
29 4 470
29 6 222
29 7 429
29 9 109
29 10 285
29 11 237
29 12 432
29 13 427
29 14 412
29 15 211
29 16 347
29 17 376
29 18 184
29 19 438
29 21 261
29 22 434
29 23 148
29 24 7
29 25 414
29 26 355
29 27 313
29 28 335
29 29 393
29 30 339
29 31 492
29 33 301
29 35 218
29 36 393
29 37 498
29 38 273
29 39 143
29 40 465
29 41 318
29 42 235
29 43 105
29 44 4
29 45 36
29 46 417
29 47 375
29 49 160
29 51 446
29 52 62
29 53 271
29 54 243
29 55 239
29 56 216
29 57 38
29 58 300
29 59 42
29 60 326
29 61 319
29 62 348
29 63 431
29 64 77
29 65 321
29 67 14
29 68 35
29 69 28
29 70 471
29 71 5
30 1 140
30 2 381
30 3 19
30 4 224
30 6 216
30 7 419
30 8 164
30 9 163
30 10 215
30 11 236
30 12 328
30 13 202
30 14 57
30 15 50
30 16 424
30 17 163
30 18 219
30 20 461
30 21 353
30 22 463
30 23 404
30 24 299
30 25 63
30 26 171
30 27 365
30 28 373
30 29 77
30 31 85
30 32 259
30 33 369
30 34 369
30 35 294
30 36 202
30 38 46
30 39 73
30 40 436
30 41 38
30 42 386
30 44 159
30 45 272
30 46 351
30 47 38
30 48 177
30 49 184
30 51 168
30 52 20
30 53 59
30 55 442
30 56 339
30 57 12
30 58 156
30 59 194
30 60 301
30 61 292
30 62 486
30 63 361
30 64 130
30 65 10
30 66 467
30 67 392
30 69 308
30 70 124
30 71 323
31 1 170
31 2 320
31 3 18
31 4 32
31 5 7
31 6 45
31 7 180
31 8 455
31 9 356
31 10 7
31 11 244
31 12 32
31 13 70
31 14 252
31 15 286
31 16 142
31 17 95
31 18 207
31 19 150
31 20 120
31 21 8
31 22 84
31 23 101
31 24 192
31 25 135
31 26 360
31 27 194
31 28 1
31 29 250
31 30 300
31 31 224
31 32 82
31 33 482
31 34 232
31 35 450
31 36 97
31 37 6
31 38 286
31 39 403
31 40 228
31 41 450
31 42 106
31 43 431
31 44 463
31 45 180
31 46 78
31 47 417
31 48 272
31 49 366
31 50 301
31 52 304
31 53 110
31 54 287
31 55 346
31 56 451
31 57 489
31 58 173
31 59 80
31 60 278
31 61 91
31 62 73
31 63 161
31 64 222
31 65 159
31 66 198
31 67 397
31 68 334
31 69 483
31 70 60
31 71 398
32 1 12
32 3 233
32 4 116
32 6 164
32 7 322
32 10 165
32 11 162
32 19 351
32 20 407
32 21 262
32 23 388
32 24 92
32 28 166
32 30 319
32 31 431
32 39 154
32 40 475
32 43 389
32 49 159
32 50 276
32 52 175
32 55 133
32 57 127
32 58 435
32 62 312
32 64 14
32 65 209
33 1 412
33 2 378
33 3 277
33 4 39
33 5 58
33 6 154
33 7 289
33 8 423
33 9 100
33 10 496
33 11 48
33 12 413
33 13 202
33 14 405
33 15 107
33 16 91
33 17 210
33 18 474
33 19 134
33 20 66
33 21 39
33 22 113
33 23 283
33 24 422
33 25 49
33 26 178
33 27 78
33 28 445
33 29 60
33 30 481
33 31 387
33 32 222
33 33 98
33 34 256
33 35 202
33 36 310
33 37 16
33 38 61
33 39 127
33 40 314
33 41 24
33 42 418
33 43 68
33 44 472
33 45 147
33 46 29
33 47 187
33 48 53
33 49 158
33 50 380
33 51 109
33 52 341
33 53 14
33 54 420
33 55 123
33 56 450
33 57 189
33 58 355
33 59 500
33 60 366
33 61 5
33 62 184
33 63 311
33 64 381
33 65 10
33 66 158
33 67 315
33 68 285
33 69 335
33 70 362
33 71 380
34 1 276
34 4 108
34 9 417
34 13 252
34 17 11
34 34 69
34 35 498
34 36 83
34 38 197
34 42 170
34 44 5
34 47 41
34 48 383
34 49 179
34 50 291
34 56 267
34 62 5
34 64 141
34 65 352
34 70 468
34 71 1
35 1 348
35 2 192
35 3 315
35 4 151
35 5 142
35 6 274
35 7 482
35 8 337
35 9 346
35 10 101
35 11 205
35 12 393
35 13 246
35 14 395
35 16 157
35 18 53
35 19 430
35 21 401
35 22 404
35 23 258
35 24 279
35 25 381
35 26 99
35 27 249
35 28 106
35 29 181
35 30 132
35 31 110
35 32 16
35 34 382
35 36 393
35 37 67
35 38 171
35 39 342
35 40 202
35 41 493
35 42 145
35 43 132
35 44 64
35 45 129
35 46 33
35 47 87
35 48 221
35 49 485
35 50 380
35 51 362
35 52 286
35 53 281
35 54 183
35 55 430
35 56 375
35 57 158
35 58 4
35 59 244
35 60 30
35 61 361
35 62 454
35 63 298
35 64 397
35 65 58
35 66 456
35 67 282
35 68 15
35 69 297
35 70 182
35 71 293
36 1 75
36 2 265
36 3 193
36 4 408
36 5 410
36 6 122
36 7 400
36 8 265
36 9 371
36 10 226
36 11 253
36 12 354
36 13 474
36 14 206
36 15 451
36 16 190
36 17 71
36 18 348
36 19 244
36 20 262
36 21 55
36 22 389
36 23 391
36 24 319
36 25 9
36 26 145
36 27 332
36 28 284
36 29 91
36 30 36
36 31 308
36 32 163
36 33 378
36 34 353
36 35 222
36 36 241
36 37 146
36 38 494
36 39 434
36 40 139
36 41 95
36 42 70
36 43 262
36 44 379
36 45 107
36 46 120
36 47 348
36 48 59
36 49 310
36 50 409
36 51 347
36 52 201
36 53 112
36 54 499
36 55 3
36 56 275
36 57 432
36 58 158
36 59 116
36 60 92
36 61 119
36 62 410
36 63 334
36 64 283
36 65 349
36 66 114
36 67 122
36 68 216
36 69 96
36 70 330
36 71 286
37 1 430
37 2 46
37 3 401
37 4 483
37 5 423
37 6 69
37 7 188
37 8 22
37 9 474
37 10 210
37 11 231
37 12 264
37 13 497
37 14 26
37 15 324
37 16 227
37 17 109
37 18 216
37 19 255
37 20 221
37 21 367
37 22 82
37 23 302
37 24 342
37 25 333
37 26 38
37 27 328
37 28 221
37 29 450
37 30 239
37 31 32
37 32 306
37 33 133
37 34 249
37 35 19
37 36 295
37 37 178
37 38 350
37 39 215
37 40 59
37 41 113
37 42 52
37 43 139
37 44 295
37 45 466
37 46 76
37 47 33
37 48 456
37 49 371
37 50 55
37 51 18
37 52 218
37 53 113
37 54 366
37 55 412
37 56 402
37 57 495
37 58 409
37 59 116
37 60 338
37 61 181
37 62 463
37 63 467
37 64 121
37 65 394
37 66 304
37 67 71
37 68 158
37 69 200
37 70 218
37 71 446
38 3 402
38 6 215
38 7 33
38 8 174
38 9 291
38 11 22
38 15 461
38 16 269
38 19 244
38 21 192
38 22 154
38 25 156
38 29 270
38 30 180
38 32 321
38 35 155
38 36 240
38 37 68
38 39 369
38 41 59
38 43 166
38 44 101
38 45 289
38 47 69
38 48 157
38 50 8
38 51 422
38 52 374
38 54 235
38 56 68
38 59 406
38 61 252
38 63 152
38 64 351
38 66 418
38 67 219
38 69 62
39 1 9
39 2 131
39 3 145
39 5 487
39 6 173
39 8 323
39 10 14
39 11 172
39 12 11
39 13 123
39 15 78
39 16 87
39 17 312
39 18 277
39 19 103
39 21 98
39 22 396
39 24 151
39 25 456
39 28 272
39 29 164
39 30 296
39 31 455
39 33 113
39 34 324
39 35 139
39 38 84
39 39 148
39 40 306
39 41 193
39 42 394
39 43 244
39 44 44
39 45 176
39 46 346
39 49 339
39 50 375
39 51 441
39 52 442
39 53 240
39 54 237
39 56 56
39 58 91
39 59 413
39 60 255
39 63 478
39 64 329
39 65 380
39 67 249
39 69 383
39 70 123
39 71 381
40 1 77
40 2 140
40 3 369
40 4 277
40 5 300
40 6 123
40 7 495
40 8 389
40 9 382
40 10 479
40 11 57
40 12 394
40 13 194
40 14 62
40 15 426
40 16 352
40 17 476
40 18 164
40 19 34
40 20 436
40 21 478
40 22 382
40 23 441
40 24 433
40 25 325
40 26 288
40 27 410
40 28 242
40 29 202
40 30 327
40 31 319
40 32 463
40 33 70
40 34 327
40 35 476
40 36 18
40 37 192
40 38 227
40 39 293
40 40 27
40 41 206
40 42 219
40 43 353
40 44 136
40 45 246
40 46 386
40 47 13
40 48 251
40 49 132
40 50 255
40 51 489
40 52 36
40 53 210
40 54 319
40 55 342
40 56 103
40 57 424
40 58 393
40 59 231
40 60 76
40 61 194
40 62 420
40 63 219
40 64 285
40 65 439
40 66 451
40 67 348
40 68 143
40 69 487
40 70 100
40 71 12
41 1 208
41 2 30
41 3 213
41 4 188
41 5 332
41 7 451
41 8 58
41 9 280
41 10 388
41 11 268
41 12 221
41 13 360
41 14 51
41 15 181
41 16 160
41 17 14
41 18 60
41 19 474
41 20 383
41 21 14
41 22 12
41 23 438
41 24 151
41 25 136
41 26 4
41 28 443
41 29 47
41 30 249
41 31 458
41 32 146
41 33 328
41 34 435
41 35 77
41 36 361
41 37 423
41 38 204
41 39 450
41 40 38
41 41 232
41 42 478
41 43 229
41 44 264
41 45 176
41 46 243
41 47 65
41 48 12
41 49 12
41 50 308
41 51 86
41 52 208
41 53 454
41 54 264
41 55 35
41 57 77
41 58 249
41 59 406
41 60 333
41 61 327
41 62 209
41 63 263
41 64 123
41 65 369
41 66 360
41 67 206
41 68 403
41 69 332
41 71 228
42 1 125
42 3 444
42 4 45
42 6 375
42 7 451
42 9 113
42 11 270
42 12 403
42 13 375
42 14 438
42 15 199
42 16 295
42 17 134
42 18 427
42 19 167
42 20 402
42 22 442
42 23 284
42 24 375
42 25 133
42 26 429
42 27 93
42 28 340
42 29 316
42 30 158
42 31 91
42 32 333
42 33 226
42 34 343
42 35 271
42 36 207
42 37 136
42 38 41
42 39 366
42 40 361
42 41 64
42 42 253
42 44 128
42 45 416
42 46 47
42 47 314
42 48 421
42 49 272
42 50 37
42 51 96
42 52 177
42 53 280
42 54 85
42 55 142
42 57 197
42 58 424
42 59 370
42 60 277
42 61 367
42 62 298
42 63 379
42 64 290
42 65 155
42 66 8
42 67 292
42 68 211
42 69 337
42 70 336
42 71 276
43 1 489
43 2 368
43 3 34
43 4 337
43 5 349
43 6 56
43 7 43
43 8 252
43 9 128
43 10 157
43 11 106
43 12 220
43 13 74
43 14 71
43 15 387
43 16 67
43 17 214
43 18 432
43 19 287
43 20 449
43 21 409
43 22 139
43 23 260
43 24 171
43 25 443
43 26 358
43 27 414
43 28 117
43 29 97
43 30 486
43 31 223
43 32 302
43 33 455
43 34 105
43 35 183
43 36 282
43 37 427
43 38 326
43 39 42
43 40 473
43 41 472
43 42 94
43 43 215
43 44 118
43 45 204
43 46 390
43 47 422
43 48 366
43 49 103
43 50 414
43 51 251
43 52 386
43 53 114
43 54 307
43 55 405
43 56 140
43 57 339
43 58 1
43 59 475
43 60 217
43 61 445
43 62 177
43 63 468
43 64 261
43 65 326
43 66 185
43 67 239
43 68 425
43 69 457
43 70 78
43 71 314
44 1 450
44 3 356
44 4 488
44 5 81
44 7 251
44 8 104
44 11 457
44 12 405
44 14 360
44 15 174
44 16 86
44 17 174
44 20 325
44 21 201
44 27 193
44 30 282
44 31 147
44 35 83
44 38 384
44 42 352
44 45 135
44 47 442
44 48 347
44 52 157
44 53 308
44 54 429
44 55 356
44 59 322
44 60 339
44 62 414
45 1 72
45 2 199
45 3 351
45 4 212
45 5 132
45 6 441
45 7 12
45 8 201
45 9 205
45 10 107
45 11 215
45 12 83
45 13 84
45 14 441
45 15 41
45 16 476
45 17 124
45 18 420
45 19 315
45 20 56
45 21 217
45 22 65
45 23 208
45 24 56
45 25 328
45 26 28
45 27 21
45 28 368
45 29 16
45 30 92
45 31 285
45 32 157
45 33 397
45 34 95
45 35 252
45 36 227
45 37 22
45 38 128
45 39 10
45 40 309
45 41 311
45 42 431
45 43 130
45 44 185
45 45 330
45 46 43
45 47 37
45 48 465
45 49 476
45 50 337
45 51 408
45 52 447
45 53 9
45 54 127
45 55 72
45 56 292
45 57 125
45 58 280
45 59 487
45 60 110
45 61 150
45 62 64
45 63 374
45 64 33
45 65 453
45 66 193
45 67 245
45 68 272
45 69 482
45 70 110
45 71 439
46 1 402
46 2 228
46 3 203
46 4 132
46 5 309
46 6 413
46 7 367
46 8 244
46 9 212
46 10 421
46 11 152
46 12 112
46 13 482
46 14 481
46 15 90
46 16 296
46 17 345
46 18 92
46 19 285
46 20 18
46 21 376
46 22 27
46 23 430
46 24 287
46 25 67
46 26 380
46 27 42
46 28 303
46 29 273
46 30 424
46 31 367
46 32 461
46 33 186
46 34 484
46 35 474
46 36 414
46 37 124
46 38 75
46 39 405
46 40 224
46 41 165
46 42 424
46 43 63
46 44 65
46 45 398
46 46 442
46 47 164
46 48 145
46 49 224
46 50 57
46 51 327
46 52 353
46 53 454
46 54 213
46 55 174
46 56 99
46 57 203
46 58 84
46 59 97
46 60 342
46 61 415
46 62 142
46 63 108
46 64 54
46 65 269
46 66 107
46 67 407
46 68 24
46 69 299
46 70 179
46 71 404
47 1 121
47 3 271
47 4 202
47 5 9
47 6 197
47 7 423
47 8 21
47 9 303
47 10 310
47 12 119
47 13 464
47 14 365
47 15 143
47 16 49
47 17 376
47 18 269
47 19 121
47 20 302
47 21 242
47 22 75
47 23 405
47 24 395
47 25 225
47 26 91
47 27 336
47 28 93
47 29 255
47 30 92
47 31 52
47 32 242
47 33 4
47 34 495
47 35 416
47 36 397
47 37 426
47 38 193
47 39 362
47 40 349
47 41 443
47 42 140
47 43 198
47 44 26
47 45 441
47 46 72
47 47 352
47 48 156
47 49 408
47 50 85
47 51 486
47 52 277
47 53 97
47 54 29
47 55 208
47 56 498
47 57 256
47 58 181
47 59 200
47 60 379
47 61 238
47 62 382
47 63 248
47 64 319
47 65 294
47 67 143
47 68 240
47 69 269
47 70 261
47 71 143
48 1 121
48 2 278
48 3 330
48 4 390
48 5 121
48 6 334
48 7 217
48 8 466
48 9 400
48 10 91
48 11 51
48 12 124
48 13 368
48 14 311
48 15 218
48 16 106
48 17 100
48 18 261
48 19 249
48 20 339
48 21 461
48 22 449
48 23 17
48 24 233
48 25 361
48 26 77
48 27 127
48 28 34
48 29 98
48 30 411
48 31 110
48 32 190
48 33 328
48 34 54
48 35 1
48 36 147
48 37 323
48 38 200
48 39 71
48 40 447
48 41 458
48 42 350
48 43 113
48 44 48
48 45 500
48 46 96
48 47 88
48 48 278
48 49 383
48 50 311
48 51 310
48 52 44
48 53 171
48 54 470
48 55 70
48 56 138
48 57 191
48 58 227
48 59 390
48 60 36
48 61 470
48 62 12
48 63 286
48 64 322
48 65 343
48 66 452
48 67 18
48 68 195
48 69 90
48 70 374
48 71 335
49 1 273
49 2 94
49 3 351
49 4 329
49 5 360
49 6 420
49 7 171
49 8 317
49 9 351
49 10 327
49 11 415
49 12 4
49 13 429
49 15 75
49 16 390
49 17 392
49 18 368
49 19 435
49 20 280
49 21 228
49 22 28
49 23 419
49 24 75
49 25 455
49 28 131
49 29 242
49 30 7
49 31 13
49 32 204
49 33 242
49 34 431
49 35 229
49 36 34
49 37 350
49 38 158
49 39 92
49 40 357
49 41 181
49 42 155
49 44 89
49 45 77
49 47 135
49 48 86
49 51 6
49 52 251
49 55 10
49 56 456
49 57 67
49 58 483
49 59 28
49 60 492
49 61 33
49 62 398
49 64 173
49 66 442
49 67 441
49 68 32
49 69 83
49 70 376
49 71 461
50 1 21
50 2 52
50 3 422
50 4 350
50 5 121
50 6 67
50 7 133
50 10 462
50 11 383
50 12 467
50 14 6
50 16 429
50 17 73
50 18 44
50 20 10
50 21 248
50 22 51
50 23 170
50 24 72
50 25 462
50 26 18
50 27 314
50 28 221
50 29 142
50 30 450
50 31 370
50 32 438
50 33 220
50 34 50
50 36 294
50 37 172
50 39 487
50 40 76
50 41 378
50 42 220
50 43 475
50 45 135
50 46 75
50 47 110
50 48 32
50 50 204
50 51 247
50 52 112
50 53 53
50 54 121
50 55 455
50 57 212
50 58 345
50 59 32
50 60 417
50 62 233
50 63 286
50 64 68
50 65 96
50 66 154
50 67 76
50 68 215
50 69 431
50 70 57
51 1 433
51 2 116
51 3 419
51 4 186
51 5 244
51 6 366
51 7 91
51 8 107
51 9 246
51 10 178
51 11 215
51 12 441
51 13 206
51 14 83
51 15 372
51 16 494
51 17 190
51 18 11
51 19 30
51 20 95
51 21 374
51 22 4
51 23 179
51 24 114
51 25 155
51 26 477
51 27 125
51 28 30
51 29 82
51 30 445
51 31 215
51 32 349
51 33 241
51 34 189
51 35 451
51 36 289
51 37 125
51 38 263
51 39 20
51 40 113
51 41 491
51 42 73
51 43 433
51 44 236
51 45 474
51 46 59
51 47 498
51 48 42
51 49 437
51 50 128
51 51 336
51 52 451
51 53 33
51 54 355
51 55 197
51 56 216
51 57 432
51 58 291
51 59 389
51 60 186
51 61 88
51 62 192
51 63 245
51 64 358
51 65 381
51 66 86
51 67 457
51 68 364
51 69 232
51 70 150
51 71 361
52 1 287
52 3 333
52 4 176
52 5 179
52 6 141
52 7 126
52 8 317
52 9 428
52 10 446
52 11 403
52 13 62
52 14 401
52 15 173
52 16 447
52 17 304
52 18 457
52 19 243
52 20 13
52 21 312
52 22 42
52 23 361
52 24 366
52 25 452
52 26 282
52 27 246
52 28 410
52 29 331
52 30 68
52 31 480
52 32 454
52 33 343
52 35 422
52 36 407
52 37 467
52 38 260
52 39 232
52 40 456
52 41 177
52 42 126
52 43 416
52 44 263
52 45 188
52 46 302
52 47 14
52 48 76
52 49 176
52 50 58
52 51 338
52 52 452
52 53 466
52 54 425
52 55 321
52 56 479
52 57 281
52 58 60
52 59 306
52 60 202
52 61 93
52 62 459
52 63 411
52 64 373
52 66 416
52 67 425
52 68 185
52 69 4
52 70 298
52 71 227
53 1 131
53 2 374
53 3 71
53 4 332
53 5 159
53 6 53
53 7 241
53 8 321
53 9 18
53 10 433
53 11 115
53 12 141
53 13 446
53 14 195
53 15 151
53 16 20
53 17 325
53 18 282
53 19 468
53 20 35
53 21 217
53 22 427
53 23 259
53 24 129
53 25 140
53 26 184
53 27 276
53 28 312
53 29 164
53 30 65
53 31 126
53 32 88
53 33 320
53 34 302
53 35 21
53 36 138
53 37 465
53 38 243
53 39 420
53 40 138
53 41 352
53 42 5
53 43 36
53 44 464
53 45 123
53 46 17
53 47 268
53 48 10
53 49 492
53 50 467
53 51 288
53 52 409
53 53 281
53 54 120
53 55 142
53 56 474
53 57 132
53 58 420
53 59 259
53 60 188
53 61 275
53 62 176
53 63 474
53 64 15
53 65 414
53 66 485
53 67 477
53 68 55
53 69 241
53 70 210
53 71 487
54 1 441
54 2 476
54 3 156
54 4 238
54 5 186
54 6 35
54 7 382
54 8 10
54 9 347
54 10 464
54 11 408
54 12 444
54 13 45
54 14 413
54 15 2
54 16 352
54 17 210
54 18 331
54 19 73
54 20 231
54 21 431
54 22 291
54 23 493
54 24 419
54 25 83
54 26 370
54 27 471
54 29 1
54 30 398
54 31 236
54 32 423
54 33 421
54 34 43
54 35 154
54 36 260
54 37 432
54 39 416
54 40 148
54 41 269
54 42 43
54 43 489
54 44 300
54 45 153
54 46 248
54 47 17
54 48 8
54 49 34
54 51 403
54 52 330
54 53 219
54 54 413
54 55 451
54 57 56
54 58 22
54 59 291
54 60 408
54 61 414
54 62 496
54 63 11
54 65 196
54 66 3
54 67 441
54 69 216
54 70 354
54 71 328
55 1 254
55 2 495
55 3 176
55 4 372
55 5 179
55 6 398
55 7 283
55 8 66
55 9 49
55 10 409
55 11 253
55 12 202
55 13 276
55 14 20
55 15 24
55 16 450
55 17 221
55 18 170
55 19 134
55 20 436
55 21 473
55 22 491
55 23 456
55 24 443
55 25 76
55 26 87
55 27 109
55 28 500
55 29 71
55 30 100
55 31 280
55 32 92
55 33 311
55 34 358
55 35 386
55 36 88
55 37 338
55 38 469
55 39 107
55 40 309
55 41 202
55 42 219
55 43 486
55 44 427
55 45 193
55 46 20
55 47 431
55 48 112
55 49 281
55 50 28
55 51 78
55 52 192
55 53 130
55 54 147
55 55 234
55 56 19
55 57 223
55 58 113
55 59 466
55 60 460
55 61 456
55 62 114
55 63 188
55 64 317
55 65 307
55 66 310
55 67 5
55 68 382
55 69 125
55 70 251
55 71 336
56 1 345
56 2 121
56 3 238
56 4 414
56 5 352
56 6 245
56 7 450
56 8 489
56 9 486
56 10 433
56 11 104
56 12 353
56 13 50
56 14 167
56 15 10
56 16 18
56 17 227
56 18 112
56 19 25
56 20 129
56 21 268
56 22 194
56 23 349
56 24 91
56 25 269
56 26 462
56 27 288
56 28 311
56 29 307
56 30 462
56 31 71
56 32 336
56 33 393
56 34 25
56 35 346
56 36 122
56 37 35
56 38 218
56 39 323
56 40 68
56 41 128
56 42 333
56 43 404
56 44 175
56 45 265
56 46 220
56 47 410
56 48 31
56 49 353
56 50 278
56 51 287
56 52 124
56 53 230
56 54 315
56 55 291
56 56 365
56 57 174
56 58 315
56 59 443
56 60 454
56 61 246
56 62 262
56 64 94
56 65 219
56 66 262
56 68 4
56 69 331
56 70 345
56 71 488
57 1 29
57 2 457
57 3 147
57 4 350
57 5 382
57 6 204
57 7 443
57 8 159
57 9 37
57 10 82
57 11 225
57 12 359
57 13 182
57 14 55
57 15 110
57 16 483
57 17 491
57 18 188
57 19 399
57 20 235
57 21 98
57 22 66
57 23 253
57 24 413
57 25 326
57 26 367
57 27 413
57 28 225
57 29 151
57 30 89
57 31 28
57 32 356
57 33 374
57 34 54
57 35 392
57 36 131
57 37 204
57 38 454
57 39 487
57 40 293
57 41 33
57 42 195
57 43 429
57 44 478
57 45 489
57 46 432
57 47 382
57 48 207
57 49 21
57 50 287
57 51 465
57 52 250
57 53 278
57 54 246
57 55 115
57 56 415
57 57 464
57 58 8
57 59 60
57 60 318
57 61 144
57 62 66
57 63 427
57 64 176
57 65 82
57 66 299
57 67 77
57 68 85
57 69 196
57 70 396
57 71 243
58 1 236
58 2 256
58 3 114
58 4 429
58 5 465
58 6 369
58 7 280
58 8 385
58 9 12
58 10 309
58 11 361
58 12 35
58 13 464
58 14 227
58 15 458
58 16 479
58 17 195
58 18 17
58 19 278
58 20 330
58 21 404
58 22 393
58 23 122
58 24 339
58 25 185
58 26 213
58 27 466
58 28 286
58 29 466
58 30 366
58 31 141
58 32 269
58 33 90
58 34 132
58 35 431
58 36 497
58 37 40
58 38 265
58 39 444
58 40 435
58 41 458
58 42 59
58 43 86
58 44 92
58 45 5
58 46 366
58 47 474
58 48 325
58 49 261
58 50 460
58 51 494
58 52 257
58 53 64
58 54 108
58 55 416
58 56 222
58 57 122
58 58 307
58 59 453
58 60 83
58 61 305
58 62 210
58 63 475
58 64 140
58 65 157
58 66 492
58 67 275
58 68 428
58 69 155
58 70 89
58 71 295
59 1 90
59 2 219
59 3 142
59 4 116
59 5 415
59 6 9
59 7 403
59 8 433
59 9 234
59 10 57
59 11 88
59 12 471
59 13 187
59 14 133
59 15 130
59 16 293
59 17 22
59 18 444
59 19 472
59 20 269
59 21 369
59 22 215
59 23 355
59 24 33
59 25 386
59 26 80
59 27 316
59 28 207
59 29 426
59 30 313
59 31 17
59 32 66
59 33 150
59 34 168
59 35 371
59 36 267
59 37 173
59 38 467
59 39 80
59 40 7
59 41 160
59 42 151
59 43 104
59 44 89
59 45 213
59 46 14
59 47 397
59 48 293
59 49 253
59 50 194
59 51 35
59 52 189
59 53 428
59 54 435
59 55 372
59 56 406
59 58 157
59 59 294
59 60 21
59 61 213
59 62 417
59 63 363
59 64 368
59 65 117
59 66 421
59 67 12
59 68 166
59 69 467
59 70 396
59 71 470
60 1 54
60 2 307
60 3 333
60 4 485
60 5 208
60 6 254
60 7 441
60 8 119
60 9 326
60 10 397
60 11 300
60 12 324
60 13 354
60 14 175
60 15 370
60 16 156
60 17 196
60 18 273
60 19 125
60 20 35
60 21 178
60 22 413
60 23 277
60 24 103
60 25 412
60 26 424
60 27 235
60 28 236
60 29 72
60 30 190
60 31 464
60 32 442
60 33 125
60 34 470
60 35 402
60 36 215
60 37 233
60 38 482
60 39 224
60 40 88
60 41 450
60 42 224
60 43 65
60 44 9
60 45 488
60 46 93
60 47 177
60 48 370
60 49 292
60 50 449
60 51 248
60 52 269
60 53 72
60 54 33
60 55 143
60 56 450
60 57 52
60 58 148
60 60 371
60 61 168
60 62 25
60 63 401
60 64 83
60 65 446
60 66 289
60 67 54
60 68 27
60 69 51
60 70 344
60 71 345
61 1 226
61 2 123
61 3 300
61 4 238
61 5 424
61 6 292
61 7 333
61 8 142
61 9 114
61 10 3
61 11 43
61 12 39
61 13 39
61 14 173
61 15 236
61 16 234
61 17 496
61 18 25
61 19 370
61 20 257
61 21 103
61 22 124
61 23 164
61 24 125
61 25 81
61 26 80
61 27 421
61 28 389
61 29 318
61 30 160
61 31 166
61 32 295
61 33 450
61 34 245
61 35 438
61 36 110
61 37 203
61 38 193
61 39 33
61 40 191
61 41 256
61 42 360
61 43 330
61 44 65
61 45 246
61 46 255
61 47 335
61 48 24
61 49 283
61 50 220
61 51 110
61 52 77
61 53 208
61 54 359
61 55 267
61 56 328
61 57 132
61 58 273
61 59 62
61 60 285
61 61 103
61 62 67
61 63 63
61 64 473
61 65 360
61 66 402
61 67 373
61 68 179
61 69 485
61 70 351
61 71 499
62 1 341
62 2 466
62 3 442
62 4 47
62 5 483
62 6 399
62 7 176
62 8 204
62 9 53
62 10 399
62 11 475
62 12 54
62 13 62
62 14 368
62 15 144
62 16 204
62 17 114
62 18 266
62 19 476
62 20 215
62 21 264
62 22 308
62 23 484
62 24 368
62 25 246
62 26 38
62 27 56
62 28 165
62 29 466
62 30 160
62 31 354
62 32 356
62 33 187
62 34 345
62 35 290
62 36 413
62 37 177
62 38 285
62 39 341
62 40 216
62 41 75
62 42 130
62 43 428
62 44 441
62 45 11
62 46 228
62 47 376
62 48 140
62 49 191
62 50 57
62 51 427
62 52 39
62 53 254
62 54 25
62 55 436
62 56 428
62 57 417
62 58 312
62 59 62
62 60 126
62 61 211
62 62 368
62 63 126
62 64 310
62 65 418
62 66 220
62 67 411
62 68 150
62 69 361
62 70 41
62 71 293
63 1 222
63 2 27
63 3 356
63 4 81
63 5 399
63 6 272
63 7 293
63 8 458
63 9 430
63 10 215
63 11 218
63 12 144
63 13 141
63 14 304
63 15 214
63 16 470
63 17 442
63 18 356
63 19 498
63 20 26
63 21 138
63 22 161
63 23 349
63 24 52
63 25 122
63 26 170
63 27 18
63 28 37
63 29 238
63 30 357
63 31 256
63 32 70
63 33 424
63 34 409
63 35 269
63 36 191
63 37 87
63 38 336
63 39 188
63 40 350
63 41 181
63 42 53
63 43 344
63 44 39
63 45 419
63 46 105
63 47 139
63 48 297
63 49 106
63 50 242
63 51 277
63 52 68
63 53 465
63 54 296
63 55 295
63 56 388
63 57 364
63 58 497
63 59 305
63 60 137
63 61 472
63 62 397
63 63 59
63 64 423
63 65 205
63 66 243
63 67 285
63 68 63
63 69 341
63 70 452
63 71 471
64 4 347
64 5 33
64 6 33
64 7 366
64 8 173
64 9 129
64 11 85
64 12 199
64 14 491
64 15 222
64 16 385
64 17 220
64 18 420
64 19 500
64 20 146
64 23 402
64 24 66
64 25 61
64 26 45
64 27 304
64 28 500
64 31 224
64 35 40
64 36 412
64 38 463
64 39 171
64 40 230
64 43 58
64 45 1
64 46 52
64 47 294
64 48 45
64 49 324
64 51 351
64 52 212
64 53 93
64 56 301
64 57 300
64 59 12
64 60 257
64 61 434
64 62 267
64 63 409
64 64 319
64 65 263
64 66 254
64 68 166
64 69 318
64 70 15
64 71 76
65 1 37
65 2 417
65 3 291
65 4 139
65 5 339
65 6 367
65 7 187
65 8 214
65 9 231
65 10 449
65 11 454
65 12 249
65 13 445
65 14 7
65 15 471
65 16 405
65 17 216
65 18 221
65 19 114
65 20 374
65 21 98
65 22 487
65 23 339
65 24 64
65 25 176
65 26 46
65 27 267
65 28 261
65 29 131
65 30 444
65 31 353
65 32 172
65 33 440
65 34 138
65 35 377
65 36 176
65 37 311
65 38 45
65 39 437
65 40 83
65 41 156
65 42 123
65 43 3
65 44 175
65 45 67
65 46 498
65 47 498
65 48 183
65 49 406
65 50 231
65 51 58
65 52 219
65 53 26
65 54 325
65 55 405
65 56 142
65 57 465
65 58 331
65 59 26
65 60 209
65 61 61
65 62 169
65 63 202
65 65 2
65 66 346
65 67 37
65 68 124
65 69 390
65 70 415
65 71 353
66 1 478
66 2 346
66 3 390
66 4 346
66 5 90
66 6 386
66 7 469
66 8 97
66 9 303
66 10 471
66 11 268
66 12 187
66 13 362
66 14 413
66 15 13
66 16 264
66 17 491
66 18 176
66 19 128
66 20 431
66 21 224
66 22 264
66 23 3
66 24 336
66 25 180
66 26 57
66 27 158
66 28 37
66 29 52
66 30 477
66 31 12
66 32 207
66 33 439
66 34 204
66 35 425
66 36 212
66 37 416
66 38 325
66 39 218
66 40 171
66 41 188
66 42 387
66 43 18
66 44 375
66 45 199
66 46 471
66 47 241
66 48 463
66 49 369
66 50 154
66 51 461
66 52 450
66 53 459
66 54 394
66 55 420
66 56 461
66 57 231
66 58 276
66 59 285
66 60 46
66 61 489
66 62 309
66 63 276
66 64 125
66 65 248
66 66 307
66 67 288
66 68 132
66 69 217
66 70 463
66 71 475
67 1 415
67 2 184
67 3 404
67 4 311
67 5 336
67 6 195
67 7 240
67 8 318
67 9 55
67 10 60
67 11 368
67 12 395
67 13 260
67 14 88
67 15 111
67 17 305
67 18 8
67 19 145
67 20 451
67 21 420
67 22 42
67 23 357
67 24 194
67 25 231
67 26 307
67 27 318
67 28 117
67 29 100
67 30 228
67 31 226
67 32 408
67 33 52
67 34 184
67 35 113
67 36 328
67 37 176
67 38 33
67 39 242
67 40 262
67 41 371
67 42 224
67 43 211
67 44 12
67 45 346
67 46 132
67 47 258
67 48 339
67 49 75
67 50 173
67 51 435
67 52 352
67 53 326
67 54 326
67 55 285
67 56 121
67 57 18
67 58 90
67 59 151
67 60 213
67 61 107
67 62 403
67 63 28
67 64 378
67 65 472
67 66 155
67 67 212
67 68 244
67 69 51
67 70 77
67 71 411
68 1 179
68 2 400
68 3 5
68 4 373
68 5 116
68 6 133
68 7 10
68 8 367
68 9 5
68 10 401
68 11 308
68 12 334
68 13 58
68 14 483
68 15 216
68 16 346
68 17 376
68 18 32
68 19 257
68 20 6
68 21 277
68 22 462
68 23 124
68 24 309
68 25 119
68 26 120
68 27 250
68 28 34
68 29 444
68 30 346
68 31 123
68 32 51
68 33 140
68 34 386
68 35 23
68 36 386
68 37 102
68 38 239
68 39 137
68 40 228
68 41 307
68 42 228
68 43 126
68 44 159
68 45 340
68 46 55
68 47 171
68 48 209
68 49 498
68 50 121
68 51 196
68 52 96
68 53 121
68 54 385
68 55 452
68 56 32
68 57 52
68 58 299
68 59 58
68 60 239
68 61 50
68 62 432
68 63 175
68 64 283
68 65 271
68 66 32
68 67 303
68 68 143
68 69 94
68 70 85
68 71 31
69 1 353
69 2 185
69 3 329
69 4 132
69 5 279
69 6 118
69 7 234
69 8 285
69 9 24
69 10 129
69 11 95
69 12 87
69 13 223
69 14 480
69 15 221
69 16 64
69 17 302
69 18 201
69 19 445
69 20 257
69 21 497
69 22 7
69 23 32
69 24 413
69 25 378
69 26 109
69 27 25
69 28 255
69 29 197
69 30 167
69 31 33
69 32 478
69 33 264
69 34 33
69 35 183
69 36 371
69 37 173
69 38 401
69 39 216
69 40 332
69 41 492
69 42 412
69 44 440
69 45 392
69 46 138
69 47 407
69 48 219
69 49 132
69 50 37
69 51 473
69 52 402
69 53 326
69 54 352
69 55 232
69 56 389
69 57 110
69 58 491
69 59 203
69 60 136
69 61 327
69 62 315
69 63 179
69 64 96
69 65 270
69 66 9
69 67 406
69 68 450
69 69 60
69 70 435
69 71 421
70 1 45
70 2 264
70 3 91
70 4 360
70 5 85
70 6 373
70 7 211
70 8 383
70 9 102
70 10 86
70 11 179
70 12 417
70 13 353
70 15 210
70 16 304
70 17 241
70 18 426
70 19 197
70 20 27
70 21 44
70 22 448
70 23 464
70 24 395
70 25 18
70 26 182
70 27 454
70 28 290
70 29 372
70 31 147
70 33 366
70 34 178
70 36 72
70 37 239
70 38 284
70 39 456
70 40 428
70 41 35
70 42 65
70 43 214
70 44 373
70 45 405
70 46 487
70 47 324
70 48 259
70 49 163
70 50 123
70 51 133
70 52 465
70 53 354
70 54 374
70 55 382
70 57 422
70 58 49
70 59 330
70 60 393
70 61 95
70 62 74
70 63 43
70 64 139
70 65 218
70 66 137
70 67 206
70 68 482
70 69 272
70 70 14
70 71 361
71 1 234
71 2 322
71 3 56
71 4 19
71 5 290
71 6 44
71 7 479
71 8 57
71 10 188
71 11 230
71 12 208
71 13 320
71 14 57
71 15 315
71 16 146
71 18 252
71 19 241
71 20 82
71 21 427
71 22 424
71 23 34
71 24 436
71 25 42
71 26 87
71 27 97
71 28 225
71 30 403
71 31 378
71 32 423
71 34 245
71 35 367
71 36 170
71 37 420
71 38 233
71 39 6
71 40 295
71 41 450
71 42 359
71 43 336
71 47 143
71 49 496
71 50 260
71 52 282
71 53 426
71 54 317
71 55 324
71 56 339
71 57 477
71 58 87
71 59 53
71 60 455
71 61 56
71 62 290
71 63 223
71 64 75
71 65 442
71 66 414
71 67 131
71 68 265
71 69 305
71 70 204
71 71 91
37 470
1 11 334
2 5 303
2 10 192
2 11 128
2 13 235
2 14 275
2 17 370
2 19 377
2 22 230
2 28 408
2 31 116
2 33 330
2 34 246
3 2 292
3 13 424
3 37 341
4 8 109
4 10 320
4 13 51
4 14 456
4 15 217
4 18 28
4 19 181
4 21 107
4 22 438
4 23 465
4 25 42
4 27 97
4 28 437
4 31 231
4 36 259
5 1 232
5 2 430
5 4 447
5 6 87
5 7 187
5 8 174
5 9 431
5 10 168
5 12 156
5 13 463
5 15 451
5 16 496
5 18 223
5 19 362
5 20 85
5 21 2
5 22 22
5 23 333
5 28 15
5 29 242
5 32 216
5 35 255
5 37 173
6 3 263
6 5 394
6 9 463
6 10 494
6 12 365
6 15 258
6 18 451
6 21 351
6 22 365
6 23 27
6 25 46
6 26 432
6 27 236
6 33 453
6 34 121
6 35 358
7 4 74
7 5 376
7 16 67
7 21 45
7 22 110
7 29 160
7 33 199
7 35 264
8 1 45
8 4 467
8 5 450
8 6 416
8 7 334
8 13 211
8 14 19
8 15 373
8 20 236
8 21 93
8 23 37
8 25 427
8 27 257
8 28 440
8 30 489
8 34 332
8 37 244
9 1 151
9 3 33
9 4 344
9 6 29
9 8 60
9 12 353
9 13 374
9 15 384
9 16 214
9 19 413
9 20 353
9 25 462
9 26 55
9 30 269
9 34 354
10 2 3
10 8 478
10 9 242
10 11 264
10 12 318
10 14 429
10 15 311
10 16 234
10 18 122
10 19 178
10 20 209
10 21 385
10 22 60
10 23 176
10 27 235
10 28 220
10 29 75
10 30 139
10 31 455
10 34 74
10 35 95
10 36 424
10 37 176
11 1 135
11 2 303
11 4 235
11 9 134
11 10 172
11 11 470
11 12 158
11 13 463
11 14 158
11 16 242
11 19 334
11 20 305
11 21 252
11 22 158
11 26 187
11 28 377
11 29 241
11 32 277
11 37 103
12 4 135
12 7 9
12 21 4
12 33 178
13 4 42
13 9 420
13 11 64
13 13 159
13 15 446
13 16 440
13 23 240
13 25 485
13 30 31
14 1 469
14 2 94
14 6 17
14 7 56
14 11 219
14 15 492
14 16 311
14 19 107
14 25 489
14 28 368
14 29 245
14 31 332
14 33 101
15 1 102
15 5 177
15 7 9
15 8 237
15 12 358
15 13 137
15 15 134
15 17 283
15 18 81
15 24 433
15 25 243
15 26 465
15 27 7
15 29 484
15 30 354
15 35 421
15 37 216
16 1 110
16 2 66
16 3 358
16 4 393
16 7 455
16 9 168
16 10 236
16 11 91
16 12 348
16 14 149
16 15 307
16 18 282
16 19 451
16 20 291
16 24 176
16 26 139
16 27 260
16 28 33
16 30 245
16 31 204
16 32 437
16 33 443
16 34 446
16 35 84
16 36 117
16 37 71
17 3 428
17 4 266
17 7 159
17 9 37
17 11 198
17 12 165
17 14 201
17 18 328
17 19 98
17 20 241
17 26 94
17 29 83
17 30 279
17 33 56
17 34 336
17 36 314
18 1 200
18 4 131
18 5 271
18 6 282
18 9 235
18 11 409
18 12 432
18 13 105
18 15 92
18 16 306
18 19 177
18 21 379
18 22 146
18 25 178
18 27 32
18 31 260
18 32 208
18 33 178
18 34 169
18 36 153
18 37 260
19 2 339
19 5 174
19 6 446
19 13 460
19 14 154
19 18 98
19 19 331
19 22 196
19 24 426
19 26 424
19 27 198
20 5 363
20 19 108
21 1 123
21 2 468
21 3 27
21 4 320
21 6 73
21 7 492
21 13 458
21 16 393
21 19 274
21 23 368
21 24 24
21 28 422
21 30 412
21 35 274
21 36 268
22 7 39
22 9 248
22 13 451
22 15 422
22 21 4
22 24 348
22 31 9
22 33 306
22 34 269
23 5 384
23 15 183
23 23 15
23 24 251
23 32 14
24 2 156
24 3 315
24 5 247
24 7 301
24 8 44
24 9 189
24 10 498
24 12 196
24 13 40
24 21 149
24 22 338
24 25 392
25 11 5
25 25 37
25 30 136
26 16 129
27 21 376
27 26 331
28 6 360
28 7 388
28 8 498
28 9 133
28 11 398
28 12 226
28 13 60
28 15 139
28 16 5
28 18 470
28 19 476
28 20 310
28 22 243
28 23 66
28 25 218
28 28 23
28 29 185
28 31 478
28 33 268
28 37 332
29 1 319
29 10 24
29 14 418
29 17 167
29 20 283
29 26 444
29 28 227
29 31 254
29 32 500
29 34 13
30 5 482
30 6 34
30 9 173
30 10 135
30 11 112
30 16 268
30 18 484
30 19 122
30 21 5
30 23 326
30 24 480
30 25 100
30 28 443
30 29 495
30 32 62
30 34 106
30 35 271
30 36 175
30 37 182
31 1 18
31 3 403
31 32 55
32 3 451
32 4 369
32 5 222
32 6 155
32 7 139
32 11 206
32 12 181
32 14 248
32 15 40
32 16 46
32 18 480
32 19 365
32 21 343
32 24 327
32 26 332
32 27 3
32 30 382
32 31 495
32 32 139
32 33 268
32 34 437
32 35 475
32 37 270
33 1 317
33 2 77
33 4 356
33 8 460
33 11 323
33 12 248
33 13 180
33 14 267
33 16 165
33 20 289
33 21 202
33 22 343
33 23 387
33 25 225
33 26 288
33 27 387
33 28 347
33 29 193
33 30 476
33 31 367
33 32 88
33 35 178
33 36 272
33 37 411
34 4 111
34 5 400
34 6 70
34 8 410
34 10 57
34 11 340
34 16 53
34 17 412
34 19 412
34 21 225
34 23 332
34 24 131
34 26 487
34 27 214
34 28 458
34 29 256
34 30 86
34 32 290
34 36 208
34 37 140
35 4 477
35 11 293
35 12 219
35 19 453
35 20 39
35 25 186
35 26 360
35 31 67
35 35 237
36 5 220
36 9 106
36 14 99
36 18 275
36 20 396
36 32 456
37 2 472
37 3 382
37 4 185
37 5 134
37 8 463
37 11 209
37 13 116
37 14 270
37 21 290
37 24 420
37 29 26
37 30 295
37 31 320
37 32 282
37 33 168
37 34 193
37 35 79
37 37 469
60 1246
1 2 212
1 3 101
1 5 302
1 6 184
1 8 43
1 9 241
1 13 409
1 17 43
1 18 300
1 24 298
1 25 49
1 26 150
1 30 283
1 31 466
1 32 91
1 34 206
1 35 464
1 37 282
1 41 91
1 49 296
1 50 70
1 53 207
1 56 470
1 60 319
2 1 65
2 4 267
2 10 351
2 12 392
2 15 168
2 19 183
2 20 344
2 22 3
2 24 402
2 25 193
2 30 229
2 31 403
2 34 436
2 37 293
2 42 95
2 48 186
2 50 401
3 1 171
3 3 350
3 5 193
3 7 219
3 10 281
3 15 12
3 17 237
3 20 180
3 21 129
3 22 24
3 23 335
3 25 321
3 26 166
3 27 498
3 30 361
3 37 372
3 41 259
3 42 296
3 54 236
3 55 485
3 56 285
3 58 396
3 59 366
3 60 425
4 1 127
4 4 262
4 8 409
4 16 406
4 17 147
4 19 44
4 22 328
4 25 342
4 28 428
4 29 113
4 32 45
4 43 27
4 44 287
4 46 382
4 50 119
5 25 180
5 45 400
5 53 276
6 3 274
6 4 443
6 8 30
6 13 349
6 14 346
6 19 324
6 23 461
6 25 326
6 26 326
6 30 474
6 31 366
6 34 283
6 36 33
6 41 267
6 46 292
6 48 397
6 50 97
6 51 292
6 52 493
7 5 432
7 8 343
7 10 309
7 20 345
7 23 438
7 29 360
7 31 451
7 37 71
7 38 402
7 41 338
7 43 94
7 46 83
7 48 472
8 1 330
8 3 187
8 17 405
8 23 404
8 24 237
8 25 189
8 26 102
8 30 137
8 31 210
8 33 95
8 42 31
8 45 374
8 48 73
9 1 341
9 3 471
9 5 191
9 6 33
9 7 320
9 8 303
9 10 274
9 11 315
9 12 13
9 14 314
9 16 422
9 17 54
9 18 426
9 19 58
9 22 248
9 23 374
9 29 275
9 32 360
9 33 468
9 34 73
9 35 449
9 36 453
9 39 214
9 40 331
9 43 462
9 45 386
9 47 304
9 48 449
9 50 122
9 54 448
9 55 248
9 56 236
9 59 419
10 3 280
10 7 99
10 8 196
10 9 163
10 10 200
10 12 208
10 13 425
10 15 127
10 17 422
10 19 189
10 21 176
10 23 212
10 25 459
10 26 344
10 28 134
10 29 5
10 32 428
10 34 341
10 38 419
10 39 161
10 41 80
10 44 79
10 45 315
10 46 163
10 49 463
10 50 464
10 52 362
10 53 457
10 54 57
10 56 487
10 58 16
10 59 432
10 60 59
11 5 61
11 9 131
11 10 476
11 21 63
11 24 269
11 31 357
11 44 359
12 2 166
12 3 12
12 6 480
12 7 113
12 8 89
12 15 441
12 16 281
12 19 230
12 20 210
12 23 488
12 24 417
12 28 466
12 29 25
12 30 492
12 31 286
12 32 78
12 33 239
12 34 25
12 37 221
12 38 80
12 39 98
12 40 381
12 42 101
12 44 153
12 45 469
12 47 400
12 49 296
12 51 261
12 52 238
12 56 204
12 60 56
13 2 171
13 5 145
13 6 334
13 10 288
13 14 32
13 19 267
13 20 400
13 22 378
13 23 298
13 24 269
13 25 26
13 26 110
13 27 98
13 28 204
13 29 367
13 30 496
13 32 163
13 35 383
13 39 289
13 40 372
13 41 303
13 43 174
13 44 389
13 45 215
13 46 368
13 50 198
13 51 304
13 52 38
13 55 269
13 56 20
13 57 418
13 58 381
13 59 261
14 2 18
14 5 131
14 8 222
14 10 39
14 11 19
14 20 65
14 23 299
14 25 51
14 30 323
14 31 340
14 34 248
14 36 58
14 39 354
14 40 444
14 41 274
14 45 228
14 48 90
14 51 493
14 55 457
14 59 112
15 2 14
15 3 490
15 4 491
15 5 449
15 6 420
15 7 494
15 8 65
15 11 422
15 14 186
15 15 303
15 16 359
15 18 216
15 19 483
15 22 243
15 24 181
15 26 148
15 27 499
15 29 394
15 33 484
15 35 453
15 36 294
15 37 56
15 38 378
15 39 173
15 42 116
15 43 129
15 44 408
15 45 92
15 46 168
15 47 224
15 51 194
15 52 322
15 53 164
15 56 227
15 58 440
15 60 424
16 1 348
16 3 259
16 4 376
16 7 283
16 8 445
16 9 173
16 11 16
16 14 10
16 15 261
16 16 203
16 17 412
16 18 30
16 19 81
16 23 252
16 24 358
16 25 439
16 26 180
16 29 281
16 30 15
16 31 94
16 32 240
16 33 318
16 35 287
16 36 117
16 41 25
16 42 29
16 43 487
16 44 487
16 45 49
16 46 290
16 47 467
16 49 462
16 50 36
16 54 11
16 56 197
16 60 167
17 8 39
17 10 310
17 15 290
17 23 254
17 24 256
17 28 453
17 31 429
17 36 491
17 40 454
17 42 127
17 43 317
17 50 102
17 52 291
17 54 145
17 58 472
18 2 476
18 7 192
18 8 243
18 10 241
18 12 103
18 14 300
18 15 197
18 16 56
18 17 384
18 18 392
18 19 290
18 24 56
18 26 267
18 28 408
18 33 66
18 34 29
18 35 229
18 36 287
18 37 76
18 38 41
18 40 424
18 43 244
18 45 57
18 48 147
18 51 422
18 52 468
18 53 423
18 54 28
18 56 354
19 3 455
19 4 429
19 5 74
19 6 431
19 8 54
19 9 136
19 10 170
19 12 120
19 16 358
19 19 250
19 28 319
19 29 21
19 31 297
19 32 323
19 35 269
19 36 23
19 37 14
19 38 460
19 39 487
19 43 33
19 48 194
19 51 235
19 53 408
19 56 244
19 58 469
19 59 211
20 2 492
20 4 151
20 6 287
20 8 39
20 11 255
20 14 82
20 17 116
20 18 341
20 21 227
20 22 390
20 34 212
20 35 131
20 36 480
20 45 79
20 47 306
20 48 495
20 49 432
20 51 258
20 52 92
20 56 53
20 57 500
20 58 118
20 60 451
21 4 466
21 6 499
21 11 179
21 23 145
21 27 354
21 31 334
21 44 16
21 52 370
22 21 21
22 24 173
22 35 499
22 38 423
22 44 326
23 1 203
23 3 163
23 4 290
23 5 140
23 6 365
23 8 266
23 9 188
23 10 42
23 12 255
23 15 491
23 16 331
23 18 426
23 19 324
23 21 493
23 22 444
23 23 335
23 24 173
23 25 107
23 28 23
23 30 229
23 31 6
23 32 485
23 33 10
23 34 414
23 38 137
23 39 479
23 40 451
23 44 65
23 46 112
23 49 228
23 50 327
23 52 19
23 54 371
23 55 328
23 56 460
23 57 440
23 58 327
23 60 290
24 1 105
24 2 47
24 3 295
24 4 28
24 5 317
24 6 493
24 7 396
24 10 28
24 15 286
24 20 369
24 21 467
24 25 198
24 28 1
24 30 365
24 32 353
24 33 159
24 40 297
24 43 242
24 44 125
24 47 202
24 50 497
24 52 16
25 2 416
25 8 73
25 9 31
25 12 87
25 13 211
25 16 493
25 18 44
25 19 55
25 20 264
25 22 411
25 23 492
25 24 189
25 25 458
25 26 295
25 29 397
25 30 394
25 32 216
25 34 89
25 36 492
25 38 102
25 40 149
25 41 420
25 42 253
25 43 25
25 45 489
25 47 59
25 49 353
25 51 476
25 52 125
25 53 135
25 54 415
25 55 141
25 57 47
25 58 344
25 59 407
25 60 340
26 2 166
26 4 481
26 5 469
26 6 337
26 7 30
26 8 457
26 10 359
26 11 75
26 16 42
26 17 74
26 19 10
26 20 461
26 25 474
26 26 449
26 29 358
26 30 75
26 31 376
26 32 96
26 33 62
26 34 287
26 35 355
26 36 388
26 37 159
26 38 273
26 40 191
26 41 198
26 42 491
26 44 318
26 49 112
26 50 22
26 52 314
26 54 117
26 57 248
26 59 75
27 1 153
27 3 269
27 5 400
27 7 199
27 10 210
27 12 32
27 14 180
27 16 166
27 22 185
27 23 35
27 24 367
27 27 413
27 28 45
27 29 358
27 30 101
27 31 497
27 34 354
27 36 373
27 39 250
27 40 144
27 43 135
27 45 159
27 49 115
27 50 213
27 51 94
27 52 341
27 57 415
28 2 165
28 3 411
28 4 171
28 5 464
28 6 326
28 8 446
28 12 5
28 15 251
28 16 212
28 17 26
28 18 184
28 21 475
28 24 261
28 28 399
28 29 248
28 30 57
28 31 82
28 35 239
28 36 262
28 37 145
28 38 108
28 39 202
28 41 471
28 42 288
28 43 339
28 44 99
28 46 429
28 47 350
28 51 8
28 55 336
28 56 85
28 57 276
28 58 342
29 4 283
29 6 268
29 8 45
29 17 216
29 22 326
29 26 109
29 28 221
29 30 426
29 35 218
29 38 254
29 41 459
29 49 433
29 50 477
29 53 397
29 55 70
29 60 289
30 2 156
30 5 245
30 8 469
30 9 235
30 12 250
30 13 150
30 17 253
30 19 39
30 20 156
30 21 79
30 22 13
30 25 383
30 32 140
30 33 379
30 38 166
30 45 435
30 46 211
30 48 285
30 49 22
30 53 459
30 55 377
30 60 380
31 1 471
31 9 28
31 18 437
31 19 388
31 21 291
31 24 236
31 25 326
31 35 56
31 44 24
31 46 315
31 53 134
31 55 75
32 1 285
32 4 4
32 6 332
32 13 499
32 17 296
32 18 469
32 20 315
32 21 265
32 26 161
32 28 126
32 32 22
32 35 310
32 42 175
32 47 116
32 48 102
32 49 90
32 53 466
32 54 440
32 55 347
32 56 146
32 60 316
33 3 316
33 5 325
33 6 261
33 8 427
33 17 305
33 20 225
33 22 27
33 26 194
33 31 57
33 34 330
33 35 375
33 38 388
33 39 410
33 42 317
33 43 282
33 44 452
33 46 398
33 47 412
33 48 442
33 51 343
33 53 219
33 55 82
33 60 174
34 1 50
34 2 488
34 3 356
34 4 391
34 7 71
34 8 106
34 10 81
34 13 395
34 14 69
34 22 302
34 23 28
34 24 471
34 25 258
34 26 423
34 27 11
34 28 140
34 29 312
34 30 209
34 32 192
34 33 210
34 35 383
34 40 500
34 41 110
34 42 288
34 43 93
34 46 467
34 48 445
34 50 331
34 51 342
34 54 466
34 55 443
34 58 24
34 59 150
35 6 95
35 7 62
35 9 301
35 10 309
35 11 119
35 12 197
35 14 42
35 17 461
35 21 123
35 22 214
35 26 321
35 29 65
35 34 6
35 36 344
35 40 457
35 41 326
35 44 386
35 46 6
35 47 385
35 49 81
35 50 133
35 52 311
35 54 206
35 56 377
36 5 232
36 8 4
36 11 408
36 12 412
36 17 69
36 18 99
36 19 200
36 24 89
36 26 484
36 27 498
36 28 299
36 29 44
36 33 143
36 34 115
36 36 163
36 37 105
36 39 134
36 40 486
36 47 422
36 48 10
36 50 220
36 51 474
36 53 293
36 54 105
36 57 36
36 59 215
37 2 253
37 3 329
37 4 11
37 8 364
37 9 193
37 12 90
37 15 195
37 21 406
37 23 75
37 25 428
37 27 300
37 28 289
37 30 431
37 37 402
37 38 412
37 39 164
37 42 202
37 43 273
37 44 346
37 46 82
37 49 136
37 50 39
37 51 182
37 52 397
37 53 380
37 54 74
37 58 256
37 59 454
37 60 470
38 3 143
38 5 37
38 14 236
38 24 72
38 25 444
38 26 13
38 27 277
38 29 307
38 30 195
38 32 110
38 34 497
38 36 149
38 39 468
38 42 463
38 43 260
38 44 224
38 45 187
38 47 314
38 50 361
38 52 66
38 56 430
38 59 443
39 7 383
39 9 428
39 13 400
39 15 86
39 18 211
39 19 117
39 21 244
39 23 321
39 24 147
39 26 359
39 28 431
39 32 414
39 36 63
39 39 148
39 40 169
39 41 412
39 43 49
39 45 132
39 46 135
39 48 295
39 52 473
39 53 117
39 59 331
40 7 278
40 15 418
40 20 244
40 39 382
40 44 193
40 55 342
40 56 453
40 57 451
41 11 114
41 12 8
42 6 191
42 34 103
42 39 192
42 49 347
42 58 457
42 59 485
43 1 175
43 3 114
43 4 335
43 6 66
43 8 290
43 12 293
43 16 387
43 20 448
43 21 267
43 22 310
43 23 277
43 25 43
43 27 226
43 28 407
43 31 154
43 32 46
43 33 75
43 34 86
43 37 402
43 38 167
43 43 386
43 44 343
43 46 462
43 47 16
43 51 342
43 54 69
43 56 197
43 57 155
44 2 495
44 3 26
44 6 260
44 8 451
44 9 489
44 10 176
44 11 380
44 12 431
44 16 56
44 17 140
44 18 295
44 19 373
44 20 453
44 23 29
44 24 405
44 26 2
44 29 56
44 30 59
44 35 197
44 36 464
44 37 148
44 39 18
44 42 108
44 44 452
44 46 11
44 47 281
44 50 255
44 51 144
44 52 272
44 53 48
44 55 328
44 56 354
44 57 46
44 58 476
44 59 231
45 2 312
45 5 152
45 6 13
45 7 384
45 9 100
45 12 432
45 13 150
45 14 35
45 18 218
45 21 79
45 23 156
45 26 241
45 27 340
45 29 30
45 30 386
45 32 376
45 34 142
45 38 46
45 42 454
45 43 11
45 44 104
45 45 463
45 46 494
45 48 70
45 51 486
45 52 483
45 53 402
45 54 58
45 58 156
46 8 52
46 9 326
46 24 77
46 30 90
46 36 495
46 40 211
46 54 255
46 59 429
46 60 8
47 3 294
47 8 94
47 9 14
47 10 26
47 11 347
47 15 280
47 16 25
47 17 267
47 20 314
47 23 449
47 25 47
47 26 367
47 27 375
47 32 104
47 33 167
47 38 54
47 40 470
47 42 114
47 43 293
47 44 256
47 45 79
47 46 454
47 48 100
47 49 319
47 53 37
47 54 455
47 55 130
48 2 374
48 3 325
48 10 234
48 17 88
48 19 55
48 20 119
48 23 1
48 28 320
48 31 396
48 36 96
48 43 188
48 47 50
48 48 27
48 49 140
48 57 305
49 2 24
49 5 331
49 6 324
49 7 195
49 8 388
49 10 174
49 13 474
49 14 351
49 16 35
49 17 345
49 19 415
49 21 402
49 23 453
49 25 6
49 27 470
49 28 483
49 30 296
49 31 144
49 32 251
49 33 43
49 38 107
49 42 207
49 43 380
49 47 446
49 50 373
49 53 420
49 54 85
49 56 245
49 57 34
49 59 223
49 60 499
50 1 351
50 3 500
50 5 196
50 7 270
50 19 34
50 20 211
50 24 102
50 26 257
50 29 211
50 38 10
50 49 100
50 51 418
50 54 485
51 1 297
51 13 305
51 14 438
51 17 240
51 20 224
51 23 151
51 36 19
51 37 69
51 53 290
51 56 120
51 57 46
51 58 133
51 60 415
52 4 280
52 5 273
52 7 148
52 8 450
52 9 372
52 10 155
52 13 92
52 14 445
52 16 239
52 17 405
52 18 401
52 20 88
52 24 141
52 26 10
52 28 308
52 29 70
52 30 227
52 32 49
52 33 39
52 36 242
52 37 189
52 38 457
52 40 405
52 41 493
52 42 301
52 43 207
52 47 378
52 48 254
52 50 403
52 52 95
52 53 342
52 54 494
52 56 236
52 57 366
52 58 445
54 3 68
54 23 323
54 27 320
54 29 179
54 32 235
54 35 344
54 38 45
54 39 347
54 41 22
54 46 381
54 50 413
54 51 436
54 52 405
54 55 398
55 3 442
55 7 394
55 10 257
55 14 412
55 20 194
55 23 361
55 31 488
55 33 390
55 41 362
55 46 35
55 58 135
56 7 147
56 13 267
56 16 50
56 18 8
56 21 68
56 23 472
56 26 70
56 29 98
56 31 226
56 36 244
56 37 364
56 42 284
56 43 409
56 44 459
56 60 217
57 35 290
57 48 45
58 6 389
58 7 101
58 9 408
58 11 369
58 12 328
58 14 51
58 15 238
58 18 320
58 19 232
58 20 38
58 21 175
58 23 147
58 25 195
58 27 239
58 31 203
58 32 441
58 34 73
58 35 241
58 38 318
58 39 233
58 40 41
58 46 300
58 49 83
58 50 275
58 52 44
58 54 427
58 58 311
58 59 352
58 60 210
59 1 260
59 6 230
59 8 119
59 9 19
59 15 428
59 24 369
59 27 101
59 29 187
59 30 116
59 31 355
59 34 385
59 35 359
59 38 375
59 40 420
59 42 277
59 44 269
59 46 187
59 49 47
59 60 155
60 47 16
12 72
1 2 27
1 6 237
1 11 141
1 12 275
2 1 203
2 2 124
2 3 29
2 4 285
2 5 305
2 6 128
2 7 223
2 9 84
2 10 211
2 11 160
2 12 447
3 3 419
3 4 252
3 5 475
3 6 413
3 7 95
3 8 301
3 9 255
3 10 251
3 11 387
4 1 22
4 2 333
4 4 361
4 7 440
4 8 483
4 9 107
4 10 362
4 11 220
5 1 490
5 3 345
5 4 105
5 7 63
5 8 129
5 10 279
5 12 333
6 3 305
6 4 123
6 7 138
6 10 48
6 11 163
7 2 420
7 3 491
7 5 276
7 6 117
7 7 12
7 8 310
7 9 38
7 10 217
7 11 376
7 12 481
8 1 270
8 2 408
8 4 337
8 7 268
8 8 365
8 10 171
8 11 479
8 12 62
9 9 478
9 10 320
11 1 10
11 2 207
11 6 201
11 7 345
11 8 88
11 9 370
11 10 320
11 11 71
