262868328 665
873026928 433
933092541 2243
735291126 1214
1175955669 3339
44311518 2908
63916614 1678
312581250 534
1620771291 3682
626912955 3303
1073729097 2956
514283679 52
1221517512 3326
173195019 490
178046280 989
375597630 322
730839969 2978
246314025 1922
600606117 375
141736842 3679
730389852 132
1279582605 447
724188240 1482
1146548025 2091
536039334 1537
918888849 685
472922928 853
979054488 2518
585802269 2990
763048341 2163
1344449466 1616
326784942 1145
115980147 3775
199501857 1558
91273725 711
191249712 298
1597465233 1812
277072020 1591
