5450376 78566688
1506744 1244754
43024254 45916038
22598880 74755170
771305 64636854
5425260 45551070
20100964 87367878
31556115 36730011
7760790 15211440
19093760 6906864
22246290 23451525
506220 8112324
1997688 3535128
30932010 5056938
51893100 17962020
5096988 915417
318453 8533125
1567350 30405120
51539400 1068930
16631937 68165433
2293623 227106
742770 21631680
24568590 29117520
50877430 58608333
356752 63631194
35532105 63382110
8305902 13299132
713250 5321340
42202230 1987566
766080 5933616
20172516 434565
11839704 21263160
26348160 26926380
23767216 57032688
