52085160 46478808
3151264 24103761
3394509 33262149
4166422 15754674
4386714 5255184
30143616 10922400
498996 22758552
1560240 3746250
14873846 978576
29484350 59412750
1582720 25783968
346144 2478741
40838112 56189754
12488073 17440098
27681784 83901792
986076 4041954
11045085 34323975
2779056 22903296
35553408 53977968
954880 3356418
16889600 18186240
676200 5938278
4318548 21265380
6247280 19236744
10109965 14875665
12070850 35577498
8550000 44871750
17890020 1661670
121495 832611
2139760 9300690
1203442 3539124
7294482 17698950
1022406 17515134
210675 2188476
639231 10278378
9724758 9287370
10458720 99030870
748440 13466964
