359043327 54214092
1046522025 399103740
1593464193 378048267
646518051 1257976989
837417672 1349100675
603806949 754346079
1609368327 958649184
150139026 1091383686
63066393 1636975503
474373305 303528897
1388460906 586352412
332886528 714285666
379698696 755996508
202752702 1597415220
1197461259 925440552
279772722 471372525
1399963896 1206013482
1386210321 413907588
521535564 454018014
645067674 300878208
882679437 600956208
818612784 1410266574
272920941 948846636
586152360 739942335
1550553039 714485718
1046672064 1203412806
1106987742 1064426679
637665750 856672677
905185287 342038907
645817869 1154150001
1124442279 1588812984
55014300 1303688871
93274245 1478534319
269870148 690179400
1152349533 1071378486
98275545 1021465512
686578464 951347286
1530797904 666923355
