4
579.92 683.18 1952.5 3013.03 
217.8 268.8 212.4 279.2 
218.6 222.5 232.7 
104.5 393.8 
171.6 
3
61.61 277.12 1139.07 
13.2 325 326.1 
455.5 354.5 
308.4 
16
100.71 346.57 351.1 883.01 973.4 990.23 1600.74 1619.81 1999.91 2773.21 2823.57 2973.55 3000.77 3172.68 3496.92 3608.29 
73.1 441.9 105.7 267.9 309.3 118.7 388.9 189.4 115.7 305 78.7 301.7 249.2 305.8 257.5 219.8 
172.4 222.2 180.3 365.6 242.5 17.6 26.2 47 304 241.3 337.8 438 100.4 288.2 142.3 
300.9 354.5 151.3 66.4 286.6 114.4 208.9 425.2 261.3 205.2 208.8 197.6 354.9 445.5 
184.8 445.4 425 189.7 117.4 207.4 120.3 228.9 80.8 43 153.3 270.2 143.7 
163.5 183.7 276.2 63.8 384.2 458.4 170.9 104.7 258.5 74 367.5 339.6 
122 101.6 99.2 337.4 443.2 53.5 248.5 414.1 96.5 146 55.8 
358.6 382.3 112.7 343.9 194.3 217.2 87.3 298.5 283.5 150.7 
76.1 33.2 358.7 139.2 321.8 418.7 154.1 218.3 401.5 
401.7 270.6 91.9 291 155.2 321.3 149.3 324 
414.7 367.7 458.5 363.7 283.2 331.6 23.9 
72.6 341.8 89.9 316.6 114 361.6 
114 116.8 289.2 348.8 389.1 
174.1 165.1 43.6 293.2 
101.2 170.5 48.1 
376.1 333.7 
146.6 
15
679.93 724.4 844.23 877.54 1063.03 1230.42 1418.35 1815.62 1818.41 1836.52 1974.56 2099.4 2507.99 3453.94 3654.01 
379.1 249.2 413.7 358.2 276.2 267.9 300.8 305.9 85.3 56 273.8 178.6 388.2 285.3 321.2 
235 404.7 169.4 119.7 175.5 173.3 368 74 403.1 371.4 99.4 107.4 39.8 263 
408.7 361.1 165.9 340.3 305.9 160.5 222.9 332.5 62.8 189.9 400 386.3 228.2 
109.4 125.5 124.9 149.9 367.9 363.4 98.9 415.7 135.2 291.4 279.8 206.1 
59.3 348.3 216.9 265.7 90.9 366.6 458.8 222.8 278.9 166.9 374.1 
206.9 242.4 278 251.6 168.2 40.4 204.2 83.1 171.3 43.7 
174.1 278.8 161.2 335.5 295.4 165.8 311.8 427.3 347.3 
419.2 219.2 326.9 382.2 211 137 389.8 147.5 
261.1 316 72.3 132.8 200.4 131 372.4 
366.1 147.6 111.3 189.2 179.2 261.7 
317.7 116.9 315.4 442.5 226.9 
207.9 321.9 267.3 42.7 
109.9 211.3 83.6 
136.2 336.8 
95.8 
10
128.23 544.45 1087.12 2103.31 2647.21 3001.37 3194.35 3618.98 3715.96 3780.48 
225.3 176.1 285.1 225.4 152.6 221.6 158.4 251.5 241.1 69.5 
397.5 243.7 296.5 237.8 385.6 338 333.2 152.3 468 
173.8 112.8 354.8 328.3 399.1 146.5 76.3 339.5 
377.5 108.6 157.3 258.5 313.8 283.1 278.5 
120.5 294.5 195.8 251.2 298.4 222.7 
374.2 193.5 307.7 147.9 387.2 
167 235.8 351.9 323.9 
204.9 37.3 90.4 
23.7 199.2 
32.6 
15
330.76 356.43 356.62 541.25 598.63 721.91 870.76 1214.16 1752.53 1979.63 2459.71 2992.44 3469.89 3597.54 3806.81 
176.8 282.9 77.4 237.9 380.6 459.5 325.6 181.4 236.2 177.7 97.5 288.2 352.9 125.8 188.9 
203.3 221.8 394.1 417.8 85.8 162.6 384.2 393.7 109.1 324.1 371 67 212.6 224.1 
371.7 266.8 440.1 288.2 137.6 410.5 114.4 267.2 158 434.5 187.6 244.3 286.4 
118.6 218.3 274.6 246.4 174.9 180.7 376.2 260.7 120.9 399.7 217.2 193 
93 299.8 230.2 198.5 270.8 100.8 167.8 207.1 377 209.7 214.4 
145.1 160.2 67.3 113.5 378.8 144.6 70.1 291.5 336.2 28 
182.6 255 271.6 214.5 142.1 364.2 53.3 286.6 256.4 
338.4 88.5 430.3 120.6 370.5 348.3 67.6 334.5 
199.9 166.6 131.3 199.2 226.4 379.2 275.7 
191.8 159.5 308.9 190.3 282.5 81.4 
80.3 245.3 351.5 200.2 35.3 
193.9 310.2 364.6 217.9 
380.3 175.2 281.5 
295.8 421.5 
140 
14
91.85 172.53 272.05 712.07 1528.55 1542.07 1712.5 1793.03 1912.31 2183.9 2319.2 2694.37 3143.81 3450.44 
299.4 288.9 211.7 359.9 347 238.9 214.6 183 221.8 323.6 269.6 146.3 389.6 72.4 
417.5 25.4 293.4 246.1 167.2 185.1 280.4 366.9 202 36.7 174.7 256.5 245.7 
259.6 244.3 304 422.8 79.8 71.9 252.8 135.7 107 233 285.4 189.8 
60.3 407.5 115.2 456.6 120.7 193.4 371.9 180.6 277.3 204.7 313.1 
201 204.8 127 88.8 409.1 210.9 335.5 31.1 330.9 376.9 
301.2 271.5 106.9 196.9 113.8 172.4 382.3 317.7 237 
174 88.7 107.4 81.4 329.5 406.8 383.5 176.8 
355 283.2 391.5 119 167.2 56.8 239 
354.4 295 453.1 417.5 217.3 336.5 
89.1 395.2 292.2 237.4 438.5 
132.5 141.7 138.7 178.3 
179.9 393.4 218.7 
186.9 172.1 
84.4 
17
32.04 73.91 405.53 446.76 570.65 734.22 1046.68 1099.4 1165.08 1606.16 1674.61 2028.91 2375.43 2625.8 2743.84 2952.43 3058.34 
368.5 81.9 345.8 14.2 125.1 210.6 433.6 377.6 165.5 189.6 400.5 466.3 391.8 187.1 285.4 238.6 237.6 
370.2 244.6 119.3 322.8 51.9 98.2 135.9 289 214.2 359.6 215.4 311.2 132.1 380.8 250.8 171.8 
295.3 99.7 234.4 255.7 328.7 431.2 375.4 402.8 296.5 206.4 90.2 348.6 208.1 216.2 166.6 
127.3 133.1 238.1 164.1 404.2 125.3 231.1 200.7 180.8 239.8 193.2 190.6 138.8 234.5 
392.6 129.7 112.5 282.3 171.6 363.7 323.5 393.5 67.5 169 221.6 283.9 290.2 
165.3 113.8 340.3 240.6 188.5 382.1 43.3 310 225.9 300.2 332.2 121.2 
344.1 149.4 357.4 162.4 390.1 109.4 328.6 336.6 389.5 249 288 
137.4 309.7 295.4 294.7 248.7 133 339.2 126.8 351.1 341 
225.5 148.7 237.1 201 269.2 370.8 90.8 104.6 300.6 
402.4 44.7 393.3 241.7 280.6 99.5 377.5 117.8 
165.7 452.6 225.4 109.3 227.2 121 372.8 
215.7 322.4 334.4 311.8 190.1 141.4 
138.9 399.3 265.9 183 358.5 
355 171.2 274.3 345.3 
361.6 346.8 431.5 
33.2 231 
190.8 
3
1645.9 2089.1 2503.3 
191.2 334.8 306.8 
339.3 110.5 
214.2 
15
272.17 428.87 489.89 693.59 749.21 1358.24 1553.24 1570.46 1644.63 1962.92 2251.24 2263.85 2896.41 3001.52 3550.82 
194.7 252.3 119.6 420 108.9 166.1 390.7 322.9 277.4 168.9 134.1 66.5 142.1 249 377.5 
436.6 230.5 79 176.3 56.7 222.5 58.7 180.2 441.9 302.3 79.2 142.7 189.6 309.9 
109.5 155.3 391.1 408.5 294.7 367.6 282.8 105.6 72.4 106.6 177.9 226 242 
344.1 305.4 332.6 205.5 196.8 107.8 349.2 107.2 370.1 320.2 466.6 85.7 
276.8 206.7 127.9 106 351.7 365.5 262.3 175.5 268.2 67.7 198.8 
41.3 105.4 272.5 204.3 204.7 57.4 396.8 387.6 272.1 275.5 
307.7 250.5 102.4 293.3 297.5 134.4 405.6 110.2 305.7 
327.7 434.1 310 31.7 298.9 167 294 61.7 
149.2 351.8 189.5 337.5 166.8 405.4 356.3 
127.2 225.5 358.7 155.2 117.2 219.7 
430.4 209.3 170.6 133.8 48.7 
312.1 146.7 67.4 31 
102.7 313.8 286.4 
200.1 179.7 
234 
7
484.26 906.74 1379.09 2340.41 2512.3 2709.98 3236.59 
287.6 195.4 445.7 187.4 323.1 302.5 182.7 
393 298.2 195.7 167.1 248.3 304.2 
135.6 302.6 77 190.4 170.5 
184.7 373.5 296.6 423.1 
87.3 38.5 228.6 
340.1 251.6 
164.5 
10
703.81 800.92 814.7 1249.22 1313.82 1534.44 1891.84 1928 3273.97 3531.09 
358.8 156.2 446.6 281.4 323.9 162.3 329.3 263.8 392.9 361.2 
286.7 369.3 74.4 192 34.3 148.5 188.7 244.3 65.6 
97.8 70.9 32.7 342.7 185.6 281.7 138.2 242.4 
223.9 293.5 179.1 144.5 441.7 210.9 48 
102.3 227 310.9 175.2 447.4 226.7 
133.4 253.2 326.1 290.4 94 
113.1 278.7 104.9 353.9 
90.3 198.6 142.7 
106.7 238.8 
47.1 
13
594.91 635.57 673.34 933.82 1154.1 1182.72 1222.13 2122.23 2451.76 2678.21 3071.72 3163.32 3803.93 
154.5 156.9 151 83.8 406.4 358.9 111.8 111.6 41.9 167.1 139.1 239 275.6 
326.9 371.9 128.9 195.5 323.1 423.5 440.7 150.5 130 122 254.1 372.8 
343.7 342.8 221.3 143.1 412.5 95.6 46.5 251.1 336.5 257.5 101.4 
307.5 178.8 104.1 121.1 302.2 27.6 116.3 279.6 238.5 180.9 
142.2 402.2 217.4 252.1 157.6 73.1 366.1 115.4 302.2 
120.2 355.8 165.2 201.3 146.1 84.7 301.3 320 
102 394.9 386.1 228.5 143.6 376 55.8 
265.7 212.1 326.2 304.5 323.8 274.4 
322.9 401.9 180.5 88.4 361.7 
384.7 133.7 286.8 156.6 
451.7 331.3 165.6 
364.2 357 
205.5 
8
385.22 1557.18 2247.58 2871.74 2914.41 3495.27 3647.04 3783.1 
184.2 355.1 127.1 272.6 215 137.1 111.1 134.8 
282.3 217.6 399 466.4 54.8 268.3 175.9 
438.5 215 264.6 131 47.1 326.9 
378.6 148.8 208.6 85.5 280.8 
240.3 237.3 158 251.9 
282 239.8 246.9 
395 158.7 
73.8 
14
87.93 98.53 142.43 146.46 531.81 742.45 1228.75 1746.32 2600.34 2867.53 2929.61 3064.48 3171.38 3459.23 
63.4 143 383 112.1 283 277 324.8 383.1 114.6 90.2 395.8 86.1 207.5 272.6 
350.5 302.5 242.4 170.8 197 231.3 413.1 292 370.7 392.8 239.9 78.9 85.5 
169.8 254 398.2 107.9 25.7 404.8 447.3 196.7 67.9 288.3 324.1 376.8 
291.4 92.3 210.9 401.7 363 10.4 350.7 43.3 286.5 243.4 127.6 
432.6 244.3 331.7 394.7 214.1 119.9 220.1 368.5 222.9 172.7 
455.6 436.7 99.5 173.9 304.1 362.2 63 128 326.5 
260.3 321.2 100.7 187.4 345.8 145.4 63.2 232.3 
242.9 146.9 68.4 213.9 186.5 393.6 156.8 
257.4 98.2 335.8 113.9 124.7 145.2 
412 354.7 154 357.3 297.6 
105.4 52.3 426.5 337.9 
137.6 179.5 313.4 
195.5 396.7 
47.5 
