12
48.3 242.29 325.09 571.89 750.91 1142.42 2004.36 2759.96 2828.54 3007.79 3429.82 3558.95 
323.2 389.2 280.2 270.9 200.5 87 167.1 90.8 170.5 189.8 30.9 449.7 
67 143.5 183.9 243 274.8 87 155.3 124.7 275.7 390.9 167.9 
92.7 389.2 245.9 170.7 338.5 232.9 362.3 301.7 190.4 286.9 
107.6 32.8 397.7 267.1 272.3 240.4 169.2 326 143.8 
116.1 303 192.1 149.2 350.3 262.6 140.6 194.5 
65.2 116.2 65.7 128 276.2 310.9 373 
244.7 55 365.1 180.1 168.6 106.6 
44.6 56.4 230.4 204.5 193.6 
294.8 108.2 67.7 157.4 
219.7 314.5 319.1 
358.1 288.6 
422.3 
8
557.49 1047.79 1920.06 2141.26 2802.96 3305.21 3586.78 3775.27 
411.9 26.8 269.4 277.4 310.5 74.5 288.9 178.1 
235.7 419.7 332.3 61.9 359 278.2 227.8 
297.5 330.3 288.7 193.2 352 295.3 
38.6 104.3 218.7 213.6 86.3 
216.9 131.2 263.5 170.4 
102.9 373.1 137.3 
286.5 273.2 
225.7 
3
334.39 1567.97 3573.01 
101.2 347 44.6 
66.8 250.5 
81.5 
8
708.1 871.29 1042.5 2079.65 2158.8 2263.44 2584.56 3241.79 
282.5 28.7 59.2 124.8 231.2 396.7 126.1 339.2 
200.7 46.5 108.8 253.9 27.1 192 163.8 
249.4 169.3 341.7 42 389.9 212.8 
237.5 63.3 67.1 263.8 395.9 
282.8 85.2 64.7 378.9 
365.4 316.5 375 
326.1 155.2 
161.5 
4
1509.52 2641.14 2854.73 3196.21 
260.8 306.7 257.3 182.5 
93.7 126.3 278.9 
174.7 300.5 
240.4 
17
154.39 174.52 302.35 485.88 510.76 878.61 947.18 1547.49 1579.12 2129.31 2250.68 2652.7 2911.4 2979.48 3419.34 3839.62 3843.4 
155.3 340.2 286.7 122.3 299.8 340.8 151.2 241.1 103.3 181 235.6 183.2 249.2 198.6 137.7 88.2 162.4 
246.6 87.8 44.8 319.1 335.5 80.2 45.6 361.4 178.3 256.7 336.2 61.1 90.9 454.8 337.2 413.3 
158.7 289.5 113.6 62.9 153.3 264.4 406.6 311 76 222.1 96.1 71.9 159 147.1 386.3 
119.7 196.3 403.1 83.4 141.6 434.4 200 413 212.9 453 59.9 222.5 44.4 159.2 
439.7 83.6 182.2 372.9 131.7 292.4 300.6 189.1 432.3 111.2 291.2 337.7 209.5 
377.2 270.2 197.7 341.2 386.6 314.9 115 190.5 424.6 171.1 403.7 361.4 
280.9 329.1 313.6 325 348.5 132.3 377.6 335.4 244 371.4 147.8 
336.4 104.7 383.9 407.7 307.5 74.2 152 356 353.8 254.7 
63.2 322.5 260.1 367.5 386.3 183.8 268.9 107.3 148.1 
341.2 162.4 311.4 317.1 201.2 144.7 413.1 308.7 
53.5 371.3 362.7 293.8 221 227.7 276.5 
198.9 113.9 207.2 252.8 50.6 308.9 
223.2 299.8 71.6 304.2 96.2 
419.7 41.1 300.7 92.3 
150 306 149.9 
71.8 128.7 
190.7 
15
244.8 268.77 360.9 364.11 901.4 1003.26 1100.59 1459.54 1551.43 2186.49 2447.41 2553.54 2662.09 3653.64 3802.44 
398.7 301.5 393.4 90.4 385.9 168.6 372.4 280.1 370.9 182.6 49.4 155.7 306.7 415.2 213 
454.1 427.4 304.2 351.2 353.6 406.2 281.5 68.5 315.3 301.9 387.8 377.5 155 204.5 
160.2 314.7 230.9 404.5 309.8 247.3 286 102.3 338.5 198 217.6 128.4 441.8 
149.3 317.8 413.7 80.2 273.5 68.5 270.5 170.5 390.3 119 365.4 275.9 
405.1 90.5 123.6 64.1 72.7 402.7 234.5 67.8 414.9 417 214.1 
279.5 261.2 174.1 186.1 230.3 303.1 330.6 186 338.4 79.1 
324.6 232.5 86.8 271.4 373.4 94.1 252.4 96.6 374.1 
182.8 124.8 303.9 238.1 155.6 187.8 213.5 181.6 
110.8 321.3 304.6 120.4 289.3 384.4 277.1 
134.9 223.6 20.7 124.1 157.6 154.7 
45.4 206 132.3 251 390.8 
260.5 465.7 214.4 87.5 
113.8 66 354.2 
128.4 222.5 
177.3 
12
572.6 735.92 1160.65 1315.13 1549.68 2038.08 2089.82 2106.42 2138.33 2597.84 2615.53 3513.14 
77.4 358.1 232.2 264 277.3 240.7 143.4 362.5 175.8 113 192.2 223.8 
290.1 377.6 291.6 267.9 245.1 397.7 209.1 351.2 296.6 213.9 117.2 
73.3 119.6 67.2 286.9 272 187 348.8 277.7 111.3 202 
211.5 359.1 157.4 252.2 365.5 121.4 233.4 318.5 196.6 
148.9 381 324.2 314.4 147 81.6 114.8 230.6 
255.7 221.1 162.8 422.5 431 204.9 122 
283 284.5 257.6 156.3 184.7 105.8 
316 323.1 256.4 291.7 450.1 
128.3 389.7 208.1 373.3 
120.2 156.2 124 
250.8 374.4 
264.4 
4
2560.12 2930.74 3569.56 3696 
76.2 450 285.9 160.7 
276 197.2 142.9 
125.4 190.2 
188.6 
4
173.37 262.56 487.97 1069.81 
385.4 387 373.2 371.5 
386.1 161.2 220.5 
223.5 152.2 
196.3 
12
301.11 568.09 1062.8 1106.66 1271.33 1529.66 1919.26 2364.6 2371.46 2793.09 2842.29 3497.48 
424.7 360.8 100.8 194.5 158 228.8 228.8 406.4 138.4 356.2 251.4 288.7 
173.9 297.9 219.2 176.3 93.5 308.6 306.9 408.9 103.9 380.2 319.8 
289.3 135 176.2 237.7 429.9 31.3 272.6 109.2 147.9 127 
323.5 262.5 138 447.9 411.6 418.6 167 74.5 285.9 
112 241.1 141.4 378.1 150.4 209 406.1 89 
259.9 417.9 178.2 41.5 119.9 91.5 319.5 
241 125.8 152.1 340 282.3 261.4 
37.5 52.6 391.7 268.5 28.3 
216.9 372.2 198.7 126.5 
338.8 179.7 174.1 
391.7 338.5 
144.1 
8
205.96 1645.6 2101.08 2409.96 2493.91 2934.33 2995.03 3192.78 
101.1 78.6 385.3 217.7 279.8 336.4 144.1 330.9 
245.7 102.1 351.4 315.4 245.9 156.5 333.5 
355.6 416.5 230.9 91.7 177.1 244.1 
147.5 281.6 135.5 109.4 192.2 
57.9 425.4 237.4 236.3 
137.4 315.9 195.8 
106.1 297.2 
353.5 
14
37.15 472.77 560.12 1109.6 1157.58 1700.97 1916.4 2177.7 2213.94 2287.51 2916.53 3717.24 3750.3 3759.2 
240.9 293.8 22.9 244.3 80.9 379.2 362.5 257.2 210.5 137.2 287.2 363.6 349.3 211.7 
216.3 375.5 48.2 140.3 160 122.5 134.7 406.8 104.7 334.4 149.9 386.2 389.2 
116.6 278.6 116.8 327.9 258.1 262.3 375.5 391.7 218.9 341.9 184.7 142.6 
87.5 207.6 327.1 325 257.4 87.5 208.1 336.8 168.2 176.7 347.3 
305.1 353.4 229.9 297.3 38.7 108.1 108.8 63.3 298.2 274.7 
279.5 64.4 36.1 89.6 165.3 117.9 163.8 369 33.8 
447 309.6 278 392.4 155.4 94.8 375.9 58.5 
54.1 358.3 414.6 122.3 294.7 152.9 98.7 
168.7 212.1 82.7 346.3 223.8 391.2 
260.1 97.6 314.9 148.1 29 
174.4 399.3 134.2 329 
183.8 185.2 15.2 
283.8 145.4 
395.6 
4
238.71 1993.27 2833.83 3174.73 
344.3 202.7 284.8 117.7 
255.5 299.9 361 
329 253.2 
100.4 
4
29.19 3056.54 3152.45 3671.81 
256.2 37.1 252.2 226 
335.1 241.2 157.2 
97.8 286.9 
431.1 
