6
397.5 1352.42 1544.51 1622.37 2414.1 2941.12 
345.7 391 328.2 207.9 202.3 82 
148.1 444 247.7 102.7 242.2 
140.9 99 127.5 431.5 
118.9 403.3 90.4 
278.3 159.9 
369.5 
8
247.54 424.47 1946.01 2058.62 2258.32 2845.08 3235.15 3798.35 
364.5 286.6 151.4 345.3 77.1 343.6 290.6 252.6 
323 266.1 129.6 261.6 303.3 300.2 275.2 
68.9 160.1 237.4 81.6 411 449.1 
92.8 72 389.7 354.9 311.7 
142 261 221.5 266.2 
114.2 268.1 306.2 
205 383.6 
177.9 
15
25.83 32.59 132.45 393.87 802.78 1268.17 1621.01 2132.75 2659.12 2911.71 2943.26 2970.45 3034.7 3390.84 3700.14 
372.2 241.5 57.7 307.5 245.5 348.7 179.7 105.3 287.4 31 159.9 434.9 88.8 337.1 182.1 
214.6 282.4 263.1 169.1 240 130.1 437.2 304.4 313 256.1 273.4 286.2 464.8 157.7 
83.1 87.6 100.2 56.8 261.4 71.1 150 185 421.5 340.4 152.8 275.8 157.3 
69.9 110.8 337.4 427.7 129.4 294.1 219.2 96 186.5 295.8 147.3 205.2 
219.5 427.3 288.7 279 325.3 215.3 312.1 273.3 353.6 345.9 278.9 
296.1 317.6 115 337.3 106.7 198.9 31.8 372.6 210.1 65.9 
286.3 306.6 300.7 194.4 152.4 111 102.2 238.5 421.6 
151.7 204.4 48.4 423.2 203.2 216.8 275.1 435.7 
111.7 71.4 320.8 304.3 216.9 144.8 155.8 
202.1 198.1 209 241.6 308.1 58.6 
149.9 205.7 129.7 460.6 69.7 
368.5 35.8 236.1 215.3 
297.4 252.1 312.7 
210.2 47.7 
329.9 
17
65.39 210.16 783.01 833.17 1105.13 1486.88 1889.4 2145.84 2386.85 2801.61 2896.5 2933.09 3049.82 3229.48 3601.74 3720.72 3739.07 
279.5 414.2 367.9 330.3 258.7 376.8 123.3 95.8 162 323.8 358.9 327.7 143.9 249 428 260.5 250.7 
301.4 74.2 401.5 383.8 377.3 437.7 148.3 81.1 269.3 74.9 411 363.1 58.3 350.3 388.7 226.4 
66.7 123.8 40.9 220.5 142.9 369 420.7 221.6 74.5 295.4 180.7 303.3 167.3 204.7 284.5 
325.4 264.2 183.8 143.7 142.2 200.1 125 175.7 402 236.8 198.5 169.4 216.9 208.6 
110.2 170.4 189.4 251.3 237.2 96.8 384.8 191.7 187.9 195.1 340 130.4 96.2 
115.1 328.5 230.4 129.5 277.6 231 141.6 410.3 270.6 411.8 355.5 174.3 
175.4 256.3 210.5 187.4 62.6 284.8 135.5 318.9 81.6 330.2 207.7 
130 171.4 136.1 130.9 79.5 117.4 80.4 135.3 229.9 337.4 
330.7 240.3 203.2 300.5 405.9 216.6 164.7 332.6 127.3 
312.9 433.6 167.5 122.8 197 351.5 191.5 194.4 
191 186 152 342 205.3 325.8 106.3 
338.7 196.4 315.1 100.8 137.9 211.6 
339.5 415 199.5 49 111.1 
420.2 257.7 299 278.6 
117.9 229.8 441.3 
129.6 426.6 
302.6 
12
68.4 110.14 853.18 1237.37 1265.03 1309.34 1754.67 1863.22 2113.59 2374.26 2595.14 3784.08 
91.1 289.2 333.4 126.6 279.4 129 214.2 403.3 106.7 328.3 279.8 414.4 
196.7 258.8 245.1 134.8 288.4 29.7 308 297.6 313.6 208.2 84.2 
322.6 233.8 315.3 78.8 125.5 185.6 275.2 260.6 158.5 114 
279.5 339.6 412 365.1 415.4 424.8 378 378.1 198.8 
123.7 67.8 384.9 400.2 81.9 443.7 221.1 360.9 
164.2 395.2 394.5 106.9 49.1 380.3 280.5 
205.8 274.7 92.2 233.2 97.8 160.9 
365.1 163.2 245.4 307 137.5 
398.2 172.5 435.8 94.3 
69.3 42.8 164.7 
127.7 114.3 
249.6 
13
212.19 264.4 324.62 829.66 1027.82 1030.81 2145.81 2717.57 3169.18 3624.01 3682.24 3717.86 3858.32 
122.3 354 374.2 389.1 351.3 130.2 235.1 337.6 351.6 304.3 282.4 147.1 189.8 
95.8 125.6 339.2 218.4 350.6 68.9 242.8 407.1 370.9 292.2 64.9 185.9 
423.4 198.6 399.4 145.8 159.7 154.1 419 56.3 135.6 228.2 96.8 
331.5 429.8 410.5 157.4 222 139.8 66.8 450.3 60.7 72.1 
267.8 186 255.2 291.3 311.7 54.2 250.7 235.2 243.9 
402.6 37.2 134.8 255.8 422.2 85.1 206.1 101.9 
362.7 282.4 390.1 115.8 353.5 323.9 220 
219.6 150.8 334.9 67.2 164.6 201.7 
333.2 230.3 131.9 426.3 283 
268 249.5 88.1 339.5 
355.2 425.3 320.9 
188.9 355.9 
281.4 
15
303 874.82 1173.22 1280.95 1377.17 1650.39 1754.75 2245.27 3119.4 3318.56 3360.49 3460.7 3500.98 3600.01 3706.5 
432.1 95.2 356.3 360.8 327.7 251.1 156.8 193.3 339.7 234.5 198.5 84.4 393.5 391.8 206.6 
325.2 279.3 388.3 115.3 406.4 22.5 301.8 243.2 159.8 233.6 372.2 327.6 114 96.6 
88.4 353.9 169.8 260.2 373.6 364.2 121.5 278.8 117.5 387.2 103.1 300.4 228.5 
103.8 348.4 244.8 186.2 393.9 183.4 180.3 201.8 288.9 72.7 110.6 443.6 
215.8 168.2 275.8 268.3 96.1 298.9 249.3 348.1 22.3 194.4 144.2 
272.7 264.6 109.9 177.7 367.1 208.9 129.3 73.4 305.5 203.3 
52.9 99.4 184.7 302 240.4 393.1 304 424.3 299.7 
404.8 326.1 182.9 45.6 106.4 312.9 370.4 205.1 
98.9 279.6 332.9 213.4 283.8 224.8 406.1 
112.2 415.1 235.5 372.5 166.5 389.5 
131.9 375 193.1 227.8 134.6 
261.6 404.8 126.8 384.3 
250 82.3 107.5 
360.4 354.3 
130.4 
3
671.8 1666.92 2175.41 
50.5 79.6 181.5 
336 142.3 
279.8 
16
144.92 289.69 312.36 617.41 805.07 1372.95 1436.55 1878.37 2043.34 2081.06 2232.13 2367.51 3462.27 3577.74 3631.54 3763.67 
219.3 210.8 127 257.6 183.2 179.3 132.2 31.9 207.3 379.2 338.7 96.6 245.3 98.8 321.2 255.6 
161 111.6 81.8 81.9 251.6 375.1 97.5 230.1 129.4 295.4 354.3 273.2 168.2 283.7 264.2 
140.6 356.6 43.6 177 174.5 155 148.6 65.2 78.5 379 167.1 310.3 273.1 252.7 
356.6 212.7 320.7 455.7 281 246.8 221.5 362.4 199.2 234 49.5 381.6 58.2 
137.4 145.6 264.9 429.9 346.9 132.9 96.1 226 43.1 380.3 203.4 377.9 
306 55.8 203.1 394 407.2 352.2 387.1 117.5 367.4 367.2 403.8 
218.4 384.2 246.6 87.9 81 150 287.5 289.9 234.8 251.3 
111 88.3 163.3 336.1 72.7 63.7 73.8 251.3 208.9 
111.9 259 321.6 158.4 321.6 130.6 419.8 340 
336.7 219.9 232.9 401.9 267.3 91.6 329.6 
82.6 354.2 226.2 199 137.4 104.2 
281.2 317.9 398.6 56.4 128.6 
316.6 170 200.2 294.2 
136.7 319.2 267.7 
353 383.7 
209 
16
160.11 1198.75 1442.26 1665.8 1671.11 1792.26 1831.56 1877.77 1924.01 2069.32 2604.84 2733.77 2739.96 2947.49 3121.99 3554.63 
142.1 251.3 280.7 221.2 312.9 217.9 164.9 419.9 178.9 61.3 139.6 194.6 144.2 250.4 49.4 355.5 
72.9 309 255.5 379.3 378.1 50.7 163.2 365.3 379.5 203.4 368 215.7 204.2 383.8 341.2 
132.9 318.7 69.5 328.5 158.2 103.6 146 277.1 52.5 170.7 286.4 207.5 157.1 275.3 
318.5 212.7 309.1 142.3 170.6 116.6 295.4 353.1 221.4 251 252.5 125.2 217.5 
274.4 143.6 184.6 100 271.8 253.3 355.1 387.2 156.6 71.2 313.2 416.9 
254.1 462.9 246 75.2 239.2 213.6 244.8 328.6 108.3 244.1 272.6 
415.9 210.2 254.3 163.8 140.3 110 98.5 342.1 180.9 54 
392.9 415.2 256.5 209.3 212.5 210.8 173.5 272.4 127 
74.8 243.7 195.5 110.7 161.8 33.4 281.9 127.7 
423.5 111.4 80.4 49.8 82.5 400.8 340.3 
238.5 378.1 357.5 336.3 184.6 407.8 
145.1 122.4 105.4 340.3 228.7 
214.3 378.2 395.5 161.3 
259.9 368.5 358.6 
211.9 66 
19.6 
15
262.96 784.12 1100.99 1240.83 1358.97 1412.38 2003.26 2076.61 2095.99 2331.21 2570.26 2917.18 3191.25 3492.51 3563.56 
377 79.4 83.9 316 279.8 108.7 329.1 171.6 283.9 81 285.6 49.2 230.1 148.9 30.4 
39.4 337.5 377.4 329.3 106.8 118.7 376.3 297.4 163.3 297.1 381.3 364.2 128.1 361.9 
134.5 382 230 385 163 150 319.9 226.7 226.5 243.3 382.3 188.8 319.8 
153.6 173.1 388.9 326.6 171.6 220.2 326.1 97.9 197.4 129.3 163.8 64 
228.8 260.4 365 23.1 163.4 44.3 121.6 440.1 59.3 372.9 54.6 
193.1 44.4 351.4 284 216.9 197.2 387.4 408.1 148.2 231.6 
180.4 144.9 127.1 157.7 382.9 140.6 238.5 232.9 286.6 
407.8 128.8 201.5 449.9 252.8 103.7 69.8 115.6 
222.4 368.3 165.2 160 239.1 353.4 253.5 
192.9 401.6 458.7 394.5 97.2 177.7 
239.8 118.9 197.2 375.7 58.1 
65.3 381.6 292.1 203.2 
78.2 203.5 217.2 
213.6 132.9 
177.2 
17
705.29 709.73 952.47 1534.28 1818.71 1998.33 2088.79 2383.9 2392.04 2872.8 3152.33 3273.03 3283.61 3376.43 3442.25 3446.28 3723.29 
48.4 107.8 73.3 397.1 278.2 53.6 68.6 276.6 236 400 375 311.2 41.5 258.6 135.5 241.6 279.8 
375.8 416.8 344.1 197.6 127.4 351.3 278.8 300.6 272.8 238.2 437.1 195.7 166.2 282 176 48 
230.2 369 401.3 214.3 196.4 423.2 296.6 291.8 382.7 213.1 396.5 338.6 327.5 18.4 232.5 
264.2 276.7 143.4 89.8 318.4 89.4 29.1 94.1 198 305 96.5 50.3 289.6 150.8 
341.1 244.6 461 324.1 313.7 294.5 247.7 354 29.2 194.8 303.6 91.8 427 
180 72.8 364.5 65.7 176.7 188.4 330.1 135.4 123.5 46.8 142.3 327.6 
253.2 175.8 145 166.4 232.5 251.2 222.4 267.2 357.9 354.4 435.1 
380.1 124.3 400.9 421.4 277.8 238 40.5 280.7 395.2 333.8 
385.4 91.8 320.5 140.7 304.6 408.5 40.7 316.6 127.8 
437.3 235.4 340.3 326.7 149.7 105.4 128.8 442.2 
210.8 103.8 186.8 198.1 66.4 322.4 165.9 
357.9 186.9 380.1 401.8 265.7 39.7 
375.1 329.4 268.8 449.8 167.4 
105.7 337.9 338.5 412.8 
95.1 197.6 317.2 
415.9 420.5 
89 
17
483.54 522.82 606.48 708.87 712.68 935.9 1049 1251.74 1320.51 1968.6 2348.65 2379.03 2388.82 2550.4 3033.53 3185.73 3212.05 
385.7 124.8 5.7 372.9 156.4 85.9 9.3 65.9 294.8 90.8 266.3 100.3 278.1 399.5 380.7 132.1 209 
290.1 315.1 150.1 82.2 357.5 140.8 141.2 185.9 318.9 54.8 319.2 79.6 143.6 170 263.9 79.5 
333.2 189.6 65.1 42.2 128.8 112.3 310.3 277.9 215.9 152.6 174.9 404.2 306 392.8 322.7 
153.9 369 422.7 434.1 359.6 251.4 272.5 85.4 330 76.9 315.6 185.5 249.6 375.7 
397.5 380.3 105.5 331.4 289.3 349.4 84.6 126.2 185.3 202.3 216.3 262.4 114 
342.6 114.4 397.4 396.5 251.5 419.1 169 237.1 380.6 379.5 38.2 420.6 
190.1 404.6 179 108.6 427.9 26.6 243 134.3 405.6 292.7 383.4 
198.4 368.8 138.7 182.2 88.1 404.5 153.5 173 153.8 217.4 
190.5 371.9 211.1 444.9 203.7 236.3 393.5 117.9 358.5 
255.6 239.1 378.5 263.1 54.3 222.1 127.6 273.3 
38.7 86.4 417.3 387.1 319.2 318.9 124.5 
249.4 180.7 95.5 343.6 308.2 55.1 
265.2 186 185 450.5 340 
251.9 413.9 310.6 332.1 
446.3 220.7 432.6 
199.2 84.3 
288.7 
10
865.35 884.53 1092.09 1850.47 1870.02 2000.97 2336.86 2399.54 3140.34 3683.11 
306.2 277.1 78 116.1 122.8 300.3 383.4 169.5 250.3 290.4 
296.5 119.9 192.2 126.6 247.7 157 366.5 173.6 142.2 
236.2 353.8 365.3 410.6 374.1 276.5 167.9 244.9 
200.8 335.7 326.5 185 123.8 188.4 180.2 
197.3 292.6 212.2 37 80.2 253.9 
138.4 309.7 32.2 390.3 356.6 
295.2 153.7 156.4 200.2 
293.1 441.4 255.1 
420.2 200.4 
191.2 
14
308.7 444.11 682.42 982.2 1019.04 1161.04 1244.89 1769.95 1931.7 1951.34 1959.31 2310.78 2987.48 3814.92 
178.6 322.2 130 89.9 438.6 239.4 380.8 164.7 336.5 399.6 52.2 150.7 266.4 322.6 
138.9 275.6 281.3 360.2 144 222 256.9 131.4 264 384.8 316.6 430.9 32.1 
137.6 194 197.2 148.8 386.1 91.4 209.9 395.3 237.5 367.5 49.8 441 
209.5 243 194.9 168.9 155.5 93.7 421.4 221.2 85.5 450.6 96.9 
342.6 201.7 105.1 50.2 392.1 98 282.8 276.6 198.4 82.3 
320.9 92.5 359.9 173.2 261.5 353.2 335.7 279 372.9 
74.5 193.4 232.3 81.5 58 238 250.1 93.7 
430.1 286 156.4 388.4 162.6 428.2 161.2 
252.6 200.5 250.7 170.1 129.4 122.8 
199.3 399.4 300.2 213.2 73.8 
245.3 207.8 98.4 122 
449.4 177.7 150 
243.9 115.6 
437.5 
