16
148.14 170.14 377.1 551.24 746.24 1243.73 1370.74 1387.04 1456.95 1846.72 1860.36 2077.33 2506 3534.5 3776.2 3786.19 
410 82.7 159.6 353.6 268.5 301.9 187.8 362 158.9 403.1 314.5 188.6 99.8 296 402.1 414.4 
31.3 272.9 231 216.1 414.6 165.3 224.1 179.8 62 348.5 142.3 341.1 98 65.1 173.3 
406.1 180.3 334.3 61.8 213.8 227.8 148.4 134.4 276.6 389.6 179.8 303.6 230.5 271.2 
284.1 406.3 99.6 213.3 161 224.9 347.1 147.3 183.7 95.3 257.3 251.1 155.5 
246.2 94.3 100 405.3 58.8 358.4 170.5 221.1 140.5 349.4 267.9 65.5 
166 235.8 253.7 56.8 285.7 370.1 222.8 200 347.2 335.7 89.7 
273.3 160.7 247.7 109.8 40.6 86.5 349.6 248 131.4 445.5 
263.9 98.4 171.3 399.8 289.4 63.9 369.7 298 108.8 
379.2 176.9 345.9 299.6 61 57 138.5 309.8 
77.4 138.1 333.2 143.1 91.3 153.1 360.3 
194 244.7 316.8 157.4 409.1 151.1 
85.1 265.8 283.3 247.4 340.3 
355.1 116.4 403.7 220.8 
159.5 222.9 340.5 
202.5 347.9 
63.6 
16
102.83 298.33 1135.33 1312.8 1386.55 1406.19 1960.58 2158.92 2300.14 2605.59 2799.17 2939.27 3088.12 3702.37 3782.17 3844.42 
76.9 252.7 417.6 96.3 263.8 176.6 182.2 410 183.6 112.1 55.2 355 144.2 119.7 285.1 106.1 
27.7 120.1 27.4 221.3 272.4 248.2 409.7 137.5 144.7 178.4 397 411.4 202.2 320.5 94.9 
294 186.9 234.7 149 48.8 175.1 53.2 80.2 386.8 378.5 348.3 139.2 200.4 215.3 
304.7 214.1 400.8 169 308.6 320.8 155.5 250.6 51.2 166.4 202.2 289.7 315.3 
353.1 95.4 247.5 125 190.6 402.5 382.8 419.9 143.5 108.9 282.7 379.2 
400.9 259.9 159.2 329.6 389.3 171.9 378.4 301.6 351.5 385.1 251.9 
12.1 323.7 65.3 346.8 371.4 162.5 223.2 431.1 217.2 209.6 
52.2 101.2 354 105.2 259.1 104.7 337.4 350.4 101.9 
123.8 300.7 204.5 331.4 433.2 150.2 256.9 382.5 
207.8 395.4 172.9 220.8 62.3 284.4 375.7 
346.3 120.3 310.8 386.1 216.3 314.3 
426.9 215.4 350.1 82.9 270.3 
205.4 32.9 300.2 394 
80 362.4 153.1 
346.8 78.4 
441.2 
15
167.24 264.36 328.29 712.51 855.1 1048.28 1925.11 2029.51 2365.87 2512.21 2656.38 2981.55 3685.4 3715.23 3798.74 
140.7 259.7 101.4 338 315.5 197.2 276.5 135 231.9 77.2 177 91.2 308.7 437 159.4 
340.8 121.2 437.6 240.9 149 407.6 362.9 326.3 341 329 178.4 154.1 441.8 161.4 
166.2 372.5 78.3 147.1 184.6 85.9 404.1 92.6 244 125.7 315.5 431.4 267.3 
363.1 102.4 153.7 192 306.2 156.5 151.4 284.3 255.6 313.2 326.7 246.7 
189.9 140.2 209.2 389.8 131.8 381.5 263.4 225.6 51.5 291.4 201.7 
238.5 288.8 181.3 269.4 361.5 174.2 429.6 193.6 35.8 153.2 
382.6 121.3 359.2 313.7 390.7 268.1 192.9 246.4 150 
360.9 398.1 160 292.4 84.1 307 304 380.6 
109.1 197.7 75 188.7 190.1 413.1 117.7 
60.5 302.5 376.8 249.4 93.7 22.7 
128.5 347.9 348.2 417.5 343.9 
398 269.9 115.7 233.2 
83.3 238.9 133.8 
127.5 372.9 
415.9 
3
1667.95 2707.31 2748.01 
292.1 409.4 445.3 
268.8 400.7 
370 
16
169.99 183.76 318.29 419.57 586.67 765.66 962.86 1349.37 1668.02 1855.09 2193.33 2481.17 2686.79 3214.52 3467.45 3492.45 
457.5 367.6 400.2 218.7 339.4 78 415.6 399.7 384.9 253.5 148.6 161.3 168.4 128.2 379.9 315.1 
102.1 287.9 384.9 43.9 370.9 164.9 153.7 319.3 306.5 201.7 241.3 386.1 120.2 239.8 193.3 
293.4 113.5 122.8 118.4 140.8 68.6 383.1 90 377.2 164.3 249.7 206.1 398.5 53.6 
267.5 21.2 293.9 429.5 272.9 174.7 122.9 181.8 233.7 408.7 422.9 370.5 238.6 
199.6 369.8 160 71.3 433.4 69.2 209.3 86.9 62.5 355.3 428.5 278.8 
330.1 46.3 452.5 253.5 217.3 360.1 288 118.3 334 341.2 373.7 
316.4 96.9 91.6 322.6 306.8 160.6 316.3 240.7 198.2 303.8 
365.6 138.2 285.8 78.4 64.6 255.5 133.7 128.7 369 
374.3 110.6 113.9 81 95.8 101.5 216.4 19.8 
313.8 196.7 213.1 122.9 226.6 333.1 252.8 
435.3 225.6 265.9 192.4 148.1 164.4 
126.5 160.8 209.6 203.6 11.7 
235.4 30.6 70.8 144.9 
152.2 114.7 165.9 
91.8 60.2 
167.4 
9
777.46 1337.12 1578.82 1786.1 2093.69 2106.83 2359.05 2780.89 3207.44 
214.8 290.5 402.4 102 313.1 134.9 76.7 26.2 177.6 
68.4 362.4 336 276.1 133.3 273.6 283.5 280.8 
121.9 329 122.2 144.6 113.3 454.6 267.3 
366.4 364.3 309 167.6 211 164.8 
136.4 136 398.8 260.6 179.9 
276.5 392.2 130.4 117.1 
385.6 312.3 230.8 
29.6 33.7 
392.2 
7
480.05 913.76 1119.36 2219.6 2772.82 3066.91 3120.99 
60.9 353.8 326.3 75.8 110.5 116.1 116.3 
227.9 54.4 107.5 109.1 41.1 77.4 
141.7 199.4 152.4 272.8 221.2 
298.9 164.5 238 283 
262.4 65.1 377.2 
302.8 163.7 
47.3 
12
344.72 1328.98 1775.93 1970.63 2212.33 2467.29 2707.54 2991.66 3041.91 3092.74 3566.72 3596.12 
312.5 213.9 341.1 307.5 394.5 172.4 62.5 361.4 225.2 163.3 365.1 185.5 
132.5 320.2 332.5 117.7 225.3 149.9 391.9 76.3 247 217.6 56.1 
184.8 307.4 174.6 291 361.8 328.6 330.4 445.9 174.1 69.5 
370.5 228.9 279.4 125.8 224.5 418.4 411.1 38.3 315.8 
423.6 208.8 205.7 442.8 289.2 303.3 214.1 107.6 
214 260.2 249.7 370.1 66.5 281.9 313.4 
362 325.1 87.7 342 268.2 108.6 
421.9 164.9 436.7 131.4 187.5 
60.7 303.2 110.8 117 
242.6 260.1 212.1 
340.9 117.6 
56.1 
8
854.8 978.02 1118.08 1989.21 3068.4 3073.62 3137.83 3336.39 
297.2 371.3 252.1 90.8 226.9 391.5 66.6 320.5 
71.4 199.8 370.1 280.6 156.7 121.4 312.5 
245.8 321.5 346.4 336.8 211.5 362.7 
172.5 368.3 345.4 114.9 251.7 
132.9 44.2 395.9 181.1 
265.8 166.8 309.6 
399.7 195.4 
232.3 
14
213.52 281.32 319.49 359.49 574.36 634.41 716.67 1565.2 1882.12 2252.36 2609.95 2761.52 2905.44 3742.38 
213.5 273.8 249.7 146.4 234.1 231.4 207 185.6 78.5 374.6 148.1 181.3 231.2 267.3 
423.4 402 230.9 312.4 324.5 44.8 122.5 126.3 171.6 414.5 410.9 89.6 106.6 
400.9 297.5 157.1 337.4 48.4 284.4 223.4 330.5 65.5 185 255.9 364.6 
381.1 115.3 235.8 275.1 353.1 358.4 99.8 250.8 226 350.2 133.6 
222.7 88.5 343.5 134.2 148.1 283.5 198.2 289.6 205.8 370.9 
66 206 350.7 386.6 77 243.8 147.8 272.9 307.6 
403.1 257.4 323.7 187.4 320.1 284.8 70.4 350.8 
264.1 431.6 327.4 142.1 183.5 420.7 149.5 
358.3 135.3 105.1 313.5 349 411.9 
352.6 233.1 104.2 345.6 235 
355.2 120.9 76.9 320.6 
243.5 299.4 96.1 
191.9 225.6 
374.3 
3
76.65 1112.07 3504.45 
358 150.3 158 
285 319.3 
196 
7
564.58 596.61 1101.83 1974.56 2004.33 2221.51 3818.93 
392.3 252.7 278.6 319.6 188.7 150.4 326.3 
38.1 64.1 77.4 140 151 400.9 
190.7 369.6 192.8 357.4 172.5 
253.2 243.3 186 397.8 
394.3 361.6 154.3 
337.4 271.8 
383.2 
9
516.38 959.4 1266.63 1479.42 2015 2291.31 2487.96 3061.74 3624.24 
312.1 387.1 205.6 178.9 375.6 324.7 313.1 363 61.4 
168.1 83.3 461.7 322.4 223.3 226.7 44.8 339 
310.1 93.9 285.1 149.7 450.2 280.2 314.7 
54.5 141.3 364.7 131.4 100.4 271.6 
405.1 146.9 276.9 97.1 398.3 
235.2 78.5 406.4 136.6 
163.9 273.9 153.6 
140.5 160.2 
168 
11
105.61 228.97 280.49 1709.71 1976.6 2175.86 2452.01 2460.46 2485.53 3039.75 3173.73 
38 417.6 264.8 250.3 238.7 113.1 424.6 36.3 82.6 338.5 89.7 
294.3 258 142.7 119.6 405.4 390.1 373.7 320.9 410.8 336.5 
279.6 319.8 348.2 252.8 145.4 212.5 392.5 90.8 283.9 
135.9 95.5 404.4 109.3 268.4 128.5 325.3 388.2 
304.3 199.6 332.4 198.4 15.3 210.5 248.5 
193.1 384.2 302.4 273 42.8 282.8 
115.2 295.2 327.1 297.4 418.4 
81.8 154.1 177 63.2 
191.2 249.5 309.3 
155 281.5 
432.8 
12
65.75 129.72 407.25 507.72 698.42 1592.74 1733.97 1774.83 2151.06 2158 2501.82 3758.35 
191.2 381.7 203.6 259.7 13.8 242.4 214.5 79.6 24.1 393.4 81.1 122.9 
177.2 326.7 141.1 84.5 138 325.9 160.2 278.1 277.9 110.2 332.9 
353.9 101.4 256.7 18.6 73.2 184.8 115.5 263.5 181 226.3 
324.2 292.1 79.4 275.3 228.8 122.2 370.8 102 357.6 
93 149.2 357.5 163 58.6 288.6 199.4 19.3 
91.3 167.3 328.7 330.5 201.5 183.4 84.6 
75.3 30.9 389.4 199.2 219.7 200.4 
385.2 173.7 148.7 111.8 173.2 
359.9 278 151.5 232.5 
354.6 107.5 141.4 
33 377.9 
315.4 
