13
1148.22 1445.85 1589.74 2228.14 2569.95 2725.19 2924.1 2991.68 3190.88 3550.51 3561.42 3699.07 3749.8 
315.3 338.5 420.2 241.7 291.3 359.2 131.7 389.4 10.2 129 161.4 255.1 371.2 
55.3 221.5 111.3 334.4 212 203 232.9 433.5 423.9 186.3 456 124.4 
9.2 202.8 248.2 356.3 197.9 64.6 132.7 322.1 239 394.6 206.3 
176.5 339.5 392.2 271.9 101.8 274.9 348.9 276.3 366.9 305.1 
191.7 343.8 287.6 377.7 228.7 331.8 424.1 136 284 
103.5 234.6 298.1 80.5 314.9 192.9 58 358.9 
335.1 222.7 395.8 70.1 225.2 137.4 294.5 
453.8 168.2 309.6 155.6 90 281.9 
368.7 313.3 193.5 247.6 133.3 
451.8 76.6 444.5 69.4 
210.7 193.4 109 
128.3 303.7 
187.5 
13
220.27 337 419.67 757.44 1347.58 1841.6 2194.52 2387.31 2738.31 2967.3 3411.17 3529.43 3668.11 
139.2 74.5 251.2 185 351.4 74.5 252.7 230 168.3 250.1 340.1 224.7 330.8 
263.6 229.5 30.1 150.3 312.5 300.9 95.4 168.3 152.4 181.9 81.2 144.6 
30.8 322.4 448.8 73.8 295.7 93 326.9 303.2 207.4 147.4 53.3 
424.1 379.5 26.3 116.9 96.3 413.5 148.8 313.6 177.1 162.9 
55.7 158.8 170.4 292.9 138.7 255.3 254.7 312.5 369.9 
345 307.3 241.1 319.4 154.5 277.7 39.8 192.1 
419.2 397.2 114.6 185.2 133.9 21.7 278.5 
201.3 292.3 335.6 12.6 359 344.1 
401 116.6 88.1 270.5 371.1 
215.2 144.2 206.9 402.9 
72.4 210.2 85.2 
307.5 162.1 
305.7 
3
196.34 418.8 2141.27 
274.2 357.9 140 
246.5 183.1 
327 
15
120.76 226.7 288.38 600.08 630.68 871.06 1089.17 1500.25 1645.08 1991.32 2059.92 2159.13 2428.34 2497.41 3050.45 
316.8 380.2 91.5 442.2 368.8 175.3 302.9 283.7 105.1 96.5 420.6 234.4 249.8 176.5 102.8 
338.7 254.4 153.9 90.9 344.5 235 366 131.6 419.9 297.6 94.3 183.9 191.9 203 
149.1 94.3 106.9 186.3 404.9 297.9 342.4 378.1 316.9 404.3 140.6 261.4 314.2 
211 351.7 95.7 122.4 264.5 296.5 214.6 308.1 47.7 318.8 228.4 317.3 
249.1 98.2 381.9 341.1 63.6 354.1 226.2 412.3 118.1 219 315 
282.5 93.4 95.7 439.9 192.2 206.8 205.4 230.5 170.6 98 
192.9 363.6 356.4 346.2 344.2 122.8 238.3 225.6 262.4 
378.9 158.9 398.3 132.2 392.5 357.1 86.7 300.8 
378.8 356.2 393.3 129.1 254.7 29.2 210.8 
364.1 136.6 18.9 411.8 147.5 263.1 
305.7 146.1 268.1 242.7 324.7 
272.9 398.7 390.2 195.4 
244.9 283.5 137.4 
197.6 270.9 
78.8 
4
780.09 1653.31 1962.73 2461.63 
209.2 102.4 349 296.4 
338.7 304.6 118.9 
131.5 121.3 
372.2 
12
597.85 677.12 783.43 813.28 975.74 1210.9 1493.33 1712.55 2500.5 2581.73 3443.63 3461.01 
78.5 437.5 297.5 244.9 215 45 72.2 91.6 382.1 118.1 442.2 436.8 
191.1 171.5 382.7 163.1 333.6 186.4 43.7 186.9 255.4 173.8 132.6 
8 225.5 239.6 242.7 249.6 293.4 109.8 123.3 286.6 338.2 
84.2 190.9 183.3 157.1 287 312.3 147.1 452.1 150 
400.9 297.7 253.5 436.1 382.6 48.9 298.7 102.7 
155.8 383 375.7 144.8 72.9 98.1 69 
141.8 271.5 318.4 41.3 334.3 360.8 
351.8 375.2 278.1 156.6 425.3 
100.8 176.9 440.5 369.1 
53.2 258.1 265.3 
191.4 322.3 
375.9 
7
95.8 948.99 1033.56 1454.63 2306.66 2939.96 3532.21 
193.9 248 109.4 358.2 279 279.5 388 
394.8 224.7 153.7 324.5 344.1 51 
127.6 389.7 228.3 277.9 134.5 
253.5 122.3 189.2 340.5 
105.4 250.2 202.6 
58.1 21.4 
46.3 
17
88.87 218.98 517.06 707.25 1375.2 1775.58 2145.65 2809.65 2948.6 2956.8 2971.85 3007.91 3020.47 3156.51 3540.37 3560.69 3627.22 
218.9 142.4 379.7 107.8 335.2 367.8 439.2 286.1 137.5 367.7 411.3 177 266.3 126.8 316.5 61.4 430.4 
147.6 352 114.7 244.4 274.5 253 336.7 254 141.8 130.7 202.5 363.2 121.5 356.3 379.9 98.5 
343.3 109.1 188.9 111.1 78 232.1 292.9 284.5 202.6 386.2 147 187.6 213 90.9 293.1 
330.2 232.6 190.3 75.7 170.5 377.7 353.1 187 212.7 145.2 245.9 341.9 152.5 128.1 
397.4 334.9 212.4 364.1 65.9 311.8 312.1 94.6 338.1 128.6 153.7 302.4 221.7 
347.4 360.4 292.9 259.2 405 207.9 220.2 159.2 295.8 216.9 189.3 123.2 
194.3 56.6 181.7 348.5 237.3 377.2 177 68.5 273.6 384 272.5 
453.1 363.6 104.6 228.4 383 454.5 245.3 210.9 294.1 295.3 
440.6 113.2 317.8 332.1 307.2 253.2 105.9 359.2 220.6 
31.7 83.3 172.8 333.1 279.9 440.2 80.2 106.9 
201.3 123.6 156.7 267 271.9 156.3 184.9 
300.8 336.2 461.8 282.6 103.6 114.9 
194.5 386.7 303.1 137.2 65.7 
210 215.7 178.2 99.2 
295.9 292.1 397.8 
310.1 186.3 
436.5 
4
992.84 1124.37 3298.25 3347.32 
175 180.6 352.5 249.5 
287.8 199 369.4 
184.3 389.6 
341.9 
6
317.24 1978.87 2005.05 2115.35 2613.47 3804.26 
262.7 373.1 320.4 102.3 312.2 416.4 
34 195.8 39.3 286.8 139.3 
249.2 286 364.6 223.1 
122.1 89 295.8 
84.7 234.3 
243.4 
5
115.57 215.69 596.75 1736.54 3380.93 
106.6 148.9 135.2 346.1 184.5 
366.5 174.2 149.3 96 
50.2 137 74.4 
306.9 101.8 
85.8 
4
1244.31 2178.82 2316.17 2867 
383.7 112.9 294 39.8 
382.1 124.2 390.9 
198.4 307.5 
107 
11
493.52 1191.84 1281.25 1291.02 1335.32 1431.83 2478.33 2872.49 3124.29 3425.2 3817.1 
233.1 126.5 299.7 164.3 292.7 403.8 400.3 234.4 138.5 205.8 213.8 
263.9 51.9 181.8 336.5 382.9 237.4 323.4 354.1 156.3 363 
389.6 117.6 235.5 127.2 93.9 362.3 365.9 351.1 70.8 
411.4 142.7 432.4 76.7 93.6 247.4 186.6 256.1 
240.9 228.9 147.7 316.9 254.4 63.8 265.3 
37.4 333.3 372.4 114 429 336.4 
265.3 300.8 195.7 102.6 415.1 
294.5 177.5 191.2 156.1 
284.7 184.1 106.8 
222.1 323 
268.4 
16
60.63 489.79 509.23 1064.16 1444.34 1728.62 1825.54 2217.65 2357.54 2850.23 3220.63 3251.43 3454.99 3505.01 3629.06 3708.83 
266.8 104.9 287.1 110.2 108.5 206.4 203.1 459.1 155.6 348.5 378.1 165.2 125.1 98.8 128.4 64.3 
243.2 200.7 280 188 122.5 353 333.4 283.5 78.3 199.3 78.6 142.6 137.5 145.8 317 
324.4 384.6 368.3 381.3 229.9 110.3 99.1 417.7 204.3 200.8 270.2 153.2 277.5 302.2 
99.4 168.7 265.1 299 362.6 353 194.5 291.2 265.3 292.9 116.2 268.2 108.2 
321.3 57.9 168.7 459.4 248 47.5 254.5 440.1 368.4 250.7 132.8 191.4 
418.3 111.4 168.7 217.1 310.1 403.9 404.3 129.2 142.1 170.8 297.1 
374.6 79.4 423 150 318.7 447 295 392 266.4 419 
320.2 28.3 52.9 37.1 344.8 68.3 350.6 251.1 239 
323.1 34.6 143.9 128.5 24.5 27.1 117.3 256.8 
132.6 131.1 217.4 326.7 198 59.1 398 
107.4 157.2 342.6 254.7 453 338.3 
200.9 363.8 123.8 261.6 161.6 
386.8 325.7 206.8 171.3 
162.4 148 180 
226.6 109.3 
130.6 
12
111.93 259.31 392.92 459.79 533.87 565.66 580.55 1036.37 1225.83 1261.4 1724.26 2786.31 
178.6 211.9 197 206.1 195.7 223.8 225.1 251.3 151.9 246.1 139.7 178.4 
174.8 265.3 136.1 289.7 250.6 78.3 159.9 210.5 153.8 350 199.2 
81.3 276.6 421.3 144 323.9 415.9 137.4 357.6 189.5 62.8 
172.6 205.2 339.1 420.4 208.9 86 246.7 347.1 247 
146.6 132.2 138.7 269 267.1 178.3 413.8 161.5 
270.8 333.1 99.1 392.2 395.4 191.1 429.7 
37.6 270.6 340.1 359.6 127.7 134.3 
132.1 250.5 156.5 430.5 29.5 
116.9 312.8 56.4 303.3 
152.4 217.9 212 
377.2 295 
238.7 
