4
1954.37 2016.07 2048.36 2330.27 
391.3 104 361.6 225.1 
137.1 153.6 90.4 
254.6 137 
206.3 
5
837.68 1340.02 1385.39 2486.07 3457.65 
430.5 269.6 354.6 248.4 340.1 
53.1 361.4 262.7 203.7 
125.7 129.7 348.7 
33.8 382.8 
326.9 
15
76.5 208.9 471.47 579.92 672.45 1051.29 1490.82 1596.53 1666.2 1713.68 2163.92 3060.04 3456.09 3594.06 3626.43 
124.1 56.3 120.1 304.4 255.1 262.8 343.5 259 164.8 304.7 281.3 229 272.6 308.5 184.4 
178.3 362.4 396 139.7 243.6 67.8 236.8 118.2 207.4 206 424.6 168.3 212.5 169.7 
148.4 433.2 205.2 296.8 132.7 344.4 382.8 244.3 244.5 368 382.7 415 219.3 
111.7 240.1 388.7 115.1 394.7 142.7 180.3 343.2 196.6 87.5 100.4 271.4 
209.2 237.6 211.5 316.7 358.9 222.9 365.8 222.4 288 297.3 413.9 
362.8 314.1 259.6 108.6 257.9 102 371.7 192.1 280.3 146.9 
317.7 227.3 452.3 359.1 201 134.1 122.3 322.5 252.5 
348.6 77.7 198.4 253.8 373.4 406.6 339.4 432.3 
371.7 411.9 466.7 140.6 142.3 177.1 173.8 
58.6 148.3 293.8 275.3 309.1 232.5 
300.3 105.7 332.6 273.7 383 
209.1 37.3 347.5 252.3 
165.8 86.3 190.7 
63.2 230.4 
336.8 
14
388.38 1294.32 1506.93 1509.05 1835.59 1866.25 2076.78 2178.55 2241.07 2276.39 2392.7 2776.56 2805.11 3498.67 
465.1 372.3 334.3 351.4 416 366.2 179.6 200.1 130.6 262 298.2 327.5 300.6 131.7 
246.5 185.1 111.2 62.6 361.3 182.3 143.8 140.2 369.7 330.6 435.4 292.8 355.5 
146.9 112 329.2 165.5 220.4 198.1 118.8 414.9 248.2 291.6 308.7 402.3 
66 252.8 196.1 411.8 140 331.3 134.7 381.3 415.4 256.2 304.1 
96.7 253.2 292.4 340 134.1 158.6 165.2 358.5 111.1 294.3 
334.7 228.6 128.6 140.3 312.1 166.1 394.2 207.1 269 
232.6 96.8 86.5 304.5 323.5 403.4 149.5 173.8 
390.6 363.8 73.6 296.2 93.3 108.6 200.6 
330.8 215.6 283.6 315.9 296.1 414.5 
64.9 351.5 345 45.2 119.9 
85.2 140.7 360.4 345.8 
405.9 374.6 169.6 
215.3 63.5 
377.1 
3
2789.87 3215.01 3368.33 
340.3 151.7 352.1 
339 261.9 
58.4 
15
915.4 1119.65 1227.1 1234.61 1272.45 1290.33 2333.68 2365.1 2802.97 2939.67 3094.93 3355.27 3613.09 3680.62 3756.53 
446.5 295 112 201.1 316.8 337.6 372.8 72.7 105 85.5 380.8 145.8 405.9 86.6 97.7 
183.6 405.9 133.4 286.1 276 369.5 435.8 357.2 240.1 63.5 156.8 342.7 294.4 373.5 
153.6 318 249.9 38.8 266.1 144.9 45.5 235 205 326.4 159.4 134.7 38.5 
77.8 372 60.8 210.5 396.4 194.1 151.2 152.6 367.8 268.7 245.3 97.7 
161 410.3 364.6 195.7 433.7 235.1 76.9 148.4 328.3 241.1 173.7 
199.7 239.8 146 157.3 297.4 414.8 138.6 135.6 152.3 271.4 
102.2 103 126.2 65.1 328.8 177.8 162.4 380.7 264 
228.2 298.4 317 323 234 160.4 49.5 31.6 
335.7 365.6 100.6 394.9 87.5 399.5 413.3 
173.4 357.4 264.9 74.8 283.3 413.6 
256.5 94.4 372.4 362.8 183.3 
372 384.1 130.5 75.7 
196 29.4 162.1 
365.8 336.5 
439.7 
16
416.12 498.95 517.87 722.53 1258.03 1340.93 1587.61 1608.43 1882.7 2050.93 2259.14 2318.73 2369.1 2389.17 2984.84 3208.54 
328.6 360.4 144.2 211.6 321.6 106.4 34.7 133.8 222.7 203 174.7 180.6 181.6 78.3 280.9 109.9 
106 307.4 429.4 37.5 285.1 319.9 231.6 50.9 239.2 205.1 314.2 176.8 176.5 189.3 120 
82.2 45.4 262.7 248.1 360.9 335.1 225.2 195.1 232.1 421.9 175.1 238.1 207.7 244.9 
298 292.3 92.8 353.8 212.3 58.5 194.7 428.8 110 304.5 123.3 200.8 341.3 
98 341.9 138.2 158.5 33.2 386.8 153.6 320.7 151.3 86.6 175.2 124.4 
270.6 120.6 266.5 427.5 210.3 249.1 300.2 59.8 215.7 355.6 96.2 
384.2 246.6 414.8 64.8 107.4 216.1 270.7 422.2 149.8 339.2 
286.8 368.5 187.7 237.1 266.8 382 336.4 132 258.8 
404.7 194.9 219.2 121.6 174.4 139.1 292 287.6 
126.5 280.3 348.6 103.2 403.1 290.1 330.9 
195.1 72.3 205.8 374.9 264.7 132.4 
206.4 178.4 268 70.2 266.1 
174.4 339 156.4 189.9 
264.1 355.1 376 
256.9 417.9 
244.6 
8
48.03 456.31 618.38 1614.46 2196.62 2310.69 3785.72 3854.23 
38.6 21.1 120 326 102.8 111.8 358.7 65.1 
354.4 12.1 42.6 271.9 63.1 152.4 88.1 
307.6 252.2 257.1 320.1 213 188 
115.9 329.4 25.9 391.1 290.1 
292.4 201.9 275.3 132.6 
114.9 82.1 119.7 
67.2 308.3 
62 
3
1290.87 1600.25 2778.71 
384.8 209.2 299.3 
198.4 276.8 
357.7 
4
414.46 703.71 1448.06 2809.36 
241.7 248.8 351.7 396 
395.6 208.2 265 
117.8 396.2 
372.7 
11
193.14 839.06 1294.08 1321.8 1917.22 2218.53 2398.52 3515.76 3672.29 3681.79 3752.87 
206.6 238 161.7 254.1 349.9 204.2 187.2 98.6 221.9 277.6 145.2 
247 354.9 268.7 18.9 212.1 266.7 187 379.5 238.4 223.7 
95.9 74.7 23.8 197.3 137.7 346.1 297.2 82.3 113 
374.5 123.1 344.4 435.4 254.9 33.8 309.3 180.7 
332.3 414.3 372.7 392.7 391.4 191.2 164.8 
79.2 295.8 411.6 396.4 174.2 47.3 
293.5 75.1 181.2 191.2 32.4 
81.6 359.6 105.5 255.4 
251.8 379.6 326.1 
446.6 267.7 
48.8 
17
248.52 258.78 340.39 558.33 570.81 653.64 815.41 1337.61 1719.3 1752.45 1836.18 1980.4 2054.32 2105.98 2571.65 3503.04 3581.05 
415.4 251.6 257.9 369.9 238.2 326.7 237.8 215.2 197.2 247.7 178.5 168.5 94 318.2 364.4 358.3 248.1 
218.9 275.8 433.7 331.5 356.5 63.1 132.8 169.8 314.6 292.4 68 425.4 157.9 117.3 144.1 84.9 
88 164.9 323.4 151.3 84.7 232.3 363.4 357.7 124.6 352.9 233.9 203.2 313.8 395.2 315.7 
271.6 103.8 111.8 324.4 67.6 439.8 237.8 131.5 303.3 360 84.6 187.6 145.9 246.5 
338.5 173.8 117.2 354.3 203.6 206.6 308.5 103.5 311.3 298.4 391.6 200.3 302.1 
267.4 360.5 192.5 398.3 118.1 342.7 405.2 200.9 81.3 54.3 68.9 255 
307.2 333.9 279.5 332.3 255.7 24.8 237.1 82.6 73.9 71.2 211.1 
373.9 141 107.8 114.4 214 312.2 199.1 303.9 207.8 62.2 
330.2 96.4 137.9 104.5 165.2 370.8 118.3 34.8 453.2 
113.1 388.4 388.8 363.4 300.1 264.4 196.4 251.7 
294.7 216.8 118.6 275.1 101.5 25.5 407.7 
176.6 386.9 233.2 348.1 206.9 146.6 
310.9 360 343.1 210.8 140.8 
23.7 41.8 388.6 285.7 
81.7 328.9 96.1 
255.6 159 
47 
6
427.65 925.7 1039.69 1913.04 3051.95 3347.66 
311.5 314.6 214.7 314.4 215.2 52.1 
363.3 416.8 221.4 398.4 131.9 
115.6 93.8 226.9 338.7 
394.2 197.9 423.3 
179.6 155.8 
295.2 
9
474.62 2004.08 2045.96 2062.52 2323.24 2637.38 2781.86 3317.37 3812.57 
148.5 176.1 148.9 292.7 318.6 168 237.5 111.5 345.5 
63.5 296.1 364.6 343.9 326.6 345.1 245.3 368.1 
421.4 111.5 177.5 83.3 431.5 98.3 253.6 
230.6 292.4 204 77.8 383.7 222.4 
175.8 68.9 228.6 329.7 50.2 
221.3 273.6 357.3 107.1 
358.3 416.3 153.3 
412.4 333.5 
314.5 
12
114.89 381.04 409.13 662.81 759.14 1256.63 1553.25 2178.83 2399.22 2667.27 3628.9 3765.29 
55.3 448 246.3 332.5 278.5 135.4 372.4 359.9 322.3 188.1 126.4 325.2 
333.3 354.8 240.7 329.8 86.2 353 389.9 292.9 118.9 52.9 67.6 
352.2 137.4 372.7 283 164.3 155 180.8 292.9 65.6 400.3 
244 435.9 320.8 366.4 360 249.3 436.2 161.5 178.3 
102 413.4 229.9 333.2 90.6 209.3 269.6 346.4 
441.7 358.9 359.9 268.1 140.1 27.6 53.4 
38.3 273.7 218.6 246.9 171 141.8 
387 201.3 331.2 122.7 107.4 
244.2 167.5 343.2 254 
236.3 346.1 221.9 
260.3 102.9 
270.9 
