13
450 696 894 1086 2127 2425 2803 2836 2979 3134 3656 3666 3764 
230 73 17 271 264 239 325 255 176 106 128 134 164 
236 327 2 72 151 252 247 330 366 187 113 313 
332 194 239 173 138 333 183 311 196 291 224 
133 25 323 338 185 294 126 357 162 116 
167 316 91 373 172 27 275 232 189 
123 109 176 19 85 361 371 302 
229 74 11 18 144 209 213 
351 100 261 120 75 24 
181 44 268 68 203 
267 281 98 43 
269 73 244 
23 371 
178 
15
117 256 294 330 597 670 837 1195 1244 1839 2059 2092 2448 3191 3778 
109 175 219 125 367 132 378 152 288 68 342 68 271 133 373 
2 100 111 84 47 220 86 87 301 19 26 35 194 219 
50 298 355 119 225 379 187 343 238 42 352 14 124 
122 65 209 362 37 133 338 274 352 74 241 3 
161 297 33 363 145 58 7 283 361 251 290 
304 58 362 283 350 163 310 91 165 128 
61 344 305 205 135 273 254 357 214 
272 166 47 87 75 171 88 48 
239 104 71 74 359 98 289 
221 12 82 145 185 163 
361 95 183 152 372 
155 129 49 209 
93 338 2 
202 314 
50 
11
513 559 585 1269 1319 1776 2188 2637 2868 2869 3043 
220 215 111 22 18 187 144 196 143 174 240 
119 71 133 205 43 6 259 350 275 8 
180 41 236 212 89 170 279 260 199 
359 284 290 266 323 129 377 207 
283 288 287 311 100 372 302 
289 200 373 84 157 235 
61 288 226 357 314 
65 227 17 57 
341 186 150 
121 378 
269 
5
232 1165 1901 2104 3790 
271 295 154 369 30 
100 32 135 165 
60 272 113 
202 14 
364 
6
30 681 947 3095 3362 3583 
104 46 361 22 104 371 
153 121 271 107 380 
274 316 57 324 
24 327 141 
187 272 
347 
10
101 294 340 1119 1284 1773 2117 3248 3325 3683 
370 32 330 247 86 74 178 75 99 230 
148 40 136 117 291 56 374 196 105 
97 274 210 150 172 55 58 330 
154 28 13 18 246 312 95 
9 262 288 119 374 227 
269 84 266 313 267 
352 263 200 197 
324 260 31 
94 322 
199 
11
83 167 350 523 567 640 885 997 2050 2161 2508 
221 15 233 73 277 169 344 291 141 241 71 
160 263 204 184 74 242 186 368 235 147 
169 209 243 372 154 73 296 100 208 
273 318 130 316 233 156 21 331 
35 89 349 309 366 135 151 
311 329 206 15 16 92 
274 357 145 94 54 
40 273 72 216 
167 373 265 
281 132 
5 
6
650 1727 2887 3020 3303 3455 
277 312 43 243 57 186 
100 176 206 349 329 
145 374 322 113 
307 379 339 
198 174 
287 
8
212 844 1075 1252 1904 1943 2505 3050 
65 140 375 10 177 372 11 164 
353 378 202 8 147 16 174 
292 328 345 99 9 181 
133 36 303 52 227 
129 154 344 174 
32 175 324 
377 300 
115 
3
43 3008 3669 
344 150 254 
248 56 
128 
12
357 631 661 1137 1190 1525 2195 2316 2680 3192 3561 3581 
220 260 294 77 44 339 368 352 204 288 284 3 
378 313 6 343 86 325 330 94 265 220 42 
237 101 307 56 177 259 37 66 217 204 
296 205 44 108 238 323 207 232 221 
300 177 134 249 312 320 294 341 
303 331 79 153 29 6 318 
170 55 242 354 54 97 
78 161 290 14 24 
186 74 33 260 
304 60 117 
362 218 
327 
15
14 59 220 438 531 962 1375 1423 1643 1663 1685 2826 3238 3711 3794 
189 344 32 256 100 203 143 378 189 257 232 140 337 39 123 
267 358 62 202 47 74 222 239 91 132 157 183 76 238 
218 302 173 91 82 313 262 297 271 151 378 193 368 
179 65 230 8 232 6 151 270 222 341 93 136 
372 336 217 210 71 115 97 210 250 322 157 
46 331 138 240 306 221 162 284 54 193 
284 298 197 98 134 233 27 112 274 
118 16 76 78 320 179 266 156 
341 314 135 17 328 334 350 
94 129 270 293 211 54 
227 119 160 91 70 
340 146 88 217 
267 303 45 
62 307 
284 
14
217 395 918 996 1387 1427 1747 1776 1885 2541 2865 2878 2893 3410 
284 111 326 65 253 127 2 191 11 304 251 296 91 218 
274 341 34 100 380 52 172 252 133 371 378 246 69 
374 336 348 159 50 126 179 105 198 156 60 199 
39 183 89 147 274 322 53 71 317 233 248 
321 182 356 276 140 94 252 221 308 326 
178 155 268 130 76 94 122 307 363 
221 371 111 101 223 55 46 216 
378 195 127 188 192 60 296 
110 80 83 370 280 85 
380 352 59 29 64 
245 310 152 314 
240 113 366 
119 96 
66 
11
37 107 539 716 977 1385 2116 2294 2347 2544 2924 
96 310 134 155 37 12 47 379 92 145 266 
52 205 257 108 127 259 274 281 8 183 
234 219 187 294 251 8 167 17 84 
190 201 180 237 354 340 215 33 
296 191 97 123 314 351 362 
158 199 135 140 242 211 
165 104 144 312 356 
149 108 378 299 
377 112 166 
198 196 
15 
16
200 239 306 541 590 884 1324 1865 2002 2017 2831 3114 3199 3211 3237 3449 
25 302 108 370 255 263 22 131 111 89 335 226 341 192 66 241 
48 30 298 59 272 210 171 30 85 11 242 105 167 78 89 
12 50 94 372 330 378 362 319 54 227 268 73 309 321 
48 344 167 208 23 190 28 94 213 11 45 69 333 
352 91 70 247 56 159 134 190 181 215 45 155 
157 104 28 210 157 152 3 4 22 282 22 
193 322 31 3 242 257 171 37 337 73 
293 312 72 274 223 5 304 55 22 
34 31 133 77 161 375 269 339 
358 220 263 169 43 292 187 
20 31 266 309 80 337 
365 177 214 78 361 
201 88 249 82 
65 187 275 
180 59 
76 
