15
399.41 411.95 861.89 1010.6 1045.88 1373.76 1453.59 1546.58 1845.06 2089.57 2682.52 2912.94 3088.29 3105.43 3210.05 
333.5 88.1 245.2 357.4 213.6 228.4 271.8 157.4 204.1 220.8 278.2 92.2 194.7 271.7 168 
179 359.1 267.3 374.4 147.5 395.9 312 178.1 200.4 154.1 228.3 100.9 376 125.1 
298.5 336.5 258.7 276.5 93.1 57.6 35.6 57.8 74.6 223.2 417.3 316.3 356.3 
77 287 300.6 186.4 41.6 459.2 372.3 164 419 153.8 95.3 51.4 
115.9 158.4 117.4 348.9 78.7 124.8 94 419.1 371.5 411.8 330.7 
241.9 326.2 109.3 367.3 433.4 410.4 99 210.8 172.1 303.2 
352.9 382.3 105.6 434.4 370.4 217.6 340.3 33.6 417.8 
341.7 387.7 321.7 309.8 340.6 64 354.3 223.8 
117.2 112.2 448.8 87.5 144.8 162.1 89 
187.6 202.1 350.9 243.1 115.2 378.2 
218.8 277 141.9 147.9 262.6 
138.1 304.2 342.1 76.5 
126.2 320.2 391.4 
52.7 359.8 
231.7 
10
912.25 1132.19 1134.97 1646.38 1773.7 1868.33 2111.88 2530.43 3313.88 3704.66 
245.7 341 120.3 63.4 321.8 185.2 368.1 269 78.4 148.4 
400 141.5 303.7 300.4 389.1 106.6 357.1 114 355.1 
407 213.4 127 248.5 369.6 209.1 383.1 310.9 
292.2 225.1 280.3 286.9 144.6 285.5 267.1 
228.3 307.2 179.5 128.5 260.3 284.2 
145.1 324 286.4 205.1 346.1 
398.5 312 211.9 411.2 
224.4 82.4 276.7 
416.5 48.9 
96.9 
16
159.35 542.62 545.27 698.2 873.13 1566.85 2180.8 2182.01 2330.49 2676.62 2756.1 2973.56 3180.01 3322.83 3351.12 3747.09 
103.8 300.4 34 252.2 443.3 199.4 318.1 151 137.8 276.1 69.2 347.9 64.6 350.3 384.1 107.1 
104.7 234.1 290.9 299.3 191 125.3 411.1 286.1 197.7 400.5 333.7 97.3 295 281.4 81.1 
43.4 446.7 332.4 55.1 205.9 237.4 261.9 113.7 324.2 375.1 454.8 184.8 113.2 202.1 
224 77.3 95.7 78.9 202 171.6 203.7 170.6 353.3 56.1 293.6 114.8 194.5 
258.7 138.5 34.5 254.5 339.2 389.1 230 271.5 167.2 227.2 70.2 337.2 
127.1 222.1 189.9 438.9 307.2 161.8 67.5 299 154.3 81.3 209.6 
225.8 108.1 133.9 154.2 349.2 162.3 144.6 174 275.3 285.3 
98.3 100.2 260.8 339.2 261.6 351.2 409.4 354.9 409.4 
396.4 255 445.5 451.4 344.8 405 59.3 303.8 
205.4 161.8 139.2 158.1 361.2 351.4 347.6 
77.6 407.1 323.8 262.8 62.6 178.7 
95.2 304.7 335.6 153.4 198.1 
308.9 129 172.4 142.9 
151.5 159.8 179.5 
214.6 331.2 
120.5 
3
744.56 1534.65 2545.99 
396.7 146.8 35.6 
162.5 401.1 
92 
3
2539.63 3145.32 3754.59 
285.1 350.2 303.4 
37.1 174.1 
140.2 
8
40.26 329.79 502.2 944.79 1119.45 1587.3 2662.93 3677.5 
151.8 349.4 314.5 264.4 21.4 312.1 313 210 
346.1 262.3 70.5 319.8 173.7 157.6 95.8 
163.1 261.8 185.5 86.8 323.6 68.4 
97 333.3 128.7 208.7 99 
349.4 212.8 168.9 110.4 
96 272.8 343.3 
330.8 339.3 
251.2 
6
230.91 800.42 982.62 1870.8 2330.75 2791.83 
101.6 269.8 223.9 433.5 80.8 369.7 
275.1 389.2 278.9 108.3 219.2 
188.9 66.2 108.8 92.7 
385.7 263.5 139.8 
19.1 397.8 
338.5 
11
146.24 435.62 722.89 846.83 2057.86 2231.06 2371.73 2626.5 3491.8 3501.57 3523.8 
374.9 425.6 96.8 366.4 397 173.4 286.6 302.9 307.2 305.9 407 
349.3 286.3 386.8 232.7 161.3 263 359.7 420.1 315.6 289.2 
252.6 70.8 112 329.9 246 212.4 133.3 309.6 292.7 
223.3 209.6 324.8 249 289.6 205.9 96.7 146.2 
360.5 382.4 62.6 115.6 417.2 314 289.1 
113.2 79.1 198.6 405.3 104.8 170.1 
166 175.6 391.8 96.2 352.2 
253.9 293.8 146.5 178.4 
270.2 254.8 192.5 
89.6 280.4 
162.3 
15
280.26 673.5 830.88 892.53 945.42 949.37 1012.5 1411.82 1915.53 1995.9 2546.84 2729.92 2956.81 3595.16 3628.57 
426 187.9 366.9 169.2 321.7 90.2 381.4 279.1 96.3 372.7 177 165.3 392.8 404.6 261.1 
167.9 308.3 330.7 251.7 269.8 36.2 221.6 391.8 286.5 254.9 383.4 305 83.8 321.3 
388.5 338.3 119.8 55.8 125.9 163.8 398.7 181.3 212.6 318 63 362.1 333.8 
147.2 189 294.9 295.5 338.6 148.2 290.9 396.3 343.5 437.2 365 258.1 
395.6 119.9 233.1 172.3 362.6 150.7 222.6 134.2 192.2 403.7 357.2 
146.2 370 220.5 151.7 215.9 104.3 275.3 173.5 328.6 344.5 
329.9 295.3 83.1 167.4 110.4 111.7 324.1 296.2 182.7 
116.9 105 70.5 144.1 259.1 379 57.9 289.5 
35.8 194.4 83.4 147.9 199.8 247.6 369.2 
248.9 130.8 94.1 60.6 87.8 270.9 
375 344.2 125.3 117 39 
388.7 254.3 361.1 261.5 
113.4 49.9 436.7 
371.7 229.6 
202.7 
3
238.57 319.32 933.77 
196.7 406.6 161 
49.5 375.9 
179.3 
10
90.02 654.48 742.91 2335.29 2491.62 2844.93 2996.7 2997.24 3420.91 3847.2 
419.1 131.2 351.8 315.7 169.4 244.4 298 77.2 93.4 118.5 
286.7 449.2 153 173 45.5 346.1 301.2 130.6 242.6 
195.9 140.5 270.3 372 125 127.6 176.6 357.6 
166.2 178.2 357.8 381.6 53.3 270.8 133.2 
329.2 94.6 311.5 43.1 382.9 427.4 
160.4 188.9 226.4 165.1 197.5 
201.5 178.1 145.6 261.8 
207.8 235.7 372.8 
46.6 110.5 
96.5 
13
163.72 166.34 248.63 452.75 885.14 1136.49 1195.45 1414.79 1885.21 2338.14 2556.27 3593.78 3704.15 
118 252.4 99.2 136.2 55.4 104.2 107.4 242.2 155.1 372.1 87 279.9 173.7 
391.5 197.1 328.2 67.8 198.8 282.4 426.9 245.1 341.5 384 417 301.5 
83.2 249.5 150.9 355.4 36.3 241.2 383.2 289.4 181.6 118.8 372.4 
219.4 349 294.1 142.8 70.2 366.4 219.6 279.3 196 255.5 
58.9 321.3 178.1 365.3 53.8 158.4 296.2 40.6 302.5 
55.4 161.8 101.3 359.3 143.8 370.5 172.4 40.6 
308 331.8 236.4 128.9 197.6 356.9 314.2 
383.6 266.2 285 331.3 439.8 164.6 
33.9 375.1 293.9 307.1 374.9 
65.2 349.3 61.9 76.9 
237.6 271.7 298.6 
134.6 209.6 
136.7 
5
1526.02 2024.84 2771.46 2869.43 3541.82 
228.5 155.1 398.5 82.7 252.4 
24.5 273.5 109.3 245 
401.7 201.6 405.2 
70.6 381.9 
198.5 
5
1553.9 2665.66 2743.75 3546.02 3712.88 
289.7 423.5 377.2 372.5 139 
196.6 212.6 247.1 136.7 
378.1 336.7 56.1 
225.2 310.4 
41.5 
14
233.59 282.36 414.16 491.56 1264.01 1325.26 1724.63 1806.47 1834.6 1934.85 2209.25 2693.07 2790.43 2986 
376.3 327.6 184.5 105.9 401.2 379 300.6 39.8 83.3 266.5 248.2 214 75.2 338.9 
396.6 240.1 126.5 216.3 133.6 202.8 171 350.1 87.4 216.9 234.1 215.7 387.1 
340.1 116.4 384.5 109.7 249.9 284.7 160.3 358.6 142.8 39.2 186 142.2 
318.5 375.1 295.4 145.5 442.2 293.9 79.3 352.2 118.5 184.3 254.8 
127.4 285.8 293.9 75 326.7 209.2 15.8 84.8 425.1 122.1 
89.3 427.7 285.9 426.5 230.2 330 147.8 71.6 271.2 
375.7 211.4 306.4 411.3 261.9 313.8 447 350.4 
110 124.9 317.1 299.8 458.3 291.5 150.7 
428.2 152.5 372.6 312.7 142.9 296.2 
304.9 199.2 297.9 402.6 62.9 
288.4 206.7 409.4 436.5 
171.5 424 195.4 
384.7 258.2 
395.9 
