37 470
1 11 334
2 5 303
2 10 192
2 11 128
2 13 235
2 14 275
2 17 370
2 19 377
2 22 230
2 28 408
2 31 116
2 33 330
2 34 246
3 2 292
3 13 424
3 37 341
4 8 109
4 10 320
4 13 51
4 14 456
4 15 217
4 18 28
4 19 181
4 21 107
4 22 438
4 23 465
4 25 42
4 27 97
4 28 437
4 31 231
4 36 259
5 1 232
5 2 430
5 4 447
5 6 87
5 7 187
5 8 174
5 9 431
5 10 168
5 12 156
5 13 463
5 15 451
5 16 496
5 18 223
5 19 362
5 20 85
5 21 2
5 22 22
5 23 333
5 28 15
5 29 242
5 32 216
5 35 255
5 37 173
6 3 263
6 5 394
6 9 463
6 10 494
6 12 365
6 15 258
6 18 451
6 21 351
6 22 365
6 23 27
6 25 46
6 26 432
6 27 236
6 33 453
6 34 121
6 35 358
7 4 74
7 5 376
7 16 67
7 21 45
7 22 110
7 29 160
7 33 199
7 35 264
8 1 45
8 4 467
8 5 450
8 6 416
8 7 334
8 13 211
8 14 19
8 15 373
8 20 236
8 21 93
8 23 37
8 25 427
8 27 257
8 28 440
8 30 489
8 34 332
8 37 244
9 1 151
9 3 33
9 4 344
9 6 29
9 8 60
9 12 353
9 13 374
9 15 384
9 16 214
9 19 413
9 20 353
9 25 462
9 26 55
9 30 269
9 34 354
10 2 3
10 8 478
10 9 242
10 11 264
10 12 318
10 14 429
10 15 311
10 16 234
10 18 122
10 19 178
10 20 209
10 21 385
10 22 60
10 23 176
10 27 235
10 28 220
10 29 75
10 30 139
10 31 455
10 34 74
10 35 95
10 36 424
10 37 176
11 1 135
11 2 303
11 4 235
11 9 134
11 10 172
11 11 470
11 12 158
11 13 463
11 14 158
11 16 242
11 19 334
11 20 305
11 21 252
11 22 158
11 26 187
11 28 377
11 29 241
11 32 277
11 37 103
12 4 135
12 7 9
12 21 4
12 33 178
13 4 42
13 9 420
13 11 64
13 13 159
13 15 446
13 16 440
13 23 240
13 25 485
13 30 31
14 1 469
14 2 94
14 6 17
14 7 56
14 11 219
14 15 492
14 16 311
14 19 107
14 25 489
14 28 368
14 29 245
14 31 332
14 33 101
15 1 102
15 5 177
15 7 9
15 8 237
15 12 358
15 13 137
15 15 134
15 17 283
15 18 81
15 24 433
15 25 243
15 26 465
15 27 7
15 29 484
15 30 354
15 35 421
15 37 216
16 1 110
16 2 66
16 3 358
16 4 393
16 7 455
16 9 168
16 10 236
16 11 91
16 12 348
16 14 149
16 15 307
16 18 282
16 19 451
16 20 291
16 24 176
16 26 139
16 27 260
16 28 33
16 30 245
16 31 204
16 32 437
16 33 443
16 34 446
16 35 84
16 36 117
16 37 71
17 3 428
17 4 266
17 7 159
17 9 37
17 11 198
17 12 165
17 14 201
17 18 328
17 19 98
17 20 241
17 26 94
17 29 83
17 30 279
17 33 56
17 34 336
17 36 314
18 1 200
18 4 131
18 5 271
18 6 282
18 9 235
18 11 409
18 12 432
18 13 105
18 15 92
18 16 306
18 19 177
18 21 379
18 22 146
18 25 178
18 27 32
18 31 260
18 32 208
18 33 178
18 34 169
18 36 153
18 37 260
19 2 339
19 5 174
19 6 446
19 13 460
19 14 154
19 18 98
19 19 331
19 22 196
19 24 426
19 26 424
19 27 198
20 5 363
20 19 108
21 1 123
21 2 468
21 3 27
21 4 320
21 6 73
21 7 492
21 13 458
21 16 393
21 19 274
21 23 368
21 24 24
21 28 422
21 30 412
21 35 274
21 36 268
22 7 39
22 9 248
22 13 451
22 15 422
22 21 4
22 24 348
22 31 9
22 33 306
22 34 269
23 5 384
23 15 183
23 23 15
23 24 251
23 32 14
24 2 156
24 3 315
24 5 247
24 7 301
24 8 44
24 9 189
24 10 498
24 12 196
24 13 40
24 21 149
24 22 338
24 25 392
25 11 5
25 25 37
25 30 136
26 16 129
27 21 376
27 26 331
28 6 360
28 7 388
28 8 498
28 9 133
28 11 398
28 12 226
28 13 60
28 15 139
28 16 5
28 18 470
28 19 476
28 20 310
28 22 243
28 23 66
28 25 218
28 28 23
28 29 185
28 31 478
28 33 268
28 37 332
29 1 319
29 10 24
29 14 418
29 17 167
29 20 283
29 26 444
29 28 227
29 31 254
29 32 500
29 34 13
30 5 482
30 6 34
30 9 173
30 10 135
30 11 112
30 16 268
30 18 484
30 19 122
30 21 5
30 23 326
30 24 480
30 25 100
30 28 443
30 29 495
30 32 62
30 34 106
30 35 271
30 36 175
30 37 182
31 1 18
31 3 403
31 32 55
32 3 451
32 4 369
32 5 222
32 6 155
32 7 139
32 11 206
32 12 181
32 14 248
32 15 40
32 16 46
32 18 480
32 19 365
32 21 343
32 24 327
32 26 332
32 27 3
32 30 382
32 31 495
32 32 139
32 33 268
32 34 437
32 35 475
32 37 270
33 1 317
33 2 77
33 4 356
33 8 460
33 11 323
33 12 248
33 13 180
33 14 267
33 16 165
33 20 289
33 21 202
33 22 343
33 23 387
33 25 225
33 26 288
33 27 387
33 28 347
33 29 193
33 30 476
33 31 367
33 32 88
33 35 178
33 36 272
33 37 411
34 4 111
34 5 400
34 6 70
34 8 410
34 10 57
34 11 340
34 16 53
34 17 412
34 19 412
34 21 225
34 23 332
34 24 131
34 26 487
34 27 214
34 28 458
34 29 256
34 30 86
34 32 290
34 36 208
34 37 140
35 4 477
35 11 293
35 12 219
35 19 453
35 20 39
35 25 186
35 26 360
35 31 67
35 35 237
36 5 220
36 9 106
36 14 99
36 18 275
36 20 396
36 32 456
37 2 472
37 3 382
37 4 185
37 5 134
37 8 463
37 11 209
37 13 116
37 14 270
37 21 290
37 24 420
37 29 26
37 30 295
37 31 320
37 32 282
37 33 168
37 34 193
37 35 79
37 37 469
60 1246
1 2 212
1 3 101
1 5 302
1 6 184
1 8 43
1 9 241
1 13 409
1 17 43
1 18 300
1 24 298
1 25 49
1 26 150
1 30 283
1 31 466
1 32 91
1 34 206
1 35 464
1 37 282
1 41 91
1 49 296
1 50 70
1 53 207
1 56 470
1 60 319
2 1 65
2 4 267
2 10 351
2 12 392
2 15 168
2 19 183
2 20 344
2 22 3
2 24 402
2 25 193
2 30 229
2 31 403
2 34 436
2 37 293
2 42 95
2 48 186
2 50 401
3 1 171
3 3 350
3 5 193
3 7 219
3 10 281
3 15 12
3 17 237
3 20 180
3 21 129
3 22 24
3 23 335
3 25 321
3 26 166
3 27 498
3 30 361
3 37 372
3 41 259
3 42 296
3 54 236
3 55 485
3 56 285
3 58 396
3 59 366
3 60 425
4 1 127
4 4 262
4 8 409
4 16 406
4 17 147
4 19 44
4 22 328
4 25 342
4 28 428
4 29 113
4 32 45
4 43 27
4 44 287
4 46 382
4 50 119
5 25 180
5 45 400
5 53 276
6 3 274
6 4 443
6 8 30
6 13 349
6 14 346
6 19 324
6 23 461
6 25 326
6 26 326
6 30 474
6 31 366
6 34 283
6 36 33
6 41 267
6 46 292
6 48 397
6 50 97
6 51 292
6 52 493
7 5 432
7 8 343
7 10 309
7 20 345
7 23 438
7 29 360
7 31 451
7 37 71
7 38 402
7 41 338
7 43 94
7 46 83
7 48 472
8 1 330
8 3 187
8 17 405
8 23 404
8 24 237
8 25 189
8 26 102
8 30 137
8 31 210
8 33 95
8 42 31
8 45 374
8 48 73
9 1 341
9 3 471
9 5 191
9 6 33
9 7 320
9 8 303
9 10 274
9 11 315
9 12 13
9 14 314
9 16 422
9 17 54
9 18 426
9 19 58
9 22 248
9 23 374
9 29 275
9 32 360
9 33 468
9 34 73
9 35 449
9 36 453
9 39 214
9 40 331
9 43 462
9 45 386
9 47 304
9 48 449
9 50 122
9 54 448
9 55 248
9 56 236
9 59 419
10 3 280
10 7 99
10 8 196
10 9 163
10 10 200
10 12 208
10 13 425
10 15 127
10 17 422
10 19 189
10 21 176
10 23 212
10 25 459
10 26 344
10 28 134
10 29 5
10 32 428
10 34 341
10 38 419
10 39 161
10 41 80
10 44 79
10 45 315
10 46 163
10 49 463
10 50 464
10 52 362
10 53 457
10 54 57
10 56 487
10 58 16
10 59 432
10 60 59
11 5 61
11 9 131
11 10 476
11 21 63
11 24 269
11 31 357
11 44 359
12 2 166
12 3 12
12 6 480
12 7 113
12 8 89
12 15 441
12 16 281
12 19 230
12 20 210
12 23 488
12 24 417
12 28 466
12 29 25
12 30 492
12 31 286
12 32 78
12 33 239
12 34 25
12 37 221
12 38 80
12 39 98
12 40 381
12 42 101
12 44 153
12 45 469
12 47 400
12 49 296
12 51 261
12 52 238
12 56 204
12 60 56
13 2 171
13 5 145
13 6 334
13 10 288
13 14 32
13 19 267
13 20 400
13 22 378
13 23 298
13 24 269
13 25 26
13 26 110
13 27 98
13 28 204
13 29 367
13 30 496
13 32 163
13 35 383
13 39 289
13 40 372
13 41 303
13 43 174
13 44 389
13 45 215
13 46 368
13 50 198
13 51 304
13 52 38
13 55 269
13 56 20
13 57 418
13 58 381
13 59 261
14 2 18
14 5 131
14 8 222
14 10 39
14 11 19
14 20 65
14 23 299
14 25 51
14 30 323
14 31 340
14 34 248
14 36 58
14 39 354
14 40 444
14 41 274
14 45 228
14 48 90
14 51 493
14 55 457
14 59 112
15 2 14
15 3 490
15 4 491
15 5 449
15 6 420
15 7 494
15 8 65
15 11 422
15 14 186
15 15 303
15 16 359
15 18 216
15 19 483
15 22 243
15 24 181
15 26 148
15 27 499
15 29 394
15 33 484
15 35 453
15 36 294
15 37 56
15 38 378
15 39 173
15 42 116
15 43 129
15 44 408
15 45 92
15 46 168
15 47 224
15 51 194
15 52 322
15 53 164
15 56 227
15 58 440
15 60 424
16 1 348
16 3 259
16 4 376
16 7 283
16 8 445
16 9 173
16 11 16
16 14 10
16 15 261
16 16 203
16 17 412
16 18 30
16 19 81
16 23 252
16 24 358
16 25 439
16 26 180
16 29 281
16 30 15
16 31 94
16 32 240
16 33 318
16 35 287
16 36 117
16 41 25
16 42 29
16 43 487
16 44 487
16 45 49
16 46 290
16 47 467
16 49 462
16 50 36
16 54 11
16 56 197
16 60 167
17 8 39
17 10 310
17 15 290
17 23 254
17 24 256
17 28 453
17 31 429
17 36 491
17 40 454
17 42 127
17 43 317
17 50 102
17 52 291
17 54 145
17 58 472
18 2 476
18 7 192
18 8 243
18 10 241
18 12 103
18 14 300
18 15 197
18 16 56
18 17 384
18 18 392
18 19 290
18 24 56
18 26 267
18 28 408
18 33 66
18 34 29
18 35 229
18 36 287
18 37 76
18 38 41
18 40 424
18 43 244
18 45 57
18 48 147
18 51 422
18 52 468
18 53 423
18 54 28
18 56 354
19 3 455
19 4 429
19 5 74
19 6 431
19 8 54
19 9 136
19 10 170
19 12 120
19 16 358
19 19 250
19 28 319
19 29 21
19 31 297
19 32 323
19 35 269
19 36 23
19 37 14
19 38 460
19 39 487
19 43 33
19 48 194
19 51 235
19 53 408
19 56 244
19 58 469
19 59 211
20 2 492
20 4 151
20 6 287
20 8 39
20 11 255
20 14 82
20 17 116
20 18 341
20 21 227
20 22 390
20 34 212
20 35 131
20 36 480
20 45 79
20 47 306
20 48 495
20 49 432
20 51 258
20 52 92
20 56 53
20 57 500
20 58 118
20 60 451
21 4 466
21 6 499
21 11 179
21 23 145
21 27 354
21 31 334
21 44 16
21 52 370
22 21 21
22 24 173
22 35 499
22 38 423
22 44 326
23 1 203
23 3 163
23 4 290
23 5 140
23 6 365
23 8 266
23 9 188
23 10 42
23 12 255
23 15 491
23 16 331
23 18 426
23 19 324
23 21 493
23 22 444
23 23 335
23 24 173
23 25 107
23 28 23
23 30 229
23 31 6
23 32 485
23 33 10
23 34 414
23 38 137
23 39 479
23 40 451
23 44 65
23 46 112
23 49 228
23 50 327
23 52 19
23 54 371
23 55 328
23 56 460
23 57 440
23 58 327
23 60 290
24 1 105
24 2 47
24 3 295
24 4 28
24 5 317
24 6 493
24 7 396
24 10 28
24 15 286
24 20 369
24 21 467
24 25 198
24 28 1
24 30 365
24 32 353
24 33 159
24 40 297
24 43 242
24 44 125
24 47 202
24 50 497
24 52 16
25 2 416
25 8 73
25 9 31
25 12 87
25 13 211
25 16 493
25 18 44
25 19 55
25 20 264
25 22 411
25 23 492
25 24 189
25 25 458
25 26 295
25 29 397
25 30 394
25 32 216
25 34 89
25 36 492
25 38 102
25 40 149
25 41 420
25 42 253
25 43 25
25 45 489
25 47 59
25 49 353
25 51 476
25 52 125
25 53 135
25 54 415
25 55 141
25 57 47
25 58 344
25 59 407
25 60 340
26 2 166
26 4 481
26 5 469
26 6 337
26 7 30
26 8 457
26 10 359
26 11 75
26 16 42
26 17 74
26 19 10
26 20 461
26 25 474
26 26 449
26 29 358
26 30 75
26 31 376
26 32 96
26 33 62
26 34 287
26 35 355
26 36 388
26 37 159
26 38 273
26 40 191
26 41 198
26 42 491
26 44 318
26 49 112
26 50 22
26 52 314
26 54 117
26 57 248
26 59 75
27 1 153
27 3 269
27 5 400
27 7 199
27 10 210
27 12 32
27 14 180
27 16 166
27 22 185
27 23 35
27 24 367
27 27 413
27 28 45
27 29 358
27 30 101
27 31 497
27 34 354
27 36 373
27 39 250
27 40 144
27 43 135
27 45 159
27 49 115
27 50 213
27 51 94
27 52 341
27 57 415
28 2 165
28 3 411
28 4 171
28 5 464
28 6 326
28 8 446
28 12 5
28 15 251
28 16 212
28 17 26
28 18 184
28 21 475
28 24 261
28 28 399
28 29 248
28 30 57
28 31 82
28 35 239
28 36 262
28 37 145
28 38 108
28 39 202
28 41 471
28 42 288
28 43 339
28 44 99
28 46 429
28 47 350
28 51 8
28 55 336
28 56 85
28 57 276
28 58 342
29 4 283
29 6 268
29 8 45
29 17 216
29 22 326
29 26 109
29 28 221
29 30 426
29 35 218
29 38 254
29 41 459
29 49 433
29 50 477
29 53 397
29 55 70
29 60 289
30 2 156
30 5 245
30 8 469
30 9 235
30 12 250
30 13 150
30 17 253
30 19 39
30 20 156
30 21 79
30 22 13
30 25 383
30 32 140
30 33 379
30 38 166
30 45 435
30 46 211
30 48 285
30 49 22
30 53 459
30 55 377
30 60 380
31 1 471
31 9 28
31 18 437
31 19 388
31 21 291
31 24 236
31 25 326
31 35 56
31 44 24
31 46 315
31 53 134
31 55 75
32 1 285
32 4 4
32 6 332
32 13 499
32 17 296
32 18 469
32 20 315
32 21 265
32 26 161
32 28 126
32 32 22
32 35 310
32 42 175
32 47 116
32 48 102
32 49 90
32 53 466
32 54 440
32 55 347
32 56 146
32 60 316
33 3 316
33 5 325
33 6 261
33 8 427
33 17 305
33 20 225
33 22 27
33 26 194
33 31 57
33 34 330
33 35 375
33 38 388
33 39 410
33 42 317
33 43 282
33 44 452
33 46 398
33 47 412
33 48 442
33 51 343
33 53 219
33 55 82
33 60 174
34 1 50
34 2 488
34 3 356
34 4 391
34 7 71
34 8 106
34 10 81
34 13 395
34 14 69
34 22 302
34 23 28
34 24 471
34 25 258
34 26 423
34 27 11
34 28 140
34 29 312
34 30 209
34 32 192
34 33 210
34 35 383
34 40 500
34 41 110
34 42 288
34 43 93
34 46 467
34 48 445
34 50 331
34 51 342
34 54 466
34 55 443
34 58 24
34 59 150
35 6 95
35 7 62
35 9 301
35 10 309
35 11 119
35 12 197
35 14 42
35 17 461
35 21 123
35 22 214
35 26 321
35 29 65
35 34 6
35 36 344
35 40 457
35 41 326
35 44 386
35 46 6
35 47 385
35 49 81
35 50 133
35 52 311
35 54 206
35 56 377
36 5 232
36 8 4
36 11 408
36 12 412
36 17 69
36 18 99
36 19 200
36 24 89
36 26 484
36 27 498
36 28 299
36 29 44
36 33 143
36 34 115
36 36 163
36 37 105
36 39 134
36 40 486
36 47 422
36 48 10
36 50 220
36 51 474
36 53 293
36 54 105
36 57 36
36 59 215
37 2 253
37 3 329
37 4 11
37 8 364
37 9 193
37 12 90
37 15 195
37 21 406
37 23 75
37 25 428
37 27 300
37 28 289
37 30 431
37 37 402
37 38 412
37 39 164
37 42 202
37 43 273
37 44 346
37 46 82
37 49 136
37 50 39
37 51 182
37 52 397
37 53 380
37 54 74
37 58 256
37 59 454
37 60 470
38 3 143
38 5 37
38 14 236
38 24 72
38 25 444
38 26 13
38 27 277
38 29 307
38 30 195
38 32 110
38 34 497
38 36 149
38 39 468
38 42 463
38 43 260
38 44 224
38 45 187
38 47 314
38 50 361
38 52 66
38 56 430
38 59 443
39 7 383
39 9 428
39 13 400
39 15 86
39 18 211
39 19 117
39 21 244
39 23 321
39 24 147
39 26 359
39 28 431
39 32 414
39 36 63
39 39 148
39 40 169
39 41 412
39 43 49
39 45 132
39 46 135
39 48 295
39 52 473
39 53 117
39 59 331
40 7 278
40 15 418
40 20 244
40 39 382
40 44 193
40 55 342
40 56 453
40 57 451
41 11 114
41 12 8
42 6 191
42 34 103
42 39 192
42 49 347
42 58 457
42 59 485
43 1 175
43 3 114
43 4 335
43 6 66
43 8 290
43 12 293
43 16 387
43 20 448
43 21 267
43 22 310
43 23 277
43 25 43
43 27 226
43 28 407
43 31 154
43 32 46
43 33 75
43 34 86
43 37 402
43 38 167
43 43 386
43 44 343
43 46 462
43 47 16
43 51 342
43 54 69
43 56 197
43 57 155
44 2 495
44 3 26
44 6 260
44 8 451
44 9 489
44 10 176
44 11 380
44 12 431
44 16 56
44 17 140
44 18 295
44 19 373
44 20 453
44 23 29
44 24 405
44 26 2
44 29 56
44 30 59
44 35 197
44 36 464
44 37 148
44 39 18
44 42 108
44 44 452
44 46 11
44 47 281
44 50 255
44 51 144
44 52 272
44 53 48
44 55 328
44 56 354
44 57 46
44 58 476
44 59 231
45 2 312
45 5 152
45 6 13
45 7 384
45 9 100
45 12 432
45 13 150
45 14 35
45 18 218
45 21 79
45 23 156
45 26 241
45 27 340
45 29 30
45 30 386
45 32 376
45 34 142
45 38 46
45 42 454
45 43 11
45 44 104
45 45 463
45 46 494
45 48 70
45 51 486
45 52 483
45 53 402
45 54 58
45 58 156
46 8 52
46 9 326
46 24 77
46 30 90
46 36 495
46 40 211
46 54 255
46 59 429
46 60 8
47 3 294
47 8 94
47 9 14
47 10 26
47 11 347
47 15 280
47 16 25
47 17 267
47 20 314
47 23 449
47 25 47
47 26 367
47 27 375
47 32 104
47 33 167
47 38 54
47 40 470
47 42 114
47 43 293
47 44 256
47 45 79
47 46 454
47 48 100
47 49 319
47 53 37
47 54 455
47 55 130
48 2 374
48 3 325
48 10 234
48 17 88
48 19 55
48 20 119
48 23 1
48 28 320
48 31 396
48 36 96
48 43 188
48 47 50
48 48 27
48 49 140
48 57 305
49 2 24
49 5 331
49 6 324
49 7 195
49 8 388
49 10 174
49 13 474
49 14 351
49 16 35
49 17 345
49 19 415
49 21 402
49 23 453
49 25 6
49 27 470
49 28 483
49 30 296
49 31 144
49 32 251
49 33 43
49 38 107
49 42 207
49 43 380
49 47 446
49 50 373
49 53 420
49 54 85
49 56 245
49 57 34
49 59 223
49 60 499
50 1 351
50 3 500
50 5 196
50 7 270
50 19 34
50 20 211
50 24 102
50 26 257
50 29 211
50 38 10
50 49 100
50 51 418
50 54 485
51 1 297
51 13 305
51 14 438
51 17 240
51 20 224
51 23 151
51 36 19
51 37 69
51 53 290
51 56 120
51 57 46
51 58 133
51 60 415
52 4 280
52 5 273
52 7 148
52 8 450
52 9 372
52 10 155
52 13 92
52 14 445
52 16 239
52 17 405
52 18 401
52 20 88
52 24 141
52 26 10
52 28 308
52 29 70
52 30 227
52 32 49
52 33 39
52 36 242
52 37 189
52 38 457
52 40 405
52 41 493
52 42 301
52 43 207
52 47 378
52 48 254
52 50 403
52 52 95
52 53 342
52 54 494
52 56 236
52 57 366
52 58 445
54 3 68
54 23 323
54 27 320
54 29 179
54 32 235
54 35 344
54 38 45
54 39 347
54 41 22
54 46 381
54 50 413
54 51 436
54 52 405
54 55 398
55 3 442
55 7 394
55 10 257
55 14 412
55 20 194
55 23 361
55 31 488
55 33 390
55 41 362
55 46 35
55 58 135
56 7 147
56 13 267
56 16 50
56 18 8
56 21 68
56 23 472
56 26 70
56 29 98
56 31 226
56 36 244
56 37 364
56 42 284
56 43 409
56 44 459
56 60 217
57 35 290
57 48 45
58 6 389
58 7 101
58 9 408
58 11 369
58 12 328
58 14 51
58 15 238
58 18 320
58 19 232
58 20 38
58 21 175
58 23 147
58 25 195
58 27 239
58 31 203
58 32 441
58 34 73
58 35 241
58 38 318
58 39 233
58 40 41
58 46 300
58 49 83
58 50 275
58 52 44
58 54 427
58 58 311
58 59 352
58 60 210
59 1 260
59 6 230
59 8 119
59 9 19
59 15 428
59 24 369
59 27 101
59 29 187
59 30 116
59 31 355
59 34 385
59 35 359
59 38 375
59 40 420
59 42 277
59 44 269
59 46 187
59 49 47
59 60 155
60 47 16
13 150
1 1 304
1 2 46
1 3 389
1 4 324
1 5 354
1 6 496
1 7 63
1 8 95
1 9 400
1 10 130
1 11 430
1 12 104
1 13 113
2 1 55
2 2 170
2 3 365
2 4 32
2 5 169
2 7 135
2 8 192
2 9 383
2 10 21
2 12 212
2 13 94
3 8 252
3 11 394
4 1 228
4 2 334
4 3 46
4 4 150
4 5 153
4 6 251
4 7 338
4 8 210
4 9 43
4 10 288
4 11 401
4 12 487
4 13 115
5 1 368
5 2 425
5 3 419
5 4 137
5 5 52
5 6 179
5 7 441
5 8 421
5 9 430
5 10 136
5 11 304
5 12 174
5 13 114
6 1 348
6 2 59
6 3 405
6 4 357
6 5 425
6 6 450
6 7 266
6 8 102
6 9 352
6 10 408
6 11 128
6 12 419
6 13 234
7 1 295
7 2 267
7 3 154
7 4 403
7 5 307
7 6 8
7 8 458
7 9 199
7 10 415
7 11 127
7 12 327
7 13 228
8 1 337
8 2 156
8 3 388
8 4 126
8 5 196
8 6 362
8 7 423
8 8 362
8 9 185
8 10 20
8 11 200
8 12 262
8 13 393
9 1 187
9 2 103
9 3 359
9 4 388
9 5 457
9 6 464
9 7 98
9 8 214
9 9 431
9 10 13
9 11 112
9 12 397
9 13 386
10 1 488
10 2 330
10 3 212
10 4 327
10 5 371
10 6 136
10 7 199
10 8 44
10 9 71
10 10 141
10 11 319
10 12 316
10 13 260
11 1 155
11 2 434
11 3 132
11 4 224
11 5 279
11 6 170
11 7 17
11 8 51
11 9 8
11 10 295
11 11 223
11 12 407
11 13 479
12 3 167
12 4 458
12 5 409
12 6 7
12 7 151
12 9 136
12 11 433
12 12 454
13 1 381
13 2 337
13 3 449
13 4 470
13 5 442
13 6 160
13 7 102
13 8 497
13 9 39
13 10 152
13 11 219
13 12 160
13 13 184

