240192 36061680 6912
744770 4245306 3380
18343884 45907602 30420
4665810 47332176 181656
2060004 525585 54
11214050 35467830 400
8587992 30289014 8820
2694048 1402152 1728
48804 11966577 2205
201227 2447328 676
2582762 39894621 507
21933315 59789595 390150
1294540 60779160 68546400
31887890 73945092 14812
43861272 16380936 681408
100840 4077030 300
32395408 6941607 2645
3198840 15772545 1350
25476 1064268 720
4805757 11379609 5103
2555886 71117367 31085883
21312300 2755908 720
32549888 37985199 70756
6790203 31981986 6986007
1516410 16142730 3600
10956608 4660224 16384
20047950 60852975 22500
4824765 62702679 22743
13321660 25527447 605
730728 4878894 144
13827216 1073592 486720
10945900 52195641 2166
27661700 30744780 242000
2411700 4662000 270000
321300 16743240 2041200
257976 3029190 216
