5450376 78566688 2304
1506744 1244754 1296
43024254 45916038 345744
22598880 74755170 3600
771305 64636854 1587
5425260 45551070 5400
20100964 87367878 4732
31556115 36730011 28566
7760790 15211440 32400
19093760 6906864 1280
22246290 23451525 6075
506220 8112324 87120
1997688 3535128 3456
30932010 5056938 20412
51893100 17962020 226800
5096988 915417 405
318453 8533125 36
1567350 30405120 4500
51539400 1068930 32400
16631937 68165433 19845
2293623 227106 486
742770 21631680 2381400
24568590 29117520 6300
50877430 58608333 1156
356752 63631194 3388
35532105 63382110 567675
8305902 13299132 30492
713250 5321340 56700
42202230 1987566 12348
766080 5933616 11520
20172516 434565 30276
11839704 21263160 3154176
26348160 26926380 18000
23767216 57032688 1792
