122096 10416240 1792
11874450 67156110 570786300
1168690 45286557 1083
34284852 42626997 19845
3179736 8833158 11664
15576480 15948480 921600
9462000 33499800 2520000
8606145 9000657 27
8654352 41294664 3456
18774600 2194470 5400
5357568 57235152 9216
14938000 10388712 192
27844614 41959998 17496
8882622 53762184 1000188
1591788 6501714 180
7194768 20683740 42336
14699944 22302120 320
4060560 5685864 2304
7539168 12964800 36864
1567080 11309346 972
23964240 3655230 6300
3816384 15855684 121680
5493890 54658842 8092
6084960 50909040 8467200
52582200 50793600 130680000
29946537 47157795 3645
2701030 8196240 500
8902985 16468959 1014
31153356 13298688 7884864
32806080 23389920 8294400
20837115 4333329 41067
44908708 33910500 13520
31465096 27849900 18508880
19270625 5219775 302500
1924510 15448425 27075
6714900 11888100 51030000
6016274 38965884 9884180
