262868328 665 7
873026928 433 4
933092541 2243 7
735291126 1214 20
1175955669 3339 15876
44311518 2908 28
63916614 1678 28
312581250 534 108
1620771291 3682 3
626912955 3303 405
1073729097 2956 6
514283679 52 845
1221517512 3326 20
173195019 490 4
178046280 989 3
375597630 322 28
730839969 2978 4
246314025 1922 4
600606117 375 63
141736842 3679 676
730389852 132 576
1279582605 447 27
724188240 1482 252
1146548025 2091 54
536039334 1537 3
918888849 685 5
472922928 853 3
979054488 2518 28
585802269 2990 507
763048341 2163 36
1344449466 1616 24
326784942 1145 7
115980147 3775 7
199501857 1558 7
91273725 711 567
191249712 298 28
1597465233 1812 27
277072020 1591 5
