52085160 46478808 31104
3151264 24103761 2166
3394509 33262149 10404
4166422 15754674 4627220
4386714 5255184 252
30143616 10922400 64512
498996 22758552 5184
1560240 3746250 40500
14873846 978576 7220
29484350 59412750 12500
1582720 25783968 3072
346144 2478741 5
40838112 56189754 1944
12488073 17440098 10647
27681784 83901792 54080
986076 4041954 63504
11045085 34323975 675
2779056 22903296 11520
35553408 53977968 1115136
954880 3356418 24
16889600 18186240 9830400
676200 5938278 95220
4318548 21265380 553536
6247280 19236744 384
10109965 14875665 175
12070850 35577498 419628
8550000 44871750 30375000
17890020 1661670 32400
121495 832611 7
2139760 9300690 19600
1203442 3539124 12
7294482 17698950 1296
1022406 17515134 8820
210675 2188476 126405
639231 10278378 54
9724758 9287370 180
10458720 99030870 510300
748440 13466964 21168
