22468 2845 6
531 1603 7
13195 2946 7
13220 47 3
15078 3493 294
17923 2820 6
22243 3600 7
15063 3642 54
26505 3683 7
19568 3018 28
9415 2751 343
30299 3623 3
2987 1987 5
27699 3132 54
11221 1374 314646
29369 919 3
26922 1494 216
20263 2372 4
1485 3585 675
16578 3444 216
2123 3738 7
14511 583 6
21013 1862 5
17415 2384 4
31284 1847 5
23598 713 2116
16440 3184 384
4448 3151 6
11121 2163 54
17292 798 108
10850 2016 1176
23910 3688 24
18035 3662 6
17848 826 28
16358 1359 4
31480 3664 384
1719 9740 4
1042 3360 12
