8519280 35333520 403200
9174600 57965310 24300
26923568 24652656 103036416
7683984 44994960 1119744
402696 348096 197568
20290280 25677630 600
3036072 86934978 58302972
4375000 15425004 5488
20259720 80747394 24986988
5814150 37407555 1575
10529640 40084875 14175
5987630 44336952 1936
35221928 4214448 12879552
230373 10109880 29403
9037878 13303350 252
2276200 6591624 192
2051064 6889992 4032
4691120 30601368 9408
7463523 20127852 33327
11539080 39827466 47628
5735220 31421880 14400
244860 10893096 720
9646344 59544396 79840080
16820136 5607720 36288
91422 4517145 405
49679000 40153140 2800
18353920 68762280 8000
23754432 50109840 16128
15895600 90309600 960000
9526608 25196556 49392
4903332 14097888 2074464
46050876 74502423 2916
2179320 30014400 14601600
586530 3523917 27
7927140 12640680 4258800
223200 2626149 45
