12193200 79384536 233280
28962764 61127256 17328
37315728 65478456 2099520
30918888 32978988 1714608
13789776 7726488 17075520
20999250 59243475 39375
12891690 94081824 14580
6911124 9838818 30492
1173816 36075666 52020
5068320 622488 4032
1670425 3626037 5
772200 22675302 1971216
1430400 13762224 16128
91644002 64299525 4205
12859350 56920689 2414916
16169475 15437325 28125
1356928 33152592 1536
22336320 37276464 9216
1639950 22067910 4500
6278012 16334760 14807104
1341900 11965245 900
5253612 18195786 10584
33503439 67058208 45414
16327638 104112117 476847
8995392 6892212 864
16429152 17813280 64512
15739920 72214380 11113200
15383616 34791840 36864
3061080 14777430 5400
4147416 10532124 3888
10316544 21132846 5292
31480500 84901125 984375
332125 27972000 62500
22915025 88156200 3422500
14588 4733262 24
26778600 70462800 9720000
23510025 33704595 12150
417180 18308340 21600
