4632096 20568744 141120
8182746 50603679 93636
7877760 22945365 1350
4461100 15914625 3125
48579744 6262953 10404
25393185 14037948 486
931980 14948703 3087
2594511 8073918 236196
20523382 19807728 13837852
10861632 52528752 62208
19470240 519480 4665600
38802024 4675986 468180
15316816 26669304 525696
26246220 60859413 9747
1449656 2134974 28
48751648 39352830 1452
1697955 9645678 3087
16893926 23006193 245
6816720 4035294 252
247020 10712943 45
13210992 46452168 72809280
18315528 25568961 3267
53157000 46224840 60552000
16222817 6431451 507
26045496 21646332 58320
5380128 44233056 497664
19161000 55486125 6328125
32920020 7170822 11664
167580 1634364 9072
1712788 24246618 2904
27028980 57875400 19602000
709536 17042829 22743
11721556 23139837 294
8580984 36073224 4032
5881008 42735 1323
20927830 17837589 41503
