8519280 35333520
9174600 57965310
26923568 24652656
7683984 44994960
402696 348096
20290280 25677630
3036072 86934978
4375000 15425004
20259720 80747394
5814150 37407555
10529640 40084875
5987630 44336952
35221928 4214448
230373 10109880
9037878 13303350
2276200 6591624
2051064 6889992
4691120 30601368
7463523 20127852
11539080 39827466
5735220 31421880
244860 10893096
9646344 59544396
16820136 5607720
91422 4517145
49679000 40153140
18353920 68762280
23754432 50109840
15895600 90309600
9526608 25196556
4903332 14097888
46050876 74502423
2179320 30014400
586530 3523917
7927140 12640680
223200 2626149
