12193200 79384536
28962764 61127256
37315728 65478456
30918888 32978988
13789776 7726488
20999250 59243475
12891690 94081824
6911124 9838818
1173816 36075666
5068320 622488
1670425 3626037
772200 22675302
1430400 13762224
91644002 64299525
12859350 56920689
16169475 15437325
1356928 33152592
22336320 37276464
1639950 22067910
6278012 16334760
1341900 11965245
5253612 18195786
33503439 67058208
16327638 104112117
8995392 6892212
16429152 17813280
15739920 72214380
15383616 34791840
3061080 14777430
4147416 10532124
10316544 21132846
31480500 84901125
332125 27972000
22915025 88156200
14588 4733262
26778600 70462800
23510025 33704595
417180 18308340
