10 10
5 8 8 1 2 10 10 5 1 4 
4 10 990
5 10 85
3 5 549
2 3 308
4 8 262
7 8 834
4 9 816
1 9 659
3 4 769
2 8 421
13 91
1148 1445 1589 2228 2569 2725 2924 2991 3190 3550 3561 3699 3749 
1 1 315
1 2 338
1 3 420
1 4 241
1 5 291
1 6 359
1 7 131
1 8 389
1 9 10
1 10 129
1 11 161
1 12 255
1 13 371
2 2 55
2 3 221
2 4 111
2 5 334
2 6 212
2 7 203
2 8 232
2 9 433
2 10 423
2 11 186
2 12 456
2 13 124
3 3 9
3 4 202
3 5 248
3 6 356
3 7 197
3 8 64
3 9 132
3 10 322
3 11 239
3 12 394
3 13 206
4 4 176
4 5 339
4 6 392
4 7 271
4 8 101
4 9 274
4 10 348
4 11 276
4 12 366
4 13 305
5 5 191
5 6 343
5 7 287
5 8 377
5 9 228
5 10 331
5 11 424
5 12 136
5 13 284
6 6 103
6 7 234
6 8 298
6 9 80
6 10 314
6 11 192
6 12 58
6 13 358
7 7 335
7 8 222
7 9 395
7 10 70
7 11 225
7 12 137
7 13 294
8 8 453
8 9 168
8 10 309
8 11 155
8 12 90
8 13 281
9 9 368
9 10 313
9 11 193
9 12 247
9 13 133
10 10 451
10 11 76
10 12 444
10 13 69
11 11 210
11 12 193
11 13 109
12 12 128
12 13 303
13 13 187
13 91
220 337 419 757 1347 1841 2194 2387 2738 2967 3411 3529 3668 
1 1 139
1 2 74
1 3 251
1 4 185
1 5 351
1 6 74
1 7 252
1 8 230
1 9 168
1 10 250
1 11 340
1 12 224
1 13 330
2 2 263
2 3 229
2 4 30
2 5 150
2 6 312
2 7 300
2 8 95
2 9 168
2 10 152
2 11 181
2 12 81
2 13 144
3 3 30
3 4 322
3 5 448
3 6 73
3 7 295
3 8 93
3 9 326
3 10 303
3 11 207
3 12 147
3 13 53
4 4 424
4 5 379
4 6 26
4 7 116
4 8 96
4 9 413
4 10 148
4 11 313
4 12 177
4 13 162
5 5 55
5 6 158
5 7 170
5 8 292
5 9 138
5 10 255
5 11 254
5 12 312
5 13 369
6 6 345
6 7 307
6 8 241
6 9 319
6 10 154
6 11 277
6 12 39
6 13 192
7 7 419
7 8 397
7 9 114
7 10 185
7 11 133
7 12 21
7 13 278
8 8 201
8 9 292
8 10 335
8 11 12
8 12 359
8 13 344
9 9 401
9 10 116
9 11 88
9 12 270
9 13 371
10 10 215
10 11 144
10 12 206
10 13 402
11 11 72
11 12 210
11 13 85
12 12 307
12 13 162
13 13 305
3 6
196 418 2141 
1 1 274
1 2 357
1 3 140
2 2 246
2 3 183
3 3 327
15 120
120 226 288 600 630 871 1089 1500 1645 1991 2059 2159 2428 2497 3050 
1 1 316
1 2 380
1 3 91
1 4 442
1 5 368
1 6 175
1 7 302
1 8 283
1 9 105
1 10 96
1 11 420
1 12 234
1 13 249
1 14 176
1 15 102
2 2 338
2 3 254
2 4 153
2 5 90
2 6 344
2 7 235
2 8 366
2 9 131
2 10 419
2 11 297
2 12 94
2 13 183
2 14 191
2 15 203
3 3 149
3 4 94
3 5 106
3 6 186
3 7 404
3 8 297
3 9 342
3 10 378
3 11 316
3 12 404
3 13 140
3 14 261
3 15 314
4 4 211
4 5 351
4 6 95
4 7 122
4 8 264
4 9 296
4 10 214
4 11 308
4 12 47
4 13 318
4 14 228
4 15 317
5 5 249
5 6 98
5 7 381
5 8 341
5 9 63
5 10 354
5 11 226
5 12 412
5 13 118
5 14 219
5 15 315
6 6 282
6 7 93
6 8 95
6 9 439
6 10 192
6 11 206
6 12 205
6 13 230
6 14 170
6 15 98
7 7 192
7 8 363
7 9 356
7 10 346
7 11 344
7 12 122
7 13 238
7 14 225
7 15 262
8 8 378
8 9 158
8 10 398
8 11 132
8 12 392
8 13 357
8 14 86
8 15 300
9 9 378
9 10 356
9 11 393
9 12 129
9 13 254
9 14 29
9 15 210
10 10 364
10 11 136
10 12 18
10 13 411
10 14 147
10 15 263
11 11 305
11 12 146
11 13 268
11 14 242
11 15 324
12 12 272
12 13 398
12 14 390
12 15 195
13 13 244
13 14 283
13 15 137
14 14 197
14 15 270
15 15 78
4 10
780 1653 1962 2461 
1 1 209
1 2 102
1 3 349
1 4 296
2 2 338
2 3 304
2 4 118
3 3 131
3 4 121
4 4 372
12 78
597 677 783 813 975 1210 1493 1712 2500 2581 3443 3461 
1 1 78
1 2 437
1 3 297
1 4 244
1 5 215
1 6 45
1 7 72
1 8 91
1 9 382
1 10 118
1 11 442
1 12 436
2 2 191
2 3 171
2 4 382
2 5 163
2 6 333
2 7 186
2 8 43
2 9 186
2 10 255
2 11 173
2 12 132
3 3 8
3 4 225
3 5 239
3 6 242
3 7 249
3 8 293
3 9 109
3 10 123
3 11 286
3 12 338
4 4 84
4 5 190
4 6 183
4 7 157
4 8 287
4 9 312
4 10 147
4 11 452
4 12 150
5 5 400
5 6 297
5 7 253
5 8 436
5 9 382
5 10 48
5 11 298
5 12 102
6 6 155
6 7 383
6 8 375
6 9 144
6 10 72
6 11 98
6 12 69
7 7 141
7 8 271
7 9 318
7 10 41
7 11 334
7 12 360
8 8 351
8 9 375
8 10 278
8 11 156
8 12 425
9 9 100
9 10 176
9 11 440
9 12 369
10 10 53
10 11 258
10 12 265
11 11 191
11 12 322
12 12 375
7 28
95 948 1033 1454 2306 2939 3532 
1 1 193
1 2 248
1 3 109
1 4 358
1 5 279
1 6 279
1 7 388
2 2 394
2 3 224
2 4 153
2 5 324
2 6 344
2 7 51
3 3 127
3 4 389
3 5 228
3 6 277
3 7 134
4 4 253
4 5 122
4 6 189
4 7 340
5 5 105
5 6 250
5 7 202
6 6 58
6 7 21
7 7 46
17 153
88 218 517 707 1375 1775 2145 2809 2948 2956 2971 3007 3020 3156 3540 3560 3627 
1 1 218
1 2 142
1 3 379
1 4 107
1 5 335
1 6 367
1 7 439
1 8 286
1 9 137
1 10 367
1 11 411
1 12 177
1 13 266
1 14 126
1 15 316
1 16 61
1 17 430
2 2 147
2 3 352
2 4 114
2 5 244
2 6 274
2 7 253
2 8 336
2 9 254
2 10 141
2 11 130
2 12 202
2 13 363
2 14 121
2 15 356
2 16 379
2 17 98
3 3 343
3 4 109
3 5 188
3 6 111
3 7 78
3 8 232
3 9 292
3 10 284
3 11 202
3 12 386
3 13 147
3 14 187
3 15 213
3 16 90
3 17 293
4 4 330
4 5 232
4 6 190
4 7 75
4 8 170
4 9 377
4 10 353
4 11 187
4 12 212
4 13 145
4 14 245
4 15 341
4 16 152
4 17 128
5 5 397
5 6 334
5 7 212
5 8 364
5 9 65
5 10 311
5 11 312
5 12 94
5 13 338
5 14 128
5 15 153
5 16 302
5 17 221
6 6 347
6 7 360
6 8 292
6 9 259
6 10 405
6 11 207
6 12 220
6 13 159
6 14 295
6 15 216
6 16 189
6 17 123
7 7 194
7 8 56
7 9 181
7 10 348
7 11 237
7 12 377
7 13 177
7 14 68
7 15 273
7 16 384
7 17 272
8 8 453
8 9 363
8 10 104
8 11 228
8 12 383
8 13 454
8 14 245
8 15 210
8 16 294
8 17 295
9 9 440
9 10 113
9 11 317
9 12 332
9 13 307
9 14 253
9 15 105
9 16 359
9 17 220
10 10 31
10 11 83
10 12 172
10 13 333
10 14 279
10 15 440
10 16 80
10 17 106
11 11 201
11 12 123
11 13 156
11 14 267
11 15 271
11 16 156
11 17 184
12 12 300
12 13 336
12 14 461
12 15 282
12 16 103
12 17 114
13 13 194
13 14 386
13 15 303
13 16 137
13 17 65
14 14 210
14 15 215
14 16 178
14 17 99
15 15 295
15 16 292
15 17 397
16 16 310
16 17 186
17 17 436
4 10
992 1124 3298 3347 
1 1 175
1 2 180
1 3 352
1 4 249
2 2 287
2 3 199
2 4 369
3 3 184
3 4 389
4 4 341
6 21
317 1978 2005 2115 2613 3804 
1 1 262
1 2 373
1 3 320
1 4 102
1 5 312
1 6 416
2 2 34
2 3 195
2 4 39
2 5 286
2 6 139
3 3 249
3 4 286
3 5 364
3 6 223
4 4 122
4 5 89
4 6 295
5 5 84
5 6 234
6 6 243
5 15
115 215 596 1736 3380 
1 1 106
1 2 148
1 3 135
1 4 346
1 5 184
2 2 366
2 3 174
2 4 149
2 5 96
3 3 50
3 4 137
3 5 74
4 4 306
4 5 101
5 5 85
4 10
1244 2178 2316 2867 
1 1 383
1 2 112
1 3 294
1 4 39
2 2 382
2 3 124
2 4 390
3 3 198
3 4 307
4 4 107
11 66
493 1191 1281 1291 1335 1431 2478 2872 3124 3425 3817 
1 1 233
1 2 126
1 3 299
1 4 164
1 5 292
1 6 403
1 7 400
1 8 234
1 9 138
1 10 205
1 11 213
2 2 263
2 3 51
2 4 181
2 5 336
2 6 382
2 7 237
2 8 323
2 9 354
2 10 156
2 11 363
3 3 389
3 4 117
3 5 235
3 6 127
3 7 93
3 8 362
3 9 365
3 10 351
3 11 70
4 4 411
4 5 142
4 6 432
4 7 76
4 8 93
4 9 247
4 10 186
4 11 256
5 5 240
5 6 228
5 7 147
5 8 316
5 9 254
5 10 63
5 11 265
6 6 37
6 7 333
6 8 372
6 9 114
6 10 429
6 11 336
7 7 265
7 8 300
7 9 195
7 10 102
7 11 415
8 8 294
8 9 177
8 10 191
8 11 156
9 9 284
9 10 184
9 11 106
10 10 222
10 11 323
11 11 268
16 136
60 489 509 1064 1444 1728 1825 2217 2357 2850 3220 3251 3454 3505 3629 3708 
1 1 266
1 2 104
1 3 287
1 4 110
1 5 108
1 6 206
1 7 203
1 8 459
1 9 155
1 10 348
1 11 378
1 12 165
1 13 125
1 14 98
1 15 128
1 16 64
2 2 243
2 3 200
2 4 280
2 5 188
2 6 122
2 7 353
2 8 333
2 9 283
2 10 78
2 11 199
2 12 78
2 13 142
2 14 137
2 15 145
2 16 317
3 3 324
3 4 384
3 5 368
3 6 381
3 7 229
3 8 110
3 9 99
3 10 417
3 11 204
3 12 200
3 13 270
3 14 153
3 15 277
3 16 302
4 4 99
4 5 168
4 6 265
4 7 299
4 8 362
4 9 353
4 10 194
4 11 291
4 12 265
4 13 292
4 14 116
4 15 268
4 16 108
5 5 321
5 6 57
5 7 168
5 8 459
5 9 248
5 10 47
5 11 254
5 12 440
5 13 368
5 14 250
5 15 132
5 16 191
6 6 418
6 7 111
6 8 168
6 9 217
6 10 310
6 11 403
6 12 404
6 13 129
6 14 142
6 15 170
6 16 297
7 7 374
7 8 79
7 9 423
7 10 150
7 11 318
7 12 447
7 13 295
7 14 392
7 15 266
7 16 419
8 8 320
8 9 28
8 10 52
8 11 37
8 12 344
8 13 68
8 14 350
8 15 251
8 16 239
9 9 323
9 10 34
9 11 143
9 12 128
9 13 24
9 14 27
9 15 117
9 16 256
10 10 132
10 11 131
10 12 217
10 13 326
10 14 198
10 15 59
10 16 398
11 11 107
11 12 157
11 13 342
11 14 254
11 15 453
11 16 338
12 12 200
12 13 363
12 14 123
12 15 261
12 16 161
13 13 386
13 14 325
13 15 206
13 16 171
14 14 162
14 15 148
14 16 180
15 15 226
15 16 109
16 16 130
12 78
111 259 392 459 533 565 580 1036 1225 1261 1724 2786 
1 1 178
1 2 211
1 3 197
1 4 206
1 5 195
1 6 223
1 7 225
1 8 251
1 9 151
1 10 246
1 11 139
1 12 178
2 2 174
2 3 265
2 4 136
2 5 289
2 6 250
2 7 78
2 8 159
2 9 210
2 10 153
2 11 350
2 12 199
3 3 81
3 4 276
3 5 421
3 6 144
3 7 323
3 8 415
3 9 137
3 10 357
3 11 189
3 12 62
4 4 172
4 5 205
4 6 339
4 7 420
4 8 208
4 9 86
4 10 246
4 11 347
4 12 247
5 5 146
5 6 132
5 7 138
5 8 269
5 9 267
5 10 178
5 11 413
5 12 161
6 6 270
6 7 333
6 8 99
6 9 392
6 10 395
6 11 191
6 12 429
7 7 37
7 8 270
7 9 340
7 10 359
7 11 127
7 12 134
8 8 132
8 9 250
8 10 156
8 11 430
8 12 29
9 9 116
9 10 312
9 11 56
9 12 303
10 10 152
10 11 217
10 12 212
11 11 377
11 12 295
12 12 238
