4 10
579 683 1952 3013 
1 1 217
1 2 268
1 3 212
1 4 279
2 2 218
2 3 222
2 4 232
3 3 104
3 4 393
4 4 171
3 6
61 277 1139 
1 1 13
1 2 325
1 3 326
2 2 455
2 3 354
3 3 308
16 136
100 346 351 883 973 990 1600 1619 1999 2773 2823 2973 3000 3172 3496 3608 
1 1 73
1 2 441
1 3 105
1 4 267
1 5 309
1 6 118
1 7 388
1 8 189
1 9 115
1 10 305
1 11 78
1 12 301
1 13 249
1 14 305
1 15 257
1 16 219
2 2 172
2 3 222
2 4 180
2 5 365
2 6 242
2 7 17
2 8 26
2 9 47
2 10 304
2 11 241
2 12 337
2 13 438
2 14 100
2 15 288
2 16 142
3 3 300
3 4 354
3 5 151
3 6 66
3 7 286
3 8 114
3 9 208
3 10 425
3 11 261
3 12 205
3 13 208
3 14 197
3 15 354
3 16 445
4 4 184
4 5 445
4 6 425
4 7 189
4 8 117
4 9 207
4 10 120
4 11 228
4 12 80
4 13 43
4 14 153
4 15 270
4 16 143
5 5 163
5 6 183
5 7 276
5 8 63
5 9 384
5 10 458
5 11 170
5 12 104
5 13 258
5 14 74
5 15 367
5 16 339
6 6 122
6 7 101
6 8 99
6 9 337
6 10 443
6 11 53
6 12 248
6 13 414
6 14 96
6 15 146
6 16 55
7 7 358
7 8 382
7 9 112
7 10 343
7 11 194
7 12 217
7 13 87
7 14 298
7 15 283
7 16 150
8 8 76
8 9 33
8 10 358
8 11 139
8 12 321
8 13 418
8 14 154
8 15 218
8 16 401
9 9 401
9 10 270
9 11 91
9 12 291
9 13 155
9 14 321
9 15 149
9 16 324
10 10 414
10 11 367
10 12 458
10 13 363
10 14 283
10 15 331
10 16 23
11 11 72
11 12 341
11 13 89
11 14 316
11 15 114
11 16 361
12 12 114
12 13 116
12 14 289
12 15 348
12 16 389
13 13 174
13 14 165
13 15 43
13 16 293
14 14 101
14 15 170
14 16 48
15 15 376
15 16 333
16 16 146
15 120
679 724 844 877 1063 1230 1418 1815 1818 1836 1974 2099 2507 3453 3654 
1 1 379
1 2 249
1 3 413
1 4 358
1 5 276
1 6 267
1 7 300
1 8 305
1 9 85
1 10 56
1 11 273
1 12 178
1 13 388
1 14 285
1 15 321
2 2 235
2 3 404
2 4 169
2 5 119
2 6 175
2 7 173
2 8 368
2 9 74
2 10 403
2 11 371
2 12 99
2 13 107
2 14 39
2 15 263
3 3 408
3 4 361
3 5 165
3 6 340
3 7 305
3 8 160
3 9 222
3 10 332
3 11 62
3 12 189
3 13 400
3 14 386
3 15 228
4 4 109
4 5 125
4 6 124
4 7 149
4 8 367
4 9 363
4 10 98
4 11 415
4 12 135
4 13 291
4 14 279
4 15 206
5 5 59
5 6 348
5 7 216
5 8 265
5 9 90
5 10 366
5 11 458
5 12 222
5 13 278
5 14 166
5 15 374
6 6 206
6 7 242
6 8 278
6 9 251
6 10 168
6 11 40
6 12 204
6 13 83
6 14 171
6 15 43
7 7 174
7 8 278
7 9 161
7 10 335
7 11 295
7 12 165
7 13 311
7 14 427
7 15 347
8 8 419
8 9 219
8 10 326
8 11 382
8 12 211
8 13 137
8 14 389
8 15 147
9 9 261
9 10 316
9 11 72
9 12 132
9 13 200
9 14 131
9 15 372
10 10 366
10 11 147
10 12 111
10 13 189
10 14 179
10 15 261
11 11 317
11 12 116
11 13 315
11 14 442
11 15 226
12 12 207
12 13 321
12 14 267
12 15 42
13 13 109
13 14 211
13 15 83
14 14 136
14 15 336
15 15 95
10 55
128 544 1087 2103 2647 3001 3194 3618 3715 3780 
1 1 225
1 2 176
1 3 285
1 4 225
1 5 152
1 6 221
1 7 158
1 8 251
1 9 241
1 10 69
2 2 397
2 3 243
2 4 296
2 5 237
2 6 385
2 7 338
2 8 333
2 9 152
2 10 468
3 3 173
3 4 112
3 5 354
3 6 328
3 7 399
3 8 146
3 9 76
3 10 339
4 4 377
4 5 108
4 6 157
4 7 258
4 8 313
4 9 283
4 10 278
5 5 120
5 6 294
5 7 195
5 8 251
5 9 298
5 10 222
6 6 374
6 7 193
6 8 307
6 9 147
6 10 387
7 7 167
7 8 235
7 9 351
7 10 323
8 8 204
8 9 37
8 10 90
9 9 23
9 10 199
10 10 32
15 120
330 356 356 541 598 721 870 1214 1752 1979 2459 2992 3469 3597 3806 
1 1 176
1 2 282
1 3 77
1 4 237
1 5 380
1 6 459
1 7 325
1 8 181
1 9 236
1 10 177
1 11 97
1 12 288
1 13 352
1 14 125
1 15 188
2 2 203
2 3 221
2 4 394
2 5 417
2 6 85
2 7 162
2 8 384
2 9 393
2 10 109
2 11 324
2 12 371
2 13 67
2 14 212
2 15 224
3 3 371
3 4 266
3 5 440
3 6 288
3 7 137
3 8 410
3 9 114
3 10 267
3 11 158
3 12 434
3 13 187
3 14 244
3 15 286
4 4 118
4 5 218
4 6 274
4 7 246
4 8 174
4 9 180
4 10 376
4 11 260
4 12 120
4 13 399
4 14 217
4 15 193
5 5 93
5 6 299
5 7 230
5 8 198
5 9 270
5 10 100
5 11 167
5 12 207
5 13 377
5 14 209
5 15 214
6 6 145
6 7 160
6 8 67
6 9 113
6 10 378
6 11 144
6 12 70
6 13 291
6 14 336
6 15 28
7 7 182
7 8 255
7 9 271
7 10 214
7 11 142
7 12 364
7 13 53
7 14 286
7 15 256
8 8 338
8 9 88
8 10 430
8 11 120
8 12 370
8 13 348
8 14 67
8 15 334
9 9 199
9 10 166
9 11 131
9 12 199
9 13 226
9 14 379
9 15 275
10 10 191
10 11 159
10 12 308
10 13 190
10 14 282
10 15 81
11 11 80
11 12 245
11 13 351
11 14 200
11 15 35
12 12 193
12 13 310
12 14 364
12 15 217
13 13 380
13 14 175
13 15 281
14 14 295
14 15 421
15 15 140
14 105
91 172 272 712 1528 1542 1712 1793 1912 2183 2319 2694 3143 3450 
1 1 299
1 2 288
1 3 211
1 4 359
1 5 347
1 6 238
1 7 214
1 8 183
1 9 221
1 10 323
1 11 269
1 12 146
1 13 389
1 14 72
2 2 417
2 3 25
2 4 293
2 5 246
2 6 167
2 7 185
2 8 280
2 9 366
2 10 202
2 11 36
2 12 174
2 13 256
2 14 245
3 3 259
3 4 244
3 5 304
3 6 422
3 7 79
3 8 71
3 9 252
3 10 135
3 11 107
3 12 233
3 13 285
3 14 189
4 4 60
4 5 407
4 6 115
4 7 456
4 8 120
4 9 193
4 10 371
4 11 180
4 12 277
4 13 204
4 14 313
5 5 201
5 6 204
5 7 127
5 8 88
5 9 409
5 10 210
5 11 335
5 12 31
5 13 330
5 14 376
6 6 301
6 7 271
6 8 106
6 9 196
6 10 113
6 11 172
6 12 382
6 13 317
6 14 237
7 7 174
7 8 88
7 9 107
7 10 81
7 11 329
7 12 406
7 13 383
7 14 176
8 8 355
8 9 283
8 10 391
8 11 119
8 12 167
8 13 56
8 14 239
9 9 354
9 10 295
9 11 453
9 12 417
9 13 217
9 14 336
10 10 89
10 11 395
10 12 292
10 13 237
10 14 438
11 11 132
11 12 141
11 13 138
11 14 178
12 12 179
12 13 393
12 14 218
13 13 186
13 14 172
14 14 84
17 153
32 73 405 446 570 734 1046 1099 1165 1606 1674 2028 2375 2625 2743 2952 3058 
1 1 368
1 2 81
1 3 345
1 4 14
1 5 125
1 6 210
1 7 433
1 8 377
1 9 165
1 10 189
1 11 400
1 12 466
1 13 391
1 14 187
1 15 285
1 16 238
1 17 237
2 2 370
2 3 244
2 4 119
2 5 322
2 6 51
2 7 98
2 8 135
2 9 289
2 10 214
2 11 359
2 12 215
2 13 311
2 14 132
2 15 380
2 16 250
2 17 171
3 3 295
3 4 99
3 5 234
3 6 255
3 7 328
3 8 431
3 9 375
3 10 402
3 11 296
3 12 206
3 13 90
3 14 348
3 15 208
3 16 216
3 17 166
4 4 127
4 5 133
4 6 238
4 7 164
4 8 404
4 9 125
4 10 231
4 11 200
4 12 180
4 13 239
4 14 193
4 15 190
4 16 138
4 17 234
5 5 392
5 6 129
5 7 112
5 8 282
5 9 171
5 10 363
5 11 323
5 12 393
5 13 67
5 14 169
5 15 221
5 16 283
5 17 290
6 6 165
6 7 113
6 8 340
6 9 240
6 10 188
6 11 382
6 12 43
6 13 310
6 14 225
6 15 300
6 16 332
6 17 121
7 7 344
7 8 149
7 9 357
7 10 162
7 11 390
7 12 109
7 13 328
7 14 336
7 15 389
7 16 249
7 17 288
8 8 137
8 9 309
8 10 295
8 11 294
8 12 248
8 13 133
8 14 339
8 15 126
8 16 351
8 17 341
9 9 225
9 10 148
9 11 237
9 12 201
9 13 269
9 14 370
9 15 90
9 16 104
9 17 300
10 10 402
10 11 44
10 12 393
10 13 241
10 14 280
10 15 99
10 16 377
10 17 117
11 11 165
11 12 452
11 13 225
11 14 109
11 15 227
11 16 121
11 17 372
12 12 215
12 13 322
12 14 334
12 15 311
12 16 190
12 17 141
13 13 138
13 14 399
13 15 265
13 16 183
13 17 358
14 14 355
14 15 171
14 16 274
14 17 345
15 15 361
15 16 346
15 17 431
16 16 33
16 17 231
17 17 190
3 6
1645 2089 2503 
1 1 191
1 2 334
1 3 306
2 2 339
2 3 110
3 3 214
15 120
272 428 489 693 749 1358 1553 1570 1644 1962 2251 2263 2896 3001 3550 
1 1 194
1 2 252
1 3 119
1 4 420
1 5 108
1 6 166
1 7 390
1 8 322
1 9 277
1 10 168
1 11 134
1 12 66
1 13 142
1 14 249
1 15 377
2 2 436
2 3 230
2 4 79
2 5 176
2 6 56
2 7 222
2 8 58
2 9 180
2 10 441
2 11 302
2 12 79
2 13 142
2 14 189
2 15 309
3 3 109
3 4 155
3 5 391
3 6 408
3 7 294
3 8 367
3 9 282
3 10 105
3 11 72
3 12 106
3 13 177
3 14 226
3 15 242
4 4 344
4 5 305
4 6 332
4 7 205
4 8 196
4 9 107
4 10 349
4 11 107
4 12 370
4 13 320
4 14 466
4 15 85
5 5 276
5 6 206
5 7 127
5 8 106
5 9 351
5 10 365
5 11 262
5 12 175
5 13 268
5 14 67
5 15 198
6 6 41
6 7 105
6 8 272
6 9 204
6 10 204
6 11 57
6 12 396
6 13 387
6 14 272
6 15 275
7 7 307
7 8 250
7 9 102
7 10 293
7 11 297
7 12 134
7 13 405
7 14 110
7 15 305
8 8 327
8 9 434
8 10 310
8 11 31
8 12 298
8 13 167
8 14 294
8 15 61
9 9 149
9 10 351
9 11 189
9 12 337
9 13 166
9 14 405
9 15 356
10 10 127
10 11 225
10 12 358
10 13 155
10 14 117
10 15 219
11 11 430
11 12 209
11 13 170
11 14 133
11 15 48
12 12 312
12 13 146
12 14 67
12 15 31
13 13 102
13 14 313
13 15 286
14 14 200
14 15 179
15 15 234
7 28
484 906 1379 2340 2512 2709 3236 
1 1 287
1 2 195
1 3 445
1 4 187
1 5 323
1 6 302
1 7 182
2 2 393
2 3 298
2 4 195
2 5 167
2 6 248
2 7 304
3 3 135
3 4 302
3 5 77
3 6 190
3 7 170
4 4 184
4 5 373
4 6 296
4 7 423
5 5 87
5 6 38
5 7 228
6 6 340
6 7 251
7 7 164
10 55
703 800 814 1249 1313 1534 1891 1928 3273 3531 
1 1 358
1 2 156
1 3 446
1 4 281
1 5 323
1 6 162
1 7 329
1 8 263
1 9 392
1 10 361
2 2 286
2 3 369
2 4 74
2 5 192
2 6 34
2 7 148
2 8 188
2 9 244
2 10 65
3 3 97
3 4 70
3 5 32
3 6 342
3 7 185
3 8 281
3 9 138
3 10 242
4 4 223
4 5 293
4 6 179
4 7 144
4 8 441
4 9 210
4 10 48
5 5 102
5 6 227
5 7 310
5 8 175
5 9 447
5 10 226
6 6 133
6 7 253
6 8 326
6 9 290
6 10 94
7 7 113
7 8 278
7 9 104
7 10 353
8 8 90
8 9 198
8 10 142
9 9 106
9 10 238
10 10 47
13 91
594 635 673 933 1154 1182 1222 2122 2451 2678 3071 3163 3803 
1 1 154
1 2 156
1 3 151
1 4 83
1 5 406
1 6 358
1 7 111
1 8 111
1 9 41
1 10 167
1 11 139
1 12 239
1 13 275
2 2 326
2 3 371
2 4 128
2 5 195
2 6 323
2 7 423
2 8 440
2 9 150
2 10 130
2 11 122
2 12 254
2 13 372
3 3 343
3 4 342
3 5 221
3 6 143
3 7 412
3 8 95
3 9 46
3 10 251
3 11 336
3 12 257
3 13 101
4 4 307
4 5 178
4 6 104
4 7 121
4 8 302
4 9 27
4 10 116
4 11 279
4 12 238
4 13 180
5 5 142
5 6 402
5 7 217
5 8 252
5 9 157
5 10 73
5 11 366
5 12 115
5 13 302
6 6 120
6 7 355
6 8 165
6 9 201
6 10 146
6 11 84
6 12 301
6 13 320
7 7 102
7 8 394
7 9 386
7 10 228
7 11 143
7 12 376
7 13 55
8 8 265
8 9 212
8 10 326
8 11 304
8 12 323
8 13 274
9 9 322
9 10 401
9 11 180
9 12 88
9 13 361
10 10 384
10 11 133
10 12 286
10 13 156
11 11 451
11 12 331
11 13 165
12 12 364
12 13 357
13 13 205
8 36
385 1557 2247 2871 2914 3495 3647 3783 
1 1 184
1 2 355
1 3 127
1 4 272
1 5 215
1 6 137
1 7 111
1 8 134
2 2 282
2 3 217
2 4 399
2 5 466
2 6 54
2 7 268
2 8 175
3 3 438
3 4 215
3 5 264
3 6 131
3 7 47
3 8 326
4 4 378
4 5 148
4 6 208
4 7 85
4 8 280
5 5 240
5 6 237
5 7 158
5 8 251
6 6 282
6 7 239
6 8 246
7 7 395
7 8 158
8 8 73
14 105
87 98 142 146 531 742 1228 1746 2600 2867 2929 3064 3171 3459 
1 1 63
1 2 143
1 3 383
1 4 112
1 5 283
1 6 277
1 7 324
1 8 383
1 9 114
1 10 90
1 11 395
1 12 86
1 13 207
1 14 272
2 2 350
2 3 302
2 4 242
2 5 170
2 6 197
2 7 231
2 8 413
2 9 292
2 10 370
2 11 392
2 12 239
2 13 78
2 14 85
3 3 169
3 4 254
3 5 398
3 6 107
3 7 25
3 8 404
3 9 447
3 10 196
3 11 67
3 12 288
3 13 324
3 14 376
4 4 291
4 5 92
4 6 210
4 7 401
4 8 363
4 9 10
4 10 350
4 11 43
4 12 286
4 13 243
4 14 127
5 5 432
5 6 244
5 7 331
5 8 394
5 9 214
5 10 119
5 11 220
5 12 368
5 13 222
5 14 172
6 6 455
6 7 436
6 8 99
6 9 173
6 10 304
6 11 362
6 12 63
6 13 128
6 14 326
7 7 260
7 8 321
7 9 100
7 10 187
7 11 345
7 12 145
7 13 63
7 14 232
8 8 242
8 9 146
8 10 68
8 11 213
8 12 186
8 13 393
8 14 156
9 9 257
9 10 98
9 11 335
9 12 113
9 13 124
9 14 145
10 10 412
10 11 354
10 12 154
10 13 357
10 14 297
11 11 105
11 12 52
11 13 426
11 14 337
12 12 137
12 13 179
12 14 313
13 13 195
13 14 396
14 14 47
