6 21
397 1352 1544 1622 2414 2941 
1 1 345
1 2 391
1 3 328
1 4 207
1 5 202
1 6 82
2 2 148
2 3 444
2 4 247
2 5 102
2 6 242
3 3 140
3 4 99
3 5 127
3 6 431
4 4 118
4 5 403
4 6 90
5 5 278
5 6 159
6 6 369
8 36
247 424 1946 2058 2258 2845 3235 3798 
1 1 364
1 2 286
1 3 151
1 4 345
1 5 77
1 6 343
1 7 290
1 8 252
2 2 323
2 3 266
2 4 129
2 5 261
2 6 303
2 7 300
2 8 275
3 3 68
3 4 160
3 5 237
3 6 81
3 7 411
3 8 449
4 4 92
4 5 72
4 6 389
4 7 354
4 8 311
5 5 142
5 6 261
5 7 221
5 8 266
6 6 114
6 7 268
6 8 306
7 7 205
7 8 383
8 8 177
15 120
25 32 132 393 802 1268 1621 2132 2659 2911 2943 2970 3034 3390 3700 
1 1 372
1 2 241
1 3 57
1 4 307
1 5 245
1 6 348
1 7 179
1 8 105
1 9 287
1 10 31
1 11 159
1 12 434
1 13 88
1 14 337
1 15 182
2 2 214
2 3 282
2 4 263
2 5 169
2 6 240
2 7 130
2 8 437
2 9 304
2 10 313
2 11 256
2 12 273
2 13 286
2 14 464
2 15 157
3 3 83
3 4 87
3 5 100
3 6 56
3 7 261
3 8 71
3 9 150
3 10 185
3 11 421
3 12 340
3 13 152
3 14 275
3 15 157
4 4 69
4 5 110
4 6 337
4 7 427
4 8 129
4 9 294
4 10 219
4 11 96
4 12 186
4 13 295
4 14 147
4 15 205
5 5 219
5 6 427
5 7 288
5 8 279
5 9 325
5 10 215
5 11 312
5 12 273
5 13 353
5 14 345
5 15 278
6 6 296
6 7 317
6 8 115
6 9 337
6 10 106
6 11 198
6 12 31
6 13 372
6 14 210
6 15 65
7 7 286
7 8 306
7 9 300
7 10 194
7 11 152
7 12 111
7 13 102
7 14 238
7 15 421
8 8 151
8 9 204
8 10 48
8 11 423
8 12 203
8 13 216
8 14 275
8 15 435
9 9 111
9 10 71
9 11 320
9 12 304
9 13 216
9 14 144
9 15 155
10 10 202
10 11 198
10 12 209
10 13 241
10 14 308
10 15 58
11 11 149
11 12 205
11 13 129
11 14 460
11 15 69
12 12 368
12 13 35
12 14 236
12 15 215
13 13 297
13 14 252
13 15 312
14 14 210
14 15 47
15 15 329
17 153
65 210 783 833 1105 1486 1889 2145 2386 2801 2896 2933 3049 3229 3601 3720 3739 
1 1 279
1 2 414
1 3 367
1 4 330
1 5 258
1 6 376
1 7 123
1 8 95
1 9 162
1 10 323
1 11 358
1 12 327
1 13 143
1 14 249
1 15 428
1 16 260
1 17 250
2 2 301
2 3 74
2 4 401
2 5 383
2 6 377
2 7 437
2 8 148
2 9 81
2 10 269
2 11 74
2 12 411
2 13 363
2 14 58
2 15 350
2 16 388
2 17 226
3 3 66
3 4 123
3 5 40
3 6 220
3 7 142
3 8 369
3 9 420
3 10 221
3 11 74
3 12 295
3 13 180
3 14 303
3 15 167
3 16 204
3 17 284
4 4 325
4 5 264
4 6 183
4 7 143
4 8 142
4 9 200
4 10 125
4 11 175
4 12 402
4 13 236
4 14 198
4 15 169
4 16 216
4 17 208
5 5 110
5 6 170
5 7 189
5 8 251
5 9 237
5 10 96
5 11 384
5 12 191
5 13 187
5 14 195
5 15 340
5 16 130
5 17 96
6 6 115
6 7 328
6 8 230
6 9 129
6 10 277
6 11 231
6 12 141
6 13 410
6 14 270
6 15 411
6 16 355
6 17 174
7 7 175
7 8 256
7 9 210
7 10 187
7 11 62
7 12 284
7 13 135
7 14 318
7 15 81
7 16 330
7 17 207
8 8 130
8 9 171
8 10 136
8 11 130
8 12 79
8 13 117
8 14 80
8 15 135
8 16 229
8 17 337
9 9 330
9 10 240
9 11 203
9 12 300
9 13 405
9 14 216
9 15 164
9 16 332
9 17 127
10 10 312
10 11 433
10 12 167
10 13 122
10 14 197
10 15 351
10 16 191
10 17 194
11 11 191
11 12 186
11 13 152
11 14 342
11 15 205
11 16 325
11 17 106
12 12 338
12 13 196
12 14 315
12 15 100
12 16 137
12 17 211
13 13 339
13 14 415
13 15 199
13 16 49
13 17 111
14 14 420
14 15 257
14 16 299
14 17 278
15 15 117
15 16 229
15 17 441
16 16 129
16 17 426
17 17 302
12 78
68 110 853 1237 1265 1309 1754 1863 2113 2374 2595 3784 
1 1 91
1 2 289
1 3 333
1 4 126
1 5 279
1 6 129
1 7 214
1 8 403
1 9 106
1 10 328
1 11 279
1 12 414
2 2 196
2 3 258
2 4 245
2 5 134
2 6 288
2 7 29
2 8 308
2 9 297
2 10 313
2 11 208
2 12 84
3 3 322
3 4 233
3 5 315
3 6 78
3 7 125
3 8 185
3 9 275
3 10 260
3 11 158
3 12 114
4 4 279
4 5 339
4 6 412
4 7 365
4 8 415
4 9 424
4 10 378
4 11 378
4 12 198
5 5 123
5 6 67
5 7 384
5 8 400
5 9 81
5 10 443
5 11 221
5 12 360
6 6 164
6 7 395
6 8 394
6 9 106
6 10 49
6 11 380
6 12 280
7 7 205
7 8 274
7 9 92
7 10 233
7 11 97
7 12 160
8 8 365
8 9 163
8 10 245
8 11 307
8 12 137
9 9 398
9 10 172
9 11 435
9 12 94
10 10 69
10 11 42
10 12 164
11 11 127
11 12 114
12 12 249
13 91
212 264 324 829 1027 1030 2145 2717 3169 3624 3682 3717 3858 
1 1 122
1 2 354
1 3 374
1 4 389
1 5 351
1 6 130
1 7 235
1 8 337
1 9 351
1 10 304
1 11 282
1 12 147
1 13 189
2 2 95
2 3 125
2 4 339
2 5 218
2 6 350
2 7 68
2 8 242
2 9 407
2 10 370
2 11 292
2 12 64
2 13 185
3 3 423
3 4 198
3 5 399
3 6 145
3 7 159
3 8 154
3 9 419
3 10 56
3 11 135
3 12 228
3 13 96
4 4 331
4 5 429
4 6 410
4 7 157
4 8 222
4 9 139
4 10 66
4 11 450
4 12 60
4 13 72
5 5 267
5 6 186
5 7 255
5 8 291
5 9 311
5 10 54
5 11 250
5 12 235
5 13 243
6 6 402
6 7 37
6 8 134
6 9 255
6 10 422
6 11 85
6 12 206
6 13 101
7 7 362
7 8 282
7 9 390
7 10 115
7 11 353
7 12 323
7 13 220
8 8 219
8 9 150
8 10 334
8 11 67
8 12 164
8 13 201
9 9 333
9 10 230
9 11 131
9 12 426
9 13 283
10 10 268
10 11 249
10 12 88
10 13 339
11 11 355
11 12 425
11 13 320
12 12 188
12 13 355
13 13 281
15 120
303 874 1173 1280 1377 1650 1754 2245 3119 3318 3360 3460 3500 3600 3706 
1 1 432
1 2 95
1 3 356
1 4 360
1 5 327
1 6 251
1 7 156
1 8 193
1 9 339
1 10 234
1 11 198
1 12 84
1 13 393
1 14 391
1 15 206
2 2 325
2 3 279
2 4 388
2 5 115
2 6 406
2 7 22
2 8 301
2 9 243
2 10 159
2 11 233
2 12 372
2 13 327
2 14 114
2 15 96
3 3 88
3 4 353
3 5 169
3 6 260
3 7 373
3 8 364
3 9 121
3 10 278
3 11 117
3 12 387
3 13 103
3 14 300
3 15 228
4 4 103
4 5 348
4 6 244
4 7 186
4 8 393
4 9 183
4 10 180
4 11 201
4 12 288
4 13 72
4 14 110
4 15 443
5 5 215
5 6 168
5 7 275
5 8 268
5 9 96
5 10 298
5 11 249
5 12 348
5 13 22
5 14 194
5 15 144
6 6 272
6 7 264
6 8 109
6 9 177
6 10 367
6 11 208
6 12 129
6 13 73
6 14 305
6 15 203
7 7 52
7 8 99
7 9 184
7 10 302
7 11 240
7 12 393
7 13 304
7 14 424
7 15 299
8 8 404
8 9 326
8 10 182
8 11 45
8 12 106
8 13 312
8 14 370
8 15 205
9 9 98
9 10 279
9 11 332
9 12 213
9 13 283
9 14 224
9 15 406
10 10 112
10 11 415
10 12 235
10 13 372
10 14 166
10 15 389
11 11 131
11 12 375
11 13 193
11 14 227
11 15 134
12 12 261
12 13 404
12 14 126
12 15 384
13 13 250
13 14 82
13 15 107
14 14 360
14 15 354
15 15 130
3 6
671 1666 2175 
1 1 50
1 2 79
1 3 181
2 2 336
2 3 142
3 3 279
16 136
144 289 312 617 805 1372 1436 1878 2043 2081 2232 2367 3462 3577 3631 3763 
1 1 219
1 2 210
1 3 127
1 4 257
1 5 183
1 6 179
1 7 132
1 8 31
1 9 207
1 10 379
1 11 338
1 12 96
1 13 245
1 14 98
1 15 321
1 16 255
2 2 161
2 3 111
2 4 81
2 5 81
2 6 251
2 7 375
2 8 97
2 9 230
2 10 129
2 11 295
2 12 354
2 13 273
2 14 168
2 15 283
2 16 264
3 3 140
3 4 356
3 5 43
3 6 177
3 7 174
3 8 155
3 9 148
3 10 65
3 11 78
3 12 379
3 13 167
3 14 310
3 15 273
3 16 252
4 4 356
4 5 212
4 6 320
4 7 455
4 8 281
4 9 246
4 10 221
4 11 362
4 12 199
4 13 234
4 14 49
4 15 381
4 16 58
5 5 137
5 6 145
5 7 264
5 8 429
5 9 346
5 10 132
5 11 96
5 12 226
5 13 43
5 14 380
5 15 203
5 16 377
6 6 306
6 7 55
6 8 203
6 9 394
6 10 407
6 11 352
6 12 387
6 13 117
6 14 367
6 15 367
6 16 403
7 7 218
7 8 384
7 9 246
7 10 87
7 11 81
7 12 150
7 13 287
7 14 289
7 15 234
7 16 251
8 8 111
8 9 88
8 10 163
8 11 336
8 12 72
8 13 63
8 14 73
8 15 251
8 16 208
9 9 111
9 10 259
9 11 321
9 12 158
9 13 321
9 14 130
9 15 419
9 16 340
10 10 336
10 11 219
10 12 232
10 13 401
10 14 267
10 15 91
10 16 329
11 11 82
11 12 354
11 13 226
11 14 199
11 15 137
11 16 104
12 12 281
12 13 317
12 14 398
12 15 56
12 16 128
13 13 316
13 14 170
13 15 200
13 16 294
14 14 136
14 15 319
14 16 267
15 15 353
15 16 383
16 16 209
16 136
160 1198 1442 1665 1671 1792 1831 1877 1924 2069 2604 2733 2739 2947 3121 3554 
1 1 142
1 2 251
1 3 280
1 4 221
1 5 312
1 6 217
1 7 164
1 8 419
1 9 178
1 10 61
1 11 139
1 12 194
1 13 144
1 14 250
1 15 49
1 16 355
2 2 72
2 3 309
2 4 255
2 5 379
2 6 378
2 7 50
2 8 163
2 9 365
2 10 379
2 11 203
2 12 368
2 13 215
2 14 204
2 15 383
2 16 341
3 3 132
3 4 318
3 5 69
3 6 328
3 7 158
3 8 103
3 9 146
3 10 277
3 11 52
3 12 170
3 13 286
3 14 207
3 15 157
3 16 275
4 4 318
4 5 212
4 6 309
4 7 142
4 8 170
4 9 116
4 10 295
4 11 353
4 12 221
4 13 251
4 14 252
4 15 125
4 16 217
5 5 274
5 6 143
5 7 184
5 8 100
5 9 271
5 10 253
5 11 355
5 12 387
5 13 156
5 14 71
5 15 313
5 16 416
6 6 254
6 7 462
6 8 246
6 9 75
6 10 239
6 11 213
6 12 244
6 13 328
6 14 108
6 15 244
6 16 272
7 7 415
7 8 210
7 9 254
7 10 163
7 11 140
7 12 110
7 13 98
7 14 342
7 15 180
7 16 54
8 8 392
8 9 415
8 10 256
8 11 209
8 12 212
8 13 210
8 14 173
8 15 272
8 16 127
9 9 74
9 10 243
9 11 195
9 12 110
9 13 161
9 14 33
9 15 281
9 16 127
10 10 423
10 11 111
10 12 80
10 13 49
10 14 82
10 15 400
10 16 340
11 11 238
11 12 378
11 13 357
11 14 336
11 15 184
11 16 407
12 12 145
12 13 122
12 14 105
12 15 340
12 16 228
13 13 214
13 14 378
13 15 395
13 16 161
14 14 259
14 15 368
14 16 358
15 15 211
15 16 66
16 16 19
15 120
262 784 1100 1240 1358 1412 2003 2076 2095 2331 2570 2917 3191 3492 3563 
1 1 377
1 2 79
1 3 83
1 4 316
1 5 279
1 6 108
1 7 329
1 8 171
1 9 283
1 10 81
1 11 285
1 12 49
1 13 230
1 14 148
1 15 30
2 2 39
2 3 337
2 4 377
2 5 329
2 6 106
2 7 118
2 8 376
2 9 297
2 10 163
2 11 297
2 12 381
2 13 364
2 14 128
2 15 361
3 3 134
3 4 382
3 5 230
3 6 385
3 7 163
3 8 150
3 9 319
3 10 226
3 11 226
3 12 243
3 13 382
3 14 188
3 15 319
4 4 153
4 5 173
4 6 388
4 7 326
4 8 171
4 9 220
4 10 326
4 11 97
4 12 197
4 13 129
4 14 163
4 15 64
5 5 228
5 6 260
5 7 365
5 8 23
5 9 163
5 10 44
5 11 121
5 12 440
5 13 59
5 14 372
5 15 54
6 6 193
6 7 44
6 8 351
6 9 284
6 10 216
6 11 197
6 12 387
6 13 408
6 14 148
6 15 231
7 7 180
7 8 144
7 9 127
7 10 157
7 11 382
7 12 140
7 13 238
7 14 232
7 15 286
8 8 407
8 9 128
8 10 201
8 11 449
8 12 252
8 13 103
8 14 69
8 15 115
9 9 222
9 10 368
9 11 165
9 12 160
9 13 239
9 14 353
9 15 253
10 10 192
10 11 401
10 12 458
10 13 394
10 14 97
10 15 177
11 11 239
11 12 118
11 13 197
11 14 375
11 15 58
12 12 65
12 13 381
12 14 292
12 15 203
13 13 78
13 14 203
13 15 217
14 14 213
14 15 132
15 15 177
17 153
705 709 952 1534 1818 1998 2088 2383 2392 2872 3152 3273 3283 3376 3442 3446 3723 
1 1 48
1 2 107
1 3 73
1 4 397
1 5 278
1 6 53
1 7 68
1 8 276
1 9 236
1 10 400
1 11 375
1 12 311
1 13 41
1 14 258
1 15 135
1 16 241
1 17 279
2 2 375
2 3 416
2 4 344
2 5 197
2 6 127
2 7 351
2 8 278
2 9 300
2 10 272
2 11 238
2 12 437
2 13 195
2 14 166
2 15 282
2 16 176
2 17 48
3 3 230
3 4 369
3 5 401
3 6 214
3 7 196
3 8 423
3 9 296
3 10 291
3 11 382
3 12 213
3 13 396
3 14 338
3 15 327
3 16 18
3 17 232
4 4 264
4 5 276
4 6 143
4 7 89
4 8 318
4 9 89
4 10 29
4 11 94
4 12 198
4 13 305
4 14 96
4 15 50
4 16 289
4 17 150
5 5 341
5 6 244
5 7 461
5 8 324
5 9 313
5 10 294
5 11 247
5 12 354
5 13 29
5 14 194
5 15 303
5 16 91
5 17 427
6 6 180
6 7 72
6 8 364
6 9 65
6 10 176
6 11 188
6 12 330
6 13 135
6 14 123
6 15 46
6 16 142
6 17 327
7 7 253
7 8 175
7 9 145
7 10 166
7 11 232
7 12 251
7 13 222
7 14 267
7 15 357
7 16 354
7 17 435
8 8 380
8 9 124
8 10 400
8 11 421
8 12 277
8 13 238
8 14 40
8 15 280
8 16 395
8 17 333
9 9 385
9 10 91
9 11 320
9 12 140
9 13 304
9 14 408
9 15 40
9 16 316
9 17 127
10 10 437
10 11 235
10 12 340
10 13 326
10 14 149
10 15 105
10 16 128
10 17 442
11 11 210
11 12 103
11 13 186
11 14 198
11 15 66
11 16 322
11 17 165
12 12 357
12 13 186
12 14 380
12 15 401
12 16 265
12 17 39
13 13 375
13 14 329
13 15 268
13 16 449
13 17 167
14 14 105
14 15 337
14 16 338
14 17 412
15 15 95
15 16 197
15 17 317
16 16 415
16 17 420
17 17 89
17 153
483 522 606 708 712 935 1049 1251 1320 1968 2348 2379 2388 2550 3033 3185 3212 
1 1 385
1 2 124
1 3 5
1 4 372
1 5 156
1 6 85
1 7 9
1 8 65
1 9 294
1 10 90
1 11 266
1 12 100
1 13 278
1 14 399
1 15 380
1 16 132
1 17 209
2 2 290
2 3 315
2 4 150
2 5 82
2 6 357
2 7 140
2 8 141
2 9 185
2 10 318
2 11 54
2 12 319
2 13 79
2 14 143
2 15 170
2 16 263
2 17 79
3 3 333
3 4 189
3 5 65
3 6 42
3 7 128
3 8 112
3 9 310
3 10 277
3 11 215
3 12 152
3 13 174
3 14 404
3 15 306
3 16 392
3 17 322
4 4 153
4 5 369
4 6 422
4 7 434
4 8 359
4 9 251
4 10 272
4 11 85
4 12 330
4 13 76
4 14 315
4 15 185
4 16 249
4 17 375
5 5 397
5 6 380
5 7 105
5 8 331
5 9 289
5 10 349
5 11 84
5 12 126
5 13 185
5 14 202
5 15 216
5 16 262
5 17 114
6 6 342
6 7 114
6 8 397
6 9 396
6 10 251
6 11 419
6 12 169
6 13 237
6 14 380
6 15 379
6 16 38
6 17 420
7 7 190
7 8 404
7 9 179
7 10 108
7 11 427
7 12 26
7 13 243
7 14 134
7 15 405
7 16 292
7 17 383
8 8 198
8 9 368
8 10 138
8 11 182
8 12 88
8 13 404
8 14 153
8 15 173
8 16 153
8 17 217
9 9 190
9 10 371
9 11 211
9 12 444
9 13 203
9 14 236
9 15 393
9 16 117
9 17 358
10 10 255
10 11 239
10 12 378
10 13 263
10 14 54
10 15 222
10 16 127
10 17 273
11 11 38
11 12 86
11 13 417
11 14 387
11 15 319
11 16 318
11 17 124
12 12 249
12 13 180
12 14 95
12 15 343
12 16 308
12 17 55
13 13 265
13 14 186
13 15 185
13 16 450
13 17 340
14 14 251
14 15 413
14 16 310
14 17 332
15 15 446
15 16 220
15 17 432
16 16 199
16 17 84
17 17 288
10 55
865 884 1092 1850 1870 2000 2336 2399 3140 3683 
1 1 306
1 2 277
1 3 78
1 4 116
1 5 122
1 6 300
1 7 383
1 8 169
1 9 250
1 10 290
2 2 296
2 3 119
2 4 192
2 5 126
2 6 247
2 7 157
2 8 366
2 9 173
2 10 142
3 3 236
3 4 353
3 5 365
3 6 410
3 7 374
3 8 276
3 9 167
3 10 244
4 4 200
4 5 335
4 6 326
4 7 185
4 8 123
4 9 188
4 10 180
5 5 197
5 6 292
5 7 212
5 8 37
5 9 80
5 10 253
6 6 138
6 7 309
6 8 32
6 9 390
6 10 356
7 7 295
7 8 153
7 9 156
7 10 200
8 8 293
8 9 441
8 10 255
9 9 420
9 10 200
10 10 191
14 105
308 444 682 982 1019 1161 1244 1769 1931 1951 1959 2310 2987 3814 
1 1 178
1 2 322
1 3 130
1 4 89
1 5 438
1 6 239
1 7 380
1 8 164
1 9 336
1 10 399
1 11 52
1 12 150
1 13 266
1 14 322
2 2 138
2 3 275
2 4 281
2 5 360
2 6 144
2 7 222
2 8 256
2 9 131
2 10 264
2 11 384
2 12 316
2 13 430
2 14 32
3 3 137
3 4 194
3 5 197
3 6 148
3 7 386
3 8 91
3 9 209
3 10 395
3 11 237
3 12 367
3 13 49
3 14 441
4 4 209
4 5 243
4 6 194
4 7 168
4 8 155
4 9 93
4 10 421
4 11 221
4 12 85
4 13 450
4 14 96
5 5 342
5 6 201
5 7 105
5 8 50
5 9 392
5 10 98
5 11 282
5 12 276
5 13 198
5 14 82
6 6 320
6 7 92
6 8 359
6 9 173
6 10 261
6 11 353
6 12 335
6 13 279
6 14 372
7 7 74
7 8 193
7 9 232
7 10 81
7 11 58
7 12 238
7 13 250
7 14 93
8 8 430
8 9 286
8 10 156
8 11 388
8 12 162
8 13 428
8 14 161
9 9 252
9 10 200
9 11 250
9 12 170
9 13 129
9 14 122
10 10 199
10 11 399
10 12 300
10 13 213
10 14 73
11 11 245
11 12 207
11 13 98
11 14 122
12 12 449
12 13 177
12 14 150
13 13 243
13 14 115
14 14 437
50 100
688 508 199 901 306 699 987 40 7 669 471 255 994 3 400 617 389 928 79 882 564 268 670 878 211 180 467 741 130 882 49 672 120 465 755 547 550 725 642 379 245 456 945 393 490 631 391 47 217 591 
24 27 314
14 14 923
14 36 729
27 32 721
4 42 484
46 46 977
16 45 377
1 20 260
10 49 650
9 34 620
9 36 588
2 16 911
3 20 588
37 50 462
15 48 290
3 39 855
17 19 443
21 50 796
20 43 213
10 45 336
7 40 241
2 15 357
1 46 940
4 42 535
14 47 1009
22 48 169
5 13 817
1 39 11
5 50 456
13 18 60
22 41 343
1 19 401
35 44 786
3 47 971
19 42 879
35 46 240
25 46 769
14 31 358
38 42 348
28 48 773
33 37 763
29 48 336
24 33 949
29 40 72
16 18 299
28 38 171
1 13 458
18 21 1006
26 43 770
4 26 168
4 19 386
6 50 793
33 48 582
3 48 157
2 10 643
10 28 493
13 46 563
44 48 719
4 27 730
16 17 972
22 37 897
2 26 651
4 6 46
10 28 757
12 20 382
6 48 424
2 49 175
5 45 913
41 47 292
22 43 767
13 40 524
9 13 23
34 34 381
26 40 734
48 49 981
6 38 192
5 10 261
4 31 297
21 43 317
9 28 197
1 39 456
28 49 307
11 40 676
5 38 303
4 33 501
34 45 396
18 19 171
15 26 864
4 28 331
21 36 963
37 43 272
2 14 89
35 49 314
10 25 439
44 46 804
39 42 228
10 41 36
7 32 744
8 9 514
15 33 35

