8 8
3 8 7 8 8 4 5 5 
2 3 904
1 3 145
2 3 678
1 2 899
5 5 618
1 4 756
5 8 930
1 1 435
13 91
450 696 894 1086 2127 2425 2803 2836 2979 3134 3656 3666 3764 
1 1 230
1 2 73
1 3 17
1 4 271
1 5 264
1 6 239
1 7 325
1 8 255
1 9 176
1 10 106
1 11 128
1 12 134
1 13 164
2 2 236
2 3 327
2 4 2
2 5 72
2 6 151
2 7 252
2 8 247
2 9 330
2 10 366
2 11 187
2 12 113
2 13 313
3 3 332
3 4 194
3 5 239
3 6 173
3 7 138
3 8 333
3 9 183
3 10 311
3 11 196
3 12 291
3 13 224
4 4 133
4 5 25
4 6 323
4 7 338
4 8 185
4 9 294
4 10 126
4 11 357
4 12 162
4 13 116
5 5 167
5 6 316
5 7 91
5 8 373
5 9 172
5 10 27
5 11 275
5 12 232
5 13 189
6 6 123
6 7 109
6 8 176
6 9 19
6 10 85
6 11 361
6 12 371
6 13 302
7 7 229
7 8 74
7 9 11
7 10 18
7 11 144
7 12 209
7 13 213
8 8 351
8 9 100
8 10 261
8 11 120
8 12 75
8 13 24
9 9 181
9 10 44
9 11 268
9 12 68
9 13 203
10 10 267
10 11 281
10 12 98
10 13 43
11 11 269
11 12 73
11 13 244
12 12 23
12 13 371
13 13 178
15 120
117 256 294 330 597 670 837 1195 1244 1839 2059 2092 2448 3191 3778 
1 1 109
1 2 175
1 3 219
1 4 125
1 5 367
1 6 132
1 7 378
1 8 152
1 9 288
1 10 68
1 11 342
1 12 68
1 13 271
1 14 133
1 15 373
2 2 2
2 3 100
2 4 111
2 5 84
2 6 47
2 7 220
2 8 86
2 9 87
2 10 301
2 11 19
2 12 26
2 13 35
2 14 194
2 15 219
3 3 50
3 4 298
3 5 355
3 6 119
3 7 225
3 8 379
3 9 187
3 10 343
3 11 238
3 12 42
3 13 352
3 14 14
3 15 124
4 4 122
4 5 65
4 6 209
4 7 362
4 8 37
4 9 133
4 10 338
4 11 274
4 12 352
4 13 74
4 14 241
4 15 3
5 5 161
5 6 297
5 7 33
5 8 363
5 9 145
5 10 58
5 11 7
5 12 283
5 13 361
5 14 251
5 15 290
6 6 304
6 7 58
6 8 362
6 9 283
6 10 350
6 11 163
6 12 310
6 13 91
6 14 165
6 15 128
7 7 61
7 8 344
7 9 305
7 10 205
7 11 135
7 12 273
7 13 254
7 14 357
7 15 214
8 8 272
8 9 166
8 10 47
8 11 87
8 12 75
8 13 171
8 14 88
8 15 48
9 9 239
9 10 104
9 11 71
9 12 74
9 13 359
9 14 98
9 15 289
10 10 221
10 11 12
10 12 82
10 13 145
10 14 185
10 15 163
11 11 361
11 12 95
11 13 183
11 14 152
11 15 372
12 12 155
12 13 129
12 14 49
12 15 209
13 13 93
13 14 338
13 15 2
14 14 202
14 15 314
15 15 50
11 66
513 559 585 1269 1319 1776 2188 2637 2868 2869 3043 
1 1 220
1 2 215
1 3 111
1 4 22
1 5 18
1 6 187
1 7 144
1 8 196
1 9 143
1 10 174
1 11 240
2 2 119
2 3 71
2 4 133
2 5 205
2 6 43
2 7 6
2 8 259
2 9 350
2 10 275
2 11 8
3 3 180
3 4 41
3 5 236
3 6 212
3 7 89
3 8 170
3 9 279
3 10 260
3 11 199
4 4 359
4 5 284
4 6 290
4 7 266
4 8 323
4 9 129
4 10 377
4 11 207
5 5 283
5 6 288
5 7 287
5 8 311
5 9 100
5 10 372
5 11 302
6 6 289
6 7 200
6 8 373
6 9 84
6 10 157
6 11 235
7 7 61
7 8 288
7 9 226
7 10 357
7 11 314
8 8 65
8 9 227
8 10 17
8 11 57
9 9 341
9 10 186
9 11 150
10 10 121
10 11 378
11 11 269
5 15
232 1165 1901 2104 3790 
1 1 271
1 2 295
1 3 154
1 4 369
1 5 30
2 2 100
2 3 32
2 4 135
2 5 165
3 3 60
3 4 272
3 5 113
4 4 202
4 5 14
5 5 364
6 21
30 681 947 3095 3362 3583 
1 1 104
1 2 46
1 3 361
1 4 22
1 5 104
1 6 371
2 2 153
2 3 121
2 4 271
2 5 107
2 6 380
3 3 274
3 4 316
3 5 57
3 6 324
4 4 24
4 5 327
4 6 141
5 5 187
5 6 272
6 6 347
10 55
101 294 340 1119 1284 1773 2117 3248 3325 3683 
1 1 370
1 2 32
1 3 330
1 4 247
1 5 86
1 6 74
1 7 178
1 8 75
1 9 99
1 10 230
2 2 148
2 3 40
2 4 136
2 5 117
2 6 291
2 7 56
2 8 374
2 9 196
2 10 105
3 3 97
3 4 274
3 5 210
3 6 150
3 7 172
3 8 55
3 9 58
3 10 330
4 4 154
4 5 28
4 6 13
4 7 18
4 8 246
4 9 312
4 10 95
5 5 9
5 6 262
5 7 288
5 8 119
5 9 374
5 10 227
6 6 269
6 7 84
6 8 266
6 9 313
6 10 267
7 7 352
7 8 263
7 9 200
7 10 197
8 8 324
8 9 260
8 10 31
9 9 94
9 10 322
10 10 199
11 66
83 167 350 523 567 640 885 997 2050 2161 2508 
1 1 221
1 2 15
1 3 233
1 4 73
1 5 277
1 6 169
1 7 344
1 8 291
1 9 141
1 10 241
1 11 71
2 2 160
2 3 263
2 4 204
2 5 184
2 6 74
2 7 242
2 8 186
2 9 368
2 10 235
2 11 147
3 3 169
3 4 209
3 5 243
3 6 372
3 7 154
3 8 73
3 9 296
3 10 100
3 11 208
4 4 273
4 5 318
4 6 130
4 7 316
4 8 233
4 9 156
4 10 21
4 11 331
5 5 35
5 6 89
5 7 349
5 8 309
5 9 366
5 10 135
5 11 151
6 6 311
6 7 329
6 8 206
6 9 15
6 10 16
6 11 92
7 7 274
7 8 357
7 9 145
7 10 94
7 11 54
8 8 40
8 9 273
8 10 72
8 11 216
9 9 167
9 10 373
9 11 265
10 10 281
10 11 132
11 11 5
6 21
650 1727 2887 3020 3303 3455 
1 1 277
1 2 312
1 3 43
1 4 243
1 5 57
1 6 186
2 2 100
2 3 176
2 4 206
2 5 349
2 6 329
3 3 145
3 4 374
3 5 322
3 6 113
4 4 307
4 5 379
4 6 339
5 5 198
5 6 174
6 6 287
8 36
212 844 1075 1252 1904 1943 2505 3050 
1 1 65
1 2 140
1 3 375
1 4 10
1 5 177
1 6 372
1 7 11
1 8 164
2 2 353
2 3 378
2 4 202
2 5 8
2 6 147
2 7 16
2 8 174
3 3 292
3 4 328
3 5 345
3 6 99
3 7 9
3 8 181
4 4 133
4 5 36
4 6 303
4 7 52
4 8 227
5 5 129
5 6 154
5 7 344
5 8 174
6 6 32
6 7 175
6 8 324
7 7 377
7 8 300
8 8 115
3 6
43 3008 3669 
1 1 344
1 2 150
1 3 254
2 2 248
2 3 56
3 3 128
12 78
357 631 661 1137 1190 1525 2195 2316 2680 3192 3561 3581 
1 1 220
1 2 260
1 3 294
1 4 77
1 5 44
1 6 339
1 7 368
1 8 352
1 9 204
1 10 288
1 11 284
1 12 3
2 2 378
2 3 313
2 4 6
2 5 343
2 6 86
2 7 325
2 8 330
2 9 94
2 10 265
2 11 220
2 12 42
3 3 237
3 4 101
3 5 307
3 6 56
3 7 177
3 8 259
3 9 37
3 10 66
3 11 217
3 12 204
4 4 296
4 5 205
4 6 44
4 7 108
4 8 238
4 9 323
4 10 207
4 11 232
4 12 221
5 5 300
5 6 177
5 7 134
5 8 249
5 9 312
5 10 320
5 11 294
5 12 341
6 6 303
6 7 331
6 8 79
6 9 153
6 10 29
6 11 6
6 12 318
7 7 170
7 8 55
7 9 242
7 10 354
7 11 54
7 12 97
8 8 78
8 9 161
8 10 290
8 11 14
8 12 24
9 9 186
9 10 74
9 11 33
9 12 260
10 10 304
10 11 60
10 12 117
11 11 362
11 12 218
12 12 327
15 120
14 59 220 438 531 962 1375 1423 1643 1663 1685 2826 3238 3711 3794 
1 1 189
1 2 344
1 3 32
1 4 256
1 5 100
1 6 203
1 7 143
1 8 378
1 9 189
1 10 257
1 11 232
1 12 140
1 13 337
1 14 39
1 15 123
2 2 267
2 3 358
2 4 62
2 5 202
2 6 47
2 7 74
2 8 222
2 9 239
2 10 91
2 11 132
2 12 157
2 13 183
2 14 76
2 15 238
3 3 218
3 4 302
3 5 173
3 6 91
3 7 82
3 8 313
3 9 262
3 10 297
3 11 271
3 12 151
3 13 378
3 14 193
3 15 368
4 4 179
4 5 65
4 6 230
4 7 8
4 8 232
4 9 6
4 10 151
4 11 270
4 12 222
4 13 341
4 14 93
4 15 136
5 5 372
5 6 336
5 7 217
5 8 210
5 9 71
5 10 115
5 11 97
5 12 210
5 13 250
5 14 322
5 15 157
6 6 46
6 7 331
6 8 138
6 9 240
6 10 306
6 11 221
6 12 162
6 13 284
6 14 54
6 15 193
7 7 284
7 8 298
7 9 197
7 10 98
7 11 134
7 12 233
7 13 27
7 14 112
7 15 274
8 8 118
8 9 16
8 10 76
8 11 78
8 12 320
8 13 179
8 14 266
8 15 156
9 9 341
9 10 314
9 11 135
9 12 17
9 13 328
9 14 334
9 15 350
10 10 94
10 11 129
10 12 270
10 13 293
10 14 211
10 15 54
11 11 227
11 12 119
11 13 160
11 14 91
11 15 70
12 12 340
12 13 146
12 14 88
12 15 217
13 13 267
13 14 303
13 15 45
14 14 62
14 15 307
15 15 284
14 105
217 395 918 996 1387 1427 1747 1776 1885 2541 2865 2878 2893 3410 
1 1 284
1 2 111
1 3 326
1 4 65
1 5 253
1 6 127
1 7 2
1 8 191
1 9 11
1 10 304
1 11 251
1 12 296
1 13 91
1 14 218
2 2 274
2 3 341
2 4 34
2 5 100
2 6 380
2 7 52
2 8 172
2 9 252
2 10 133
2 11 371
2 12 378
2 13 246
2 14 69
3 3 374
3 4 336
3 5 348
3 6 159
3 7 50
3 8 126
3 9 179
3 10 105
3 11 198
3 12 156
3 13 60
3 14 199
4 4 39
4 5 183
4 6 89
4 7 147
4 8 274
4 9 322
4 10 53
4 11 71
4 12 317
4 13 233
4 14 248
5 5 321
5 6 182
5 7 356
5 8 276
5 9 140
5 10 94
5 11 252
5 12 221
5 13 308
5 14 326
6 6 178
6 7 155
6 8 268
6 9 130
6 10 76
6 11 94
6 12 122
6 13 307
6 14 363
7 7 221
7 8 371
7 9 111
7 10 101
7 11 223
7 12 55
7 13 46
7 14 216
8 8 378
8 9 195
8 10 127
8 11 188
8 12 192
8 13 60
8 14 296
9 9 110
9 10 80
9 11 83
9 12 370
9 13 280
9 14 85
10 10 380
10 11 352
10 12 59
10 13 29
10 14 64
11 11 245
11 12 310
11 13 152
11 14 314
12 12 240
12 13 113
12 14 366
13 13 119
13 14 96
14 14 66
11 66
37 107 539 716 977 1385 2116 2294 2347 2544 2924 
1 1 96
1 2 310
1 3 134
1 4 155
1 5 37
1 6 12
1 7 47
1 8 379
1 9 92
1 10 145
1 11 266
2 2 52
2 3 205
2 4 257
2 5 108
2 6 127
2 7 259
2 8 274
2 9 281
2 10 8
2 11 183
3 3 234
3 4 219
3 5 187
3 6 294
3 7 251
3 8 8
3 9 167
3 10 17
3 11 84
4 4 190
4 5 201
4 6 180
4 7 237
4 8 354
4 9 340
4 10 215
4 11 33
5 5 296
5 6 191
5 7 97
5 8 123
5 9 314
5 10 351
5 11 362
6 6 158
6 7 199
6 8 135
6 9 140
6 10 242
6 11 211
7 7 165
7 8 104
7 9 144
7 10 312
7 11 356
8 8 149
8 9 108
8 10 378
8 11 299
9 9 377
9 10 112
9 11 166
10 10 198
10 11 196
11 11 15
16 136
200 239 306 541 590 884 1324 1865 2002 2017 2831 3114 3199 3211 3237 3449 
1 1 25
1 2 302
1 3 108
1 4 370
1 5 255
1 6 263
1 7 22
1 8 131
1 9 111
1 10 89
1 11 335
1 12 226
1 13 341
1 14 192
1 15 66
1 16 241
2 2 48
2 3 30
2 4 298
2 5 59
2 6 272
2 7 210
2 8 171
2 9 30
2 10 85
2 11 11
2 12 242
2 13 105
2 14 167
2 15 78
2 16 89
3 3 12
3 4 50
3 5 94
3 6 372
3 7 330
3 8 378
3 9 362
3 10 319
3 11 54
3 12 227
3 13 268
3 14 73
3 15 309
3 16 321
4 4 48
4 5 344
4 6 167
4 7 208
4 8 23
4 9 190
4 10 28
4 11 94
4 12 213
4 13 11
4 14 45
4 15 69
4 16 333
5 5 352
5 6 91
5 7 70
5 8 247
5 9 56
5 10 159
5 11 134
5 12 190
5 13 181
5 14 215
5 15 45
5 16 155
6 6 157
6 7 104
6 8 28
6 9 210
6 10 157
6 11 152
6 12 3
6 13 4
6 14 22
6 15 282
6 16 22
7 7 193
7 8 322
7 9 31
7 10 3
7 11 242
7 12 257
7 13 171
7 14 37
7 15 337
7 16 73
8 8 293
8 9 312
8 10 72
8 11 274
8 12 223
8 13 5
8 14 304
8 15 55
8 16 22
9 9 34
9 10 31
9 11 133
9 12 77
9 13 161
9 14 375
9 15 269
9 16 339
10 10 358
10 11 220
10 12 263
10 13 169
10 14 43
10 15 292
10 16 187
11 11 20
11 12 31
11 13 266
11 14 309
11 15 80
11 16 337
12 12 365
12 13 177
12 14 214
12 15 78
12 16 361
13 13 201
13 14 88
13 15 249
13 16 82
14 14 65
14 15 187
14 16 275
15 15 180
15 16 59
16 16 76
