12 78
48 242 325 571 750 1142 2004 2759 2828 3007 3429 3558 
1 1 323
1 2 389
1 3 280
1 4 270
1 5 200
1 6 87
1 7 167
1 8 90
1 9 170
1 10 189
1 11 30
1 12 449
2 2 67
2 3 143
2 4 183
2 5 243
2 6 274
2 7 87
2 8 155
2 9 124
2 10 275
2 11 390
2 12 167
3 3 92
3 4 389
3 5 245
3 6 170
3 7 338
3 8 232
3 9 362
3 10 301
3 11 190
3 12 286
4 4 107
4 5 32
4 6 397
4 7 267
4 8 272
4 9 240
4 10 169
4 11 326
4 12 143
5 5 116
5 6 303
5 7 192
5 8 149
5 9 350
5 10 262
5 11 140
5 12 194
6 6 65
6 7 116
6 8 65
6 9 128
6 10 276
6 11 310
6 12 373
7 7 244
7 8 55
7 9 365
7 10 180
7 11 168
7 12 106
8 8 44
8 9 56
8 10 230
8 11 204
8 12 193
9 9 294
9 10 108
9 11 67
9 12 157
10 10 219
10 11 314
10 12 319
11 11 358
11 12 288
12 12 422
8 36
557 1047 1920 2141 2802 3305 3586 3775 
1 1 411
1 2 26
1 3 269
1 4 277
1 5 310
1 6 74
1 7 288
1 8 178
2 2 235
2 3 419
2 4 332
2 5 61
2 6 359
2 7 278
2 8 227
3 3 297
3 4 330
3 5 288
3 6 193
3 7 352
3 8 295
4 4 38
4 5 104
4 6 218
4 7 213
4 8 86
5 5 216
5 6 131
5 7 263
5 8 170
6 6 102
6 7 373
6 8 137
7 7 286
7 8 273
8 8 225
3 6
334 1567 3573 
1 1 101
1 2 347
1 3 44
2 2 66
2 3 250
3 3 81
8 36
708 871 1042 2079 2158 2263 2584 3241 
1 1 282
1 2 28
1 3 59
1 4 124
1 5 231
1 6 396
1 7 126
1 8 339
2 2 200
2 3 46
2 4 108
2 5 253
2 6 27
2 7 192
2 8 163
3 3 249
3 4 169
3 5 341
3 6 42
3 7 389
3 8 212
4 4 237
4 5 63
4 6 67
4 7 263
4 8 395
5 5 282
5 6 85
5 7 64
5 8 378
6 6 365
6 7 316
6 8 375
7 7 326
7 8 155
8 8 161
4 10
1509 2641 2854 3196 
1 1 260
1 2 306
1 3 257
1 4 182
2 2 93
2 3 126
2 4 278
3 3 174
3 4 300
4 4 240
17 153
154 174 302 485 510 878 947 1547 1579 2129 2250 2652 2911 2979 3419 3839 3843 
1 1 155
1 2 340
1 3 286
1 4 122
1 5 299
1 6 340
1 7 151
1 8 241
1 9 103
1 10 181
1 11 235
1 12 183
1 13 249
1 14 198
1 15 137
1 16 88
1 17 162
2 2 246
2 3 87
2 4 44
2 5 319
2 6 335
2 7 80
2 8 45
2 9 361
2 10 178
2 11 256
2 12 336
2 13 61
2 14 90
2 15 454
2 16 337
2 17 413
3 3 158
3 4 289
3 5 113
3 6 62
3 7 153
3 8 264
3 9 406
3 10 311
3 11 76
3 12 222
3 13 96
3 14 71
3 15 159
3 16 147
3 17 386
4 4 119
4 5 196
4 6 403
4 7 83
4 8 141
4 9 434
4 10 200
4 11 413
4 12 212
4 13 453
4 14 59
4 15 222
4 16 44
4 17 159
5 5 439
5 6 83
5 7 182
5 8 372
5 9 131
5 10 292
5 11 300
5 12 189
5 13 432
5 14 111
5 15 291
5 16 337
5 17 209
6 6 377
6 7 270
6 8 197
6 9 341
6 10 386
6 11 314
6 12 115
6 13 190
6 14 424
6 15 171
6 16 403
6 17 361
7 7 280
7 8 329
7 9 313
7 10 325
7 11 348
7 12 132
7 13 377
7 14 335
7 15 244
7 16 371
7 17 147
8 8 336
8 9 104
8 10 383
8 11 407
8 12 307
8 13 74
8 14 152
8 15 356
8 16 353
8 17 254
9 9 63
9 10 322
9 11 260
9 12 367
9 13 386
9 14 183
9 15 268
9 16 107
9 17 148
10 10 341
10 11 162
10 12 311
10 13 317
10 14 201
10 15 144
10 16 413
10 17 308
11 11 53
11 12 371
11 13 362
11 14 293
11 15 221
11 16 227
11 17 276
12 12 198
12 13 113
12 14 207
12 15 252
12 16 50
12 17 308
13 13 223
13 14 299
13 15 71
13 16 304
13 17 96
14 14 419
14 15 41
14 16 300
14 17 92
15 15 150
15 16 306
15 17 149
16 16 71
16 17 128
17 17 190
15 120
244 268 360 364 901 1003 1100 1459 1551 2186 2447 2553 2662 3653 3802 
1 1 398
1 2 301
1 3 393
1 4 90
1 5 385
1 6 168
1 7 372
1 8 280
1 9 370
1 10 182
1 11 49
1 12 155
1 13 306
1 14 415
1 15 213
2 2 454
2 3 427
2 4 304
2 5 351
2 6 353
2 7 406
2 8 281
2 9 68
2 10 315
2 11 301
2 12 387
2 13 377
2 14 155
2 15 204
3 3 160
3 4 314
3 5 230
3 6 404
3 7 309
3 8 247
3 9 286
3 10 102
3 11 338
3 12 198
3 13 217
3 14 128
3 15 441
4 4 149
4 5 317
4 6 413
4 7 80
4 8 273
4 9 68
4 10 270
4 11 170
4 12 390
4 13 119
4 14 365
4 15 275
5 5 405
5 6 90
5 7 123
5 8 64
5 9 72
5 10 402
5 11 234
5 12 67
5 13 414
5 14 417
5 15 214
6 6 279
6 7 261
6 8 174
6 9 186
6 10 230
6 11 303
6 12 330
6 13 186
6 14 338
6 15 79
7 7 324
7 8 232
7 9 86
7 10 271
7 11 373
7 12 94
7 13 252
7 14 96
7 15 374
8 8 182
8 9 124
8 10 303
8 11 238
8 12 155
8 13 187
8 14 213
8 15 181
9 9 110
9 10 321
9 11 304
9 12 120
9 13 289
9 14 384
9 15 277
10 10 134
10 11 223
10 12 20
10 13 124
10 14 157
10 15 154
11 11 45
11 12 206
11 13 132
11 14 251
11 15 390
12 12 260
12 13 465
12 14 214
12 15 87
13 13 113
13 14 66
13 15 354
14 14 128
14 15 222
15 15 177
12 78
572 735 1160 1315 1549 2038 2089 2106 2138 2597 2615 3513 
1 1 77
1 2 358
1 3 232
1 4 264
1 5 277
1 6 240
1 7 143
1 8 362
1 9 175
1 10 113
1 11 192
1 12 223
2 2 290
2 3 377
2 4 291
2 5 267
2 6 245
2 7 397
2 8 209
2 9 351
2 10 296
2 11 213
2 12 117
3 3 73
3 4 119
3 5 67
3 6 286
3 7 272
3 8 187
3 9 348
3 10 277
3 11 111
3 12 202
4 4 211
4 5 359
4 6 157
4 7 252
4 8 365
4 9 121
4 10 233
4 11 318
4 12 196
5 5 148
5 6 381
5 7 324
5 8 314
5 9 147
5 10 81
5 11 114
5 12 230
6 6 255
6 7 221
6 8 162
6 9 422
6 10 431
6 11 204
6 12 122
7 7 283
7 8 284
7 9 257
7 10 156
7 11 184
7 12 105
8 8 316
8 9 323
8 10 256
8 11 291
8 12 450
9 9 128
9 10 389
9 11 208
9 12 373
10 10 120
10 11 156
10 12 124
11 11 250
11 12 374
12 12 264
4 10
2560 2930 3569 3696 
1 1 76
1 2 450
1 3 285
1 4 160
2 2 276
2 3 197
2 4 142
3 3 125
3 4 190
4 4 188
4 10
173 262 487 1069 
1 1 385
1 2 387
1 3 373
1 4 371
2 2 386
2 3 161
2 4 220
3 3 223
3 4 152
4 4 196
12 78
301 568 1062 1106 1271 1529 1919 2364 2371 2793 2842 3497 
1 1 424
1 2 360
1 3 100
1 4 194
1 5 158
1 6 228
1 7 228
1 8 406
1 9 138
1 10 356
1 11 251
1 12 288
2 2 173
2 3 297
2 4 219
2 5 176
2 6 93
2 7 308
2 8 306
2 9 408
2 10 103
2 11 380
2 12 319
3 3 289
3 4 135
3 5 176
3 6 237
3 7 429
3 8 31
3 9 272
3 10 109
3 11 147
3 12 127
4 4 323
4 5 262
4 6 138
4 7 447
4 8 411
4 9 418
4 10 167
4 11 74
4 12 285
5 5 112
5 6 241
5 7 141
5 8 378
5 9 150
5 10 209
5 11 406
5 12 89
6 6 259
6 7 417
6 8 178
6 9 41
6 10 119
6 11 91
6 12 319
7 7 241
7 8 125
7 9 152
7 10 340
7 11 282
7 12 261
8 8 37
8 9 52
8 10 391
8 11 268
8 12 28
9 9 216
9 10 372
9 11 198
9 12 126
10 10 338
10 11 179
10 12 174
11 11 391
11 12 338
12 12 144
8 36
205 1645 2101 2409 2493 2934 2995 3192 
1 1 101
1 2 78
1 3 385
1 4 217
1 5 279
1 6 336
1 7 144
1 8 330
2 2 245
2 3 102
2 4 351
2 5 315
2 6 245
2 7 156
2 8 333
3 3 355
3 4 416
3 5 230
3 6 91
3 7 177
3 8 244
4 4 147
4 5 281
4 6 135
4 7 109
4 8 192
5 5 57
5 6 425
5 7 237
5 8 236
6 6 137
6 7 315
6 8 195
7 7 106
7 8 297
8 8 353
14 105
37 472 560 1109 1157 1700 1916 2177 2213 2287 2916 3717 3750 3759 
1 1 240
1 2 293
1 3 22
1 4 244
1 5 80
1 6 379
1 7 362
1 8 257
1 9 210
1 10 137
1 11 287
1 12 363
1 13 349
1 14 211
2 2 216
2 3 375
2 4 48
2 5 140
2 6 160
2 7 122
2 8 134
2 9 406
2 10 104
2 11 334
2 12 149
2 13 386
2 14 389
3 3 116
3 4 278
3 5 116
3 6 327
3 7 258
3 8 262
3 9 375
3 10 391
3 11 218
3 12 341
3 13 184
3 14 142
4 4 87
4 5 207
4 6 327
4 7 325
4 8 257
4 9 87
4 10 208
4 11 336
4 12 168
4 13 176
4 14 347
5 5 305
5 6 353
5 7 229
5 8 297
5 9 38
5 10 108
5 11 108
5 12 63
5 13 298
5 14 274
6 6 279
6 7 64
6 8 36
6 9 89
6 10 165
6 11 117
6 12 163
6 13 369
6 14 33
7 7 447
7 8 309
7 9 278
7 10 392
7 11 155
7 12 94
7 13 375
7 14 58
8 8 54
8 9 358
8 10 414
8 11 122
8 12 294
8 13 152
8 14 98
9 9 168
9 10 212
9 11 82
9 12 346
9 13 223
9 14 391
10 10 260
10 11 97
10 12 314
10 13 148
10 14 29
11 11 174
11 12 399
11 13 134
11 14 329
12 12 183
12 13 185
12 14 15
13 13 283
13 14 145
14 14 395
4 10
238 1993 2833 3174 
1 1 344
1 2 202
1 3 284
1 4 117
2 2 255
2 3 299
2 4 361
3 3 329
3 4 253
4 4 100
4 10
29 3056 3152 3671 
1 1 256
1 2 37
1 3 252
1 4 226
2 2 335
2 3 241
2 4 157
3 3 97
3 4 286
4 4 431
10 10
8 3 5 2 2 5 5 2 7 9 
9 10 900
6 7 57
1 1 978
4 8 887
8 8 215
3 5 433
4 6 843
5 10 326
8 9 397
1 4 108



