16 136
148 170 377 551 746 1243 1370 1387 1456 1846 1860 2077 2506 3534 3776 3786 
1 1 410
1 2 82
1 3 159
1 4 353
1 5 268
1 6 301
1 7 187
1 8 362
1 9 158
1 10 403
1 11 314
1 12 188
1 13 99
1 14 296
1 15 402
1 16 414
2 2 31
2 3 272
2 4 231
2 5 216
2 6 414
2 7 165
2 8 224
2 9 179
2 10 62
2 11 348
2 12 142
2 13 341
2 14 98
2 15 65
2 16 173
3 3 406
3 4 180
3 5 334
3 6 61
3 7 213
3 8 227
3 9 148
3 10 134
3 11 276
3 12 389
3 13 179
3 14 303
3 15 230
3 16 271
4 4 284
4 5 406
4 6 99
4 7 213
4 8 161
4 9 224
4 10 347
4 11 147
4 12 183
4 13 95
4 14 257
4 15 251
4 16 155
5 5 246
5 6 94
5 7 100
5 8 405
5 9 58
5 10 358
5 11 170
5 12 221
5 13 140
5 14 349
5 15 267
5 16 65
6 6 166
6 7 235
6 8 253
6 9 56
6 10 285
6 11 370
6 12 222
6 13 200
6 14 347
6 15 335
6 16 89
7 7 273
7 8 160
7 9 247
7 10 109
7 11 40
7 12 86
7 13 349
7 14 248
7 15 131
7 16 445
8 8 263
8 9 98
8 10 171
8 11 399
8 12 289
8 13 63
8 14 369
8 15 298
8 16 108
9 9 379
9 10 176
9 11 345
9 12 299
9 13 61
9 14 57
9 15 138
9 16 309
10 10 77
10 11 138
10 12 333
10 13 143
10 14 91
10 15 153
10 16 360
11 11 194
11 12 244
11 13 316
11 14 157
11 15 409
11 16 151
12 12 85
12 13 265
12 14 283
12 15 247
12 16 340
13 13 355
13 14 116
13 15 403
13 16 220
14 14 159
14 15 222
14 16 340
15 15 202
15 16 347
16 16 63
16 136
102 298 1135 1312 1386 1406 1960 2158 2300 2605 2799 2939 3088 3702 3782 3844 
1 1 76
1 2 252
1 3 417
1 4 96
1 5 263
1 6 176
1 7 182
1 8 410
1 9 183
1 10 112
1 11 55
1 12 355
1 13 144
1 14 119
1 15 285
1 16 106
2 2 27
2 3 120
2 4 27
2 5 221
2 6 272
2 7 248
2 8 409
2 9 137
2 10 144
2 11 178
2 12 397
2 13 411
2 14 202
2 15 320
2 16 94
3 3 294
3 4 186
3 5 234
3 6 149
3 7 48
3 8 175
3 9 53
3 10 80
3 11 386
3 12 378
3 13 348
3 14 139
3 15 200
3 16 215
4 4 304
4 5 214
4 6 400
4 7 169
4 8 308
4 9 320
4 10 155
4 11 250
4 12 51
4 13 166
4 14 202
4 15 289
4 16 315
5 5 353
5 6 95
5 7 247
5 8 125
5 9 190
5 10 402
5 11 382
5 12 419
5 13 143
5 14 108
5 15 282
5 16 379
6 6 400
6 7 259
6 8 159
6 9 329
6 10 389
6 11 171
6 12 378
6 13 301
6 14 351
6 15 385
6 16 251
7 7 12
7 8 323
7 9 65
7 10 346
7 11 371
7 12 162
7 13 223
7 14 431
7 15 217
7 16 209
8 8 52
8 9 101
8 10 354
8 11 105
8 12 259
8 13 104
8 14 337
8 15 350
8 16 101
9 9 123
9 10 300
9 11 204
9 12 331
9 13 433
9 14 150
9 15 256
9 16 382
10 10 207
10 11 395
10 12 172
10 13 220
10 14 62
10 15 284
10 16 375
11 11 346
11 12 120
11 13 310
11 14 386
11 15 216
11 16 314
12 12 426
12 13 215
12 14 350
12 15 82
12 16 270
13 13 205
13 14 32
13 15 300
13 16 394
14 14 80
14 15 362
14 16 153
15 15 346
15 16 78
16 16 441
15 120
167 264 328 712 855 1048 1925 2029 2365 2512 2656 2981 3685 3715 3798 
1 1 140
1 2 259
1 3 101
1 4 338
1 5 315
1 6 197
1 7 276
1 8 135
1 9 231
1 10 77
1 11 177
1 12 91
1 13 308
1 14 437
1 15 159
2 2 340
2 3 121
2 4 437
2 5 240
2 6 149
2 7 407
2 8 362
2 9 326
2 10 341
2 11 329
2 12 178
2 13 154
2 14 441
2 15 161
3 3 166
3 4 372
3 5 78
3 6 147
3 7 184
3 8 85
3 9 404
3 10 92
3 11 244
3 12 125
3 13 315
3 14 431
3 15 267
4 4 363
4 5 102
4 6 153
4 7 192
4 8 306
4 9 156
4 10 151
4 11 284
4 12 255
4 13 313
4 14 326
4 15 246
5 5 189
5 6 140
5 7 209
5 8 389
5 9 131
5 10 381
5 11 263
5 12 225
5 13 51
5 14 291
5 15 201
6 6 238
6 7 288
6 8 181
6 9 269
6 10 361
6 11 174
6 12 429
6 13 193
6 14 35
6 15 153
7 7 382
7 8 121
7 9 359
7 10 313
7 11 390
7 12 268
7 13 192
7 14 246
7 15 150
8 8 360
8 9 398
8 10 160
8 11 292
8 12 84
8 13 307
8 14 304
8 15 380
9 9 109
9 10 197
9 11 75
9 12 188
9 13 190
9 14 413
9 15 117
10 10 60
10 11 302
10 12 376
10 13 249
10 14 93
10 15 22
11 11 128
11 12 347
11 13 348
11 14 417
11 15 343
12 12 398
12 13 269
12 14 115
12 15 233
13 13 83
13 14 238
13 15 133
14 14 127
14 15 372
15 15 415
3 6
1667 2707 2748 
1 1 292
1 2 409
1 3 445
2 2 268
2 3 400
3 3 370
16 136
169 183 318 419 586 765 962 1349 1668 1855 2193 2481 2686 3214 3467 3492 
1 1 457
1 2 367
1 3 400
1 4 218
1 5 339
1 6 78
1 7 415
1 8 399
1 9 384
1 10 253
1 11 148
1 12 161
1 13 168
1 14 128
1 15 379
1 16 315
2 2 102
2 3 287
2 4 384
2 5 43
2 6 370
2 7 164
2 8 153
2 9 319
2 10 306
2 11 201
2 12 241
2 13 386
2 14 120
2 15 239
2 16 193
3 3 293
3 4 113
3 5 122
3 6 118
3 7 140
3 8 68
3 9 383
3 10 90
3 11 377
3 12 164
3 13 249
3 14 206
3 15 398
3 16 53
4 4 267
4 5 21
4 6 293
4 7 429
4 8 272
4 9 174
4 10 122
4 11 181
4 12 233
4 13 408
4 14 422
4 15 370
4 16 238
5 5 199
5 6 369
5 7 160
5 8 71
5 9 433
5 10 69
5 11 209
5 12 86
5 13 62
5 14 355
5 15 428
5 16 278
6 6 330
6 7 46
6 8 452
6 9 253
6 10 217
6 11 360
6 12 288
6 13 118
6 14 334
6 15 341
6 16 373
7 7 316
7 8 96
7 9 91
7 10 322
7 11 306
7 12 160
7 13 316
7 14 240
7 15 198
7 16 303
8 8 365
8 9 138
8 10 285
8 11 78
8 12 64
8 13 255
8 14 133
8 15 128
8 16 369
9 9 374
9 10 110
9 11 113
9 12 81
9 13 95
9 14 101
9 15 216
9 16 19
10 10 313
10 11 196
10 12 213
10 13 122
10 14 226
10 15 333
10 16 252
11 11 435
11 12 225
11 13 265
11 14 192
11 15 148
11 16 164
12 12 126
12 13 160
12 14 209
12 15 203
12 16 11
13 13 235
13 14 30
13 15 70
13 16 144
14 14 152
14 15 114
14 16 165
15 15 91
15 16 60
16 16 167
9 45
777 1337 1578 1786 2093 2106 2359 2780 3207 
1 1 214
1 2 290
1 3 402
1 4 102
1 5 313
1 6 134
1 7 76
1 8 26
1 9 177
2 2 68
2 3 362
2 4 336
2 5 276
2 6 133
2 7 273
2 8 283
2 9 280
3 3 121
3 4 329
3 5 122
3 6 144
3 7 113
3 8 454
3 9 267
4 4 366
4 5 364
4 6 309
4 7 167
4 8 211
4 9 164
5 5 136
5 6 136
5 7 398
5 8 260
5 9 179
6 6 276
6 7 392
6 8 130
6 9 117
7 7 385
7 8 312
7 9 230
8 8 29
8 9 33
9 9 392
7 28
480 913 1119 2219 2772 3066 3120 
1 1 60
1 2 353
1 3 326
1 4 75
1 5 110
1 6 116
1 7 116
2 2 227
2 3 54
2 4 107
2 5 109
2 6 41
2 7 77
3 3 141
3 4 199
3 5 152
3 6 272
3 7 221
4 4 298
4 5 164
4 6 238
4 7 283
5 5 262
5 6 65
5 7 377
6 6 302
6 7 163
7 7 47
12 78
344 1328 1775 1970 2212 2467 2707 2991 3041 3092 3566 3596 
1 1 312
1 2 213
1 3 341
1 4 307
1 5 394
1 6 172
1 7 62
1 8 361
1 9 225
1 10 163
1 11 365
1 12 185
2 2 132
2 3 320
2 4 332
2 5 117
2 6 225
2 7 149
2 8 391
2 9 76
2 10 247
2 11 217
2 12 56
3 3 184
3 4 307
3 5 174
3 6 291
3 7 361
3 8 328
3 9 330
3 10 445
3 11 174
3 12 69
4 4 370
4 5 228
4 6 279
4 7 125
4 8 224
4 9 418
4 10 411
4 11 38
4 12 315
5 5 423
5 6 208
5 7 205
5 8 442
5 9 289
5 10 303
5 11 214
5 12 107
6 6 214
6 7 260
6 8 249
6 9 370
6 10 66
6 11 281
6 12 313
7 7 362
7 8 325
7 9 87
7 10 342
7 11 268
7 12 108
8 8 421
8 9 164
8 10 436
8 11 131
8 12 187
9 9 60
9 10 303
9 11 110
9 12 117
10 10 242
10 11 260
10 12 212
11 11 340
11 12 117
12 12 56
8 36
854 978 1118 1989 3068 3073 3137 3336 
1 1 297
1 2 371
1 3 252
1 4 90
1 5 226
1 6 391
1 7 66
1 8 320
2 2 71
2 3 199
2 4 370
2 5 280
2 6 156
2 7 121
2 8 312
3 3 245
3 4 321
3 5 346
3 6 336
3 7 211
3 8 362
4 4 172
4 5 368
4 6 345
4 7 114
4 8 251
5 5 132
5 6 44
5 7 395
5 8 181
6 6 265
6 7 166
6 8 309
7 7 399
7 8 195
8 8 232
14 105
213 281 319 359 574 634 716 1565 1882 2252 2609 2761 2905 3742 
1 1 213
1 2 273
1 3 249
1 4 146
1 5 234
1 6 231
1 7 207
1 8 185
1 9 78
1 10 374
1 11 148
1 12 181
1 13 231
1 14 267
2 2 423
2 3 402
2 4 230
2 5 312
2 6 324
2 7 44
2 8 122
2 9 126
2 10 171
2 11 414
2 12 410
2 13 89
2 14 106
3 3 400
3 4 297
3 5 157
3 6 337
3 7 48
3 8 284
3 9 223
3 10 330
3 11 65
3 12 185
3 13 255
3 14 364
4 4 381
4 5 115
4 6 235
4 7 275
4 8 353
4 9 358
4 10 99
4 11 250
4 12 226
4 13 350
4 14 133
5 5 222
5 6 88
5 7 343
5 8 134
5 9 148
5 10 283
5 11 198
5 12 289
5 13 205
5 14 370
6 6 66
6 7 206
6 8 350
6 9 386
6 10 77
6 11 243
6 12 147
6 13 272
6 14 307
7 7 403
7 8 257
7 9 323
7 10 187
7 11 320
7 12 284
7 13 70
7 14 350
8 8 264
8 9 431
8 10 327
8 11 142
8 12 183
8 13 420
8 14 149
9 9 358
9 10 135
9 11 105
9 12 313
9 13 349
9 14 411
10 10 352
10 11 233
10 12 104
10 13 345
10 14 235
11 11 355
11 12 120
11 13 76
11 14 320
12 12 243
12 13 299
12 14 96
13 13 191
13 14 225
14 14 374
3 6
76 1112 3504 
1 1 358
1 2 150
1 3 158
2 2 285
2 3 319
3 3 196
7 28
564 596 1101 1974 2004 2221 3818 
1 1 392
1 2 252
1 3 278
1 4 319
1 5 188
1 6 150
1 7 326
2 2 38
2 3 64
2 4 77
2 5 140
2 6 151
2 7 400
3 3 190
3 4 369
3 5 192
3 6 357
3 7 172
4 4 253
4 5 243
4 6 186
4 7 397
5 5 394
5 6 361
5 7 154
6 6 337
6 7 271
7 7 383
9 45
516 959 1266 1479 2015 2291 2487 3061 3624 
1 1 312
1 2 387
1 3 205
1 4 178
1 5 375
1 6 324
1 7 313
1 8 363
1 9 61
2 2 168
2 3 83
2 4 461
2 5 322
2 6 223
2 7 226
2 8 44
2 9 339
3 3 310
3 4 93
3 5 285
3 6 149
3 7 450
3 8 280
3 9 314
4 4 54
4 5 141
4 6 364
4 7 131
4 8 100
4 9 271
5 5 405
5 6 146
5 7 276
5 8 97
5 9 398
6 6 235
6 7 78
6 8 406
6 9 136
7 7 163
7 8 273
7 9 153
8 8 140
8 9 160
9 9 168
11 66
105 228 280 1709 1976 2175 2452 2460 2485 3039 3173 
1 1 38
1 2 417
1 3 264
1 4 250
1 5 238
1 6 113
1 7 424
1 8 36
1 9 82
1 10 338
1 11 89
2 2 294
2 3 258
2 4 142
2 5 119
2 6 405
2 7 390
2 8 373
2 9 320
2 10 410
2 11 336
3 3 279
3 4 319
3 5 348
3 6 252
3 7 145
3 8 212
3 9 392
3 10 90
3 11 283
4 4 135
4 5 95
4 6 404
4 7 109
4 8 268
4 9 128
4 10 325
4 11 388
5 5 304
5 6 199
5 7 332
5 8 198
5 9 15
5 10 210
5 11 248
6 6 193
6 7 384
6 8 302
6 9 273
6 10 42
6 11 282
7 7 115
7 8 295
7 9 327
7 10 297
7 11 418
8 8 81
8 9 154
8 10 177
8 11 63
9 9 191
9 10 249
9 11 309
10 10 155
10 11 281
11 11 432
12 78
65 129 407 507 698 1592 1733 1774 2151 2158 2501 3758 
1 1 191
1 2 381
1 3 203
1 4 259
1 5 13
1 6 242
1 7 214
1 8 79
1 9 24
1 10 393
1 11 81
1 12 122
2 2 177
2 3 326
2 4 141
2 5 84
2 6 138
2 7 325
2 8 160
2 9 278
2 10 277
2 11 110
2 12 332
3 3 353
3 4 101
3 5 256
3 6 18
3 7 73
3 8 184
3 9 115
3 10 263
3 11 181
3 12 226
4 4 324
4 5 292
4 6 79
4 7 275
4 8 228
4 9 122
4 10 370
4 11 102
4 12 357
5 5 93
5 6 149
5 7 357
5 8 163
5 9 58
5 10 288
5 11 199
5 12 19
6 6 91
6 7 167
6 8 328
6 9 330
6 10 201
6 11 183
6 12 84
7 7 75
7 8 30
7 9 389
7 10 199
7 11 219
7 12 200
8 8 385
8 9 173
8 10 148
8 11 111
8 12 173
9 9 359
9 10 278
9 11 151
9 12 232
10 10 354
10 11 107
10 12 141
11 11 33
11 12 377
12 12 315
100 300
5730 9166 5058 1812 4323 6211 6681 1753 2050 2281 548 3828 5888 7497 7986 9636 5575 311 878 1791 2125 912 255 4764 442 1104 4334 8317 6967 6744 1293 4306 7383 6366 870 8329 7274 6740 8401 7658 6464 2205 474 1363 2091 4045 707 1759 2840 9089 6085 7116 2144 4240 9437 6876 1081 2272 4613 5948 50 3467 3984 8420 1887 1011 6346 6463 8018 2132 9295 2620 139 1657 8635 6963 5169 8450 8434 9292 3201 6756 5185 6316 4502 3106 8164 8481 6539 170 2841 209 5645 6531 1397 350 1907 1606 8630 2973 
34 82 746
42 88 325
37 90 875
47 56 45
18 97 89
49 98 87
92 99 350
36 80 149
57 91 759
27 94 591
6 83 180
30 33 307
83 95 219
61 91 957
57 94 947
26 52 826
32 34 118
6 22 51
33 64 518
30 83 70
35 58 752
20 95 402
54 98 128
33 93 442
11 45 562
40 66 494
17 35 400
4 29 55
58 72 853
90 91 965
23 85 710
54 72 469
66 82 481
17 55 539
5 10 820
75 97 725
78 98 720
20 93 409
34 63 112
36 62 495
32 71 740
60 79 31
40 72 737
25 55 225
83 84 910
47 66 662
36 67 98
10 35 921
13 61 49
24 87 386
32 91 331
16 86 461
19 76 142
71 97 863
39 39 398
54 79 759
3 19 890
14 47 27
28 46 281
17 69 918
47 60 45
60 99 804
20 82 575
86 94 450
18 99 701
56 74 379
5 32 532
30 81 711
9 78 155
11 35 168
48 76 448
26 83 622
21 72 532
43 71 31
39 73 380
14 24 127
4 100 83
55 69 626
17 26 308
22 68 331
79 86 420
63 97 392
28 80 196
37 67 720
27 59 13
77 92 502
1 63 70
22 65 85
23 88 473
40 100 204
33 73 323
90 92 961
36 71 221
9 65 826
70 94 608
21 40 902
1 87 430
9 100 300
31 58 67
65 84 219
53 99 298
78 95 268
57 70 942
23 61 593
32 80 711
16 59 238
45 49 860
3 52 765
12 73 98
16 56 697
30 30 762
13 49 783
2 20 866
67 88 411
5 48 296
38 83 321
62 66 219
12 29 685
9 11 432
39 74 316
37 60 343
37 57 712
14 48 254
47 65 879
20 28 538
51 52 264
20 84 545
24 97 1000
21 68 141
19 79 839
42 71 505
49 72 743
19 41 655
6 75 540
6 93 355
13 22 440
74 76 999
11 38 78
2 69 881
33 69 849
20 97 148
25 70 186
15 99 517
17 46 205
37 66 697
69 98 636
18 74 839
82 82 624
46 88 683
13 20 477
42 42 716
18 63 386
3 70 213
18 70 249
14 70 363
87 94 560
17 83 991
26 95 739
62 70 531
51 52 961
64 92 522
33 56 540
56 83 951
52 92 741
64 88 327
73 75 282
11 53 85
55 95 932
15 58 865
29 91 821
29 58 475
15 37 909
36 62 489
47 55 335
1 95 35
11 89 30
42 58 209
44 88 35
75 87 825
10 76 107
5 99 923
64 91 406
69 69 491
78 91 433
4 84 779
63 97 357
47 70 888
26 45 941
53 64 634
92 100 342
26 99 348
79 99 663
50 68 476
27 98 563
8 37 531
66 75 716
32 88 21
3 81 716
28 94 405
66 100 108
23 83 232
5 63 980
64 93 698
10 50 825
8 98 512
9 44 310
11 29 189
93 100 657
47 95 915
14 96 888
20 54 510
14 69 604
10 84 292
18 96 855
70 90 267
66 95 328
36 67 720
76 89 357
61 88 398
73 99 381
11 63 355
59 89 552
60 72 190
8 10 564
13 72 124
58 88 76
16 53 631
69 83 829
72 72 967
25 93 459
42 59 763
67 92 209
19 37 234
31 35 451
77 90 326
22 33 131
31 79 138
63 75 672
51 58 724
2 69 294
9 77 543
30 91 554
52 82 174
28 69 298
73 98 973
10 94 442
8 28 661
27 66 984
34 39 860
18 74 880
55 73 718
50 74 824
39 86 179
34 36 544
68 98 887
25 50 320
35 82 265
7 18 94
89 99 193
23 31 823
75 76 69
62 85 823
8 28 248
6 73 977
23 95 455
7 38 137
48 84 463
18 58 949
7 55 654
13 29 445
18 84 559
41 100 813
47 56 268
11 41 403
37 84 657
14 99 798
13 80 751
52 64 709
16 60 234
50 57 512
20 44 545
37 83 640
32 74 695
62 72 335
8 82 426
34 47 959
16 98 913
11 64 321
64 72 684
20 32 643
6 76 651
45 94 330
11 16 224
4 23 583
25 35 122
41 87 198
29 71 232
22 80 488
81 94 469
48 95 55
