4 10
1954 2016 2048 2330 
1 1 391
1 2 104
1 3 361
1 4 225
2 2 137
2 3 153
2 4 90
3 3 254
3 4 137
4 4 206
5 15
837 1340 1385 2486 3457 
1 1 430
1 2 269
1 3 354
1 4 248
1 5 340
2 2 53
2 3 361
2 4 262
2 5 203
3 3 125
3 4 129
3 5 348
4 4 33
4 5 382
5 5 326
15 120
76 208 471 579 672 1051 1490 1596 1666 1713 2163 3060 3456 3594 3626 
1 1 124
1 2 56
1 3 120
1 4 304
1 5 255
1 6 262
1 7 343
1 8 259
1 9 164
1 10 304
1 11 281
1 12 229
1 13 272
1 14 308
1 15 184
2 2 178
2 3 362
2 4 396
2 5 139
2 6 243
2 7 67
2 8 236
2 9 118
2 10 207
2 11 206
2 12 424
2 13 168
2 14 212
2 15 169
3 3 148
3 4 433
3 5 205
3 6 296
3 7 132
3 8 344
3 9 382
3 10 244
3 11 244
3 12 368
3 13 382
3 14 415
3 15 219
4 4 111
4 5 240
4 6 388
4 7 115
4 8 394
4 9 142
4 10 180
4 11 343
4 12 196
4 13 87
4 14 100
4 15 271
5 5 209
5 6 237
5 7 211
5 8 316
5 9 358
5 10 222
5 11 365
5 12 222
5 13 288
5 14 297
5 15 413
6 6 362
6 7 314
6 8 259
6 9 108
6 10 257
6 11 102
6 12 371
6 13 192
6 14 280
6 15 146
7 7 317
7 8 227
7 9 452
7 10 359
7 11 201
7 12 134
7 13 122
7 14 322
7 15 252
8 8 348
8 9 77
8 10 198
8 11 253
8 12 373
8 13 406
8 14 339
8 15 432
9 9 371
9 10 411
9 11 466
9 12 140
9 13 142
9 14 177
9 15 173
10 10 58
10 11 148
10 12 293
10 13 275
10 14 309
10 15 232
11 11 300
11 12 105
11 13 332
11 14 273
11 15 383
12 12 209
12 13 37
12 14 347
12 15 252
13 13 165
13 14 86
13 15 190
14 14 63
14 15 230
15 15 336
14 105
388 1294 1506 1509 1835 1866 2076 2178 2241 2276 2392 2776 2805 3498 
1 1 465
1 2 372
1 3 334
1 4 351
1 5 416
1 6 366
1 7 179
1 8 200
1 9 130
1 10 262
1 11 298
1 12 327
1 13 300
1 14 131
2 2 246
2 3 185
2 4 111
2 5 62
2 6 361
2 7 182
2 8 143
2 9 140
2 10 369
2 11 330
2 12 435
2 13 292
2 14 355
3 3 146
3 4 112
3 5 329
3 6 165
3 7 220
3 8 198
3 9 118
3 10 414
3 11 248
3 12 291
3 13 308
3 14 402
4 4 66
4 5 252
4 6 196
4 7 411
4 8 140
4 9 331
4 10 134
4 11 381
4 12 415
4 13 256
4 14 304
5 5 96
5 6 253
5 7 292
5 8 340
5 9 134
5 10 158
5 11 165
5 12 358
5 13 111
5 14 294
6 6 334
6 7 228
6 8 128
6 9 140
6 10 312
6 11 166
6 12 394
6 13 207
6 14 269
7 7 232
7 8 96
7 9 86
7 10 304
7 11 323
7 12 403
7 13 149
7 14 173
8 8 390
8 9 363
8 10 73
8 11 296
8 12 93
8 13 108
8 14 200
9 9 330
9 10 215
9 11 283
9 12 315
9 13 296
9 14 414
10 10 64
10 11 351
10 12 345
10 13 45
10 14 119
11 11 85
11 12 140
11 13 360
11 14 345
12 12 405
12 13 374
12 14 169
13 13 215
13 14 63
14 14 377
3 6
2789 3215 3368 
1 1 340
1 2 151
1 3 352
2 2 339
2 3 261
3 3 58
15 120
915 1119 1227 1234 1272 1290 2333 2365 2802 2939 3094 3355 3613 3680 3756 
1 1 446
1 2 295
1 3 112
1 4 201
1 5 316
1 6 337
1 7 372
1 8 72
1 9 105
1 10 85
1 11 380
1 12 145
1 13 405
1 14 86
1 15 97
2 2 183
2 3 405
2 4 133
2 5 286
2 6 276
2 7 369
2 8 435
2 9 357
2 10 240
2 11 63
2 12 156
2 13 342
2 14 294
2 15 373
3 3 153
3 4 318
3 5 249
3 6 38
3 7 266
3 8 144
3 9 45
3 10 235
3 11 205
3 12 326
3 13 159
3 14 134
3 15 38
4 4 77
4 5 372
4 6 60
4 7 210
4 8 396
4 9 194
4 10 151
4 11 152
4 12 367
4 13 268
4 14 245
4 15 97
5 5 161
5 6 410
5 7 364
5 8 195
5 9 433
5 10 235
5 11 76
5 12 148
5 13 328
5 14 241
5 15 173
6 6 199
6 7 239
6 8 146
6 9 157
6 10 297
6 11 414
6 12 138
6 13 135
6 14 152
6 15 271
7 7 102
7 8 103
7 9 126
7 10 65
7 11 328
7 12 177
7 13 162
7 14 380
7 15 264
8 8 228
8 9 298
8 10 317
8 11 323
8 12 234
8 13 160
8 14 49
8 15 31
9 9 335
9 10 365
9 11 100
9 12 394
9 13 87
9 14 399
9 15 413
10 10 173
10 11 357
10 12 264
10 13 74
10 14 283
10 15 413
11 11 256
11 12 94
11 13 372
11 14 362
11 15 183
12 12 372
12 13 384
12 14 130
12 15 75
13 13 196
13 14 29
13 15 162
14 14 365
14 15 336
15 15 439
16 136
416 498 517 722 1258 1340 1587 1608 1882 2050 2259 2318 2369 2389 2984 3208 
1 1 328
1 2 360
1 3 144
1 4 211
1 5 321
1 6 106
1 7 34
1 8 133
1 9 222
1 10 203
1 11 174
1 12 180
1 13 181
1 14 78
1 15 280
1 16 109
2 2 106
2 3 307
2 4 429
2 5 37
2 6 285
2 7 319
2 8 231
2 9 50
2 10 239
2 11 205
2 12 314
2 13 176
2 14 176
2 15 189
2 16 120
3 3 82
3 4 45
3 5 262
3 6 248
3 7 360
3 8 335
3 9 225
3 10 195
3 11 232
3 12 421
3 13 175
3 14 238
3 15 207
3 16 244
4 4 298
4 5 292
4 6 92
4 7 353
4 8 212
4 9 58
4 10 194
4 11 428
4 12 110
4 13 304
4 14 123
4 15 200
4 16 341
5 5 98
5 6 341
5 7 138
5 8 158
5 9 33
5 10 386
5 11 153
5 12 320
5 13 151
5 14 86
5 15 175
5 16 124
6 6 270
6 7 120
6 8 266
6 9 427
6 10 210
6 11 249
6 12 300
6 13 59
6 14 215
6 15 355
6 16 96
7 7 384
7 8 246
7 9 414
7 10 64
7 11 107
7 12 216
7 13 270
7 14 422
7 15 149
7 16 339
8 8 286
8 9 368
8 10 187
8 11 237
8 12 266
8 13 382
8 14 336
8 15 132
8 16 258
9 9 404
9 10 194
9 11 219
9 12 121
9 13 174
9 14 139
9 15 292
9 16 287
10 10 126
10 11 280
10 12 348
10 13 103
10 14 403
10 15 290
10 16 330
11 11 195
11 12 72
11 13 205
11 14 374
11 15 264
11 16 132
12 12 206
12 13 178
12 14 268
12 15 70
12 16 266
13 13 174
13 14 339
13 15 156
13 16 189
14 14 264
14 15 355
14 16 376
15 15 256
15 16 417
16 16 244
8 36
48 456 618 1614 2196 2310 3785 3854 
1 1 38
1 2 21
1 3 120
1 4 326
1 5 102
1 6 111
1 7 358
1 8 65
2 2 354
2 3 12
2 4 42
2 5 271
2 6 63
2 7 152
2 8 88
3 3 307
3 4 252
3 5 257
3 6 320
3 7 213
3 8 188
4 4 115
4 5 329
4 6 25
4 7 391
4 8 290
5 5 292
5 6 201
5 7 275
5 8 132
6 6 114
6 7 82
6 8 119
7 7 67
7 8 308
8 8 62
3 6
1290 1600 2778 
1 1 384
1 2 209
1 3 299
2 2 198
2 3 276
3 3 357
4 10
414 703 1448 2809 
1 1 241
1 2 248
1 3 351
1 4 396
2 2 395
2 3 208
2 4 265
3 3 117
3 4 396
4 4 372
11 66
193 839 1294 1321 1917 2218 2398 3515 3672 3681 3752 
1 1 206
1 2 238
1 3 161
1 4 254
1 5 349
1 6 204
1 7 187
1 8 98
1 9 221
1 10 277
1 11 145
2 2 247
2 3 354
2 4 268
2 5 18
2 6 212
2 7 266
2 8 187
2 9 379
2 10 238
2 11 223
3 3 95
3 4 74
3 5 23
3 6 197
3 7 137
3 8 346
3 9 297
3 10 82
3 11 113
4 4 374
4 5 123
4 6 344
4 7 435
4 8 254
4 9 33
4 10 309
4 11 180
5 5 332
5 6 414
5 7 372
5 8 392
5 9 391
5 10 191
5 11 164
6 6 79
6 7 295
6 8 411
6 9 396
6 10 174
6 11 47
7 7 293
7 8 75
7 9 181
7 10 191
7 11 32
8 8 81
8 9 359
8 10 105
8 11 255
9 9 251
9 10 379
9 11 326
10 10 446
10 11 267
11 11 48
17 153
248 258 340 558 570 653 815 1337 1719 1752 1836 1980 2054 2105 2571 3503 3581 
1 1 415
1 2 251
1 3 257
1 4 369
1 5 238
1 6 326
1 7 237
1 8 215
1 9 197
1 10 247
1 11 178
1 12 168
1 13 94
1 14 318
1 15 364
1 16 358
1 17 248
2 2 218
2 3 275
2 4 433
2 5 331
2 6 356
2 7 63
2 8 132
2 9 169
2 10 314
2 11 292
2 12 68
2 13 425
2 14 157
2 15 117
2 16 144
2 17 84
3 3 88
3 4 164
3 5 323
3 6 151
3 7 84
3 8 232
3 9 363
3 10 357
3 11 124
3 12 352
3 13 233
3 14 203
3 15 313
3 16 395
3 17 315
4 4 271
4 5 103
4 6 111
4 7 324
4 8 67
4 9 439
4 10 237
4 11 131
4 12 303
4 13 360
4 14 84
4 15 187
4 16 145
4 17 246
5 5 338
5 6 173
5 7 117
5 8 354
5 9 203
5 10 206
5 11 308
5 12 103
5 13 311
5 14 298
5 15 391
5 16 200
5 17 302
6 6 267
6 7 360
6 8 192
6 9 398
6 10 118
6 11 342
6 12 405
6 13 200
6 14 81
6 15 54
6 16 68
6 17 255
7 7 307
7 8 333
7 9 279
7 10 332
7 11 255
7 12 24
7 13 237
7 14 82
7 15 73
7 16 71
7 17 211
8 8 373
8 9 141
8 10 107
8 11 114
8 12 214
8 13 312
8 14 199
8 15 303
8 16 207
8 17 62
9 9 330
9 10 96
9 11 137
9 12 104
9 13 165
9 14 370
9 15 118
9 16 34
9 17 453
10 10 113
10 11 388
10 12 388
10 13 363
10 14 300
10 15 264
10 16 196
10 17 251
11 11 294
11 12 216
11 13 118
11 14 275
11 15 101
11 16 25
11 17 407
12 12 176
12 13 386
12 14 233
12 15 348
12 16 206
12 17 146
13 13 310
13 14 360
13 15 343
13 16 210
13 17 140
14 14 23
14 15 41
14 16 388
14 17 285
15 15 81
15 16 328
15 17 96
16 16 255
16 17 159
17 17 47
6 21
427 925 1039 1913 3051 3347 
1 1 311
1 2 314
1 3 214
1 4 314
1 5 215
1 6 52
2 2 363
2 3 416
2 4 221
2 5 398
2 6 131
3 3 115
3 4 93
3 5 226
3 6 338
4 4 394
4 5 197
4 6 423
5 5 179
5 6 155
6 6 295
9 45
474 2004 2045 2062 2323 2637 2781 3317 3812 
1 1 148
1 2 176
1 3 148
1 4 292
1 5 318
1 6 168
1 7 237
1 8 111
1 9 345
2 2 63
2 3 296
2 4 364
2 5 343
2 6 326
2 7 345
2 8 245
2 9 368
3 3 421
3 4 111
3 5 177
3 6 83
3 7 431
3 8 98
3 9 253
4 4 230
4 5 292
4 6 204
4 7 77
4 8 383
4 9 222
5 5 175
5 6 68
5 7 228
5 8 329
5 9 50
6 6 221
6 7 273
6 8 357
6 9 107
7 7 358
7 8 416
7 9 153
8 8 412
8 9 333
9 9 314
12 78
114 381 409 662 759 1256 1553 2178 2399 2667 3628 3765 
1 1 55
1 2 448
1 3 246
1 4 332
1 5 278
1 6 135
1 7 372
1 8 359
1 9 322
1 10 188
1 11 126
1 12 325
2 2 333
2 3 354
2 4 240
2 5 329
2 6 86
2 7 353
2 8 389
2 9 292
2 10 118
2 11 52
2 12 67
3 3 352
3 4 137
3 5 372
3 6 283
3 7 164
3 8 155
3 9 180
3 10 292
3 11 65
3 12 400
4 4 244
4 5 435
4 6 320
4 7 366
4 8 360
4 9 249
4 10 436
4 11 161
4 12 178
5 5 102
5 6 413
5 7 229
5 8 333
5 9 90
5 10 209
5 11 269
5 12 346
6 6 441
6 7 358
6 8 359
6 9 268
6 10 140
6 11 27
6 12 53
7 7 38
7 8 273
7 9 218
7 10 246
7 11 171
7 12 141
8 8 387
8 9 201
8 10 331
8 11 122
8 12 107
9 9 244
9 10 167
9 11 343
9 12 254
10 10 236
10 11 346
10 12 221
11 11 260
11 12 102
12 12 270
200 500
5763 5578 7091 301 9165 2710 5037 5249 558 6336 9069 4268 668 9121 532 9177 1611 724 6417 4894 7976 1882 6563 9374 5399 3388 8044 9234 8592 3987 8535 9065 5621 1413 1563 7853 5064 2480 8655 2392 8170 7692 8704 7527 3927 8684 7234 7134 208 5414 8660 9517 9369 147 1463 8977 7796 7928 7216 4925 365 3526 2139 5818 7624 1424 4450 3932 3608 3659 1711 232 1137 218 1439 1043 6688 2939 9191 8573 2762 3163 9531 3582 3058 4113 7021 2255 7311 6058 9714 2364 3405 4017 3547 7816 3011 4546 4995 7313 501 5631 9780 230 7098 9186 5808 7399 1537 6164 1756 9020 431 8237 5055 6137 1164 8381 7628 832 3424 298 8315 2487 2024 4107 7775 3739 2237 1445 7076 4549 8743 980 9463 5244 7373 524 7755 1419 2816 8608 2377 4773 7433 5554 4199 1239 3104 9053 7628 1564 4831 4448 7667 6774 4438 3947 862 6428 9440 1295 9213 5503 2470 9329 1152 7825 8034 2511 633 4008 1543 7559 2917 7983 8895 5156 7804 9023 9429 3737 7927 9932 2212 8499 4289 2786 623 6890 9873 5650 3507 6697 4568 583 3114 6271 726 4686 
33 181 442
60 181 745
35 137 170
33 85 946
179 186 923
15 191 37
78 162 236
160 160 878
3 6 251
75 141 143
2 193 515
156 188 307
113 133 629
104 191 907
131 141 1002
57 112 359
80 100 314
26 151 326
34 141 729
53 78 19
49 150 859
37 141 678
32 42 622
44 71 239
160 182 447
129 172 997
127 135 280
179 192 920
193 197 240
51 123 879
25 133 877
49 86 976
59 120 811
198 199 543
46 89 935
71 109 487
73 92 432
5 69 588
84 116 555
51 176 167
183 200 783
31 61 25
73 101 395
93 116 301
81 139 36
14 97 44
121 185 748
193 193 814
136 180 588
82 118 206
21 159 251
41 155 343
146 154 752
83 146 67
10 19 243
164 194 65
35 127 434
102 199 124
129 149 346
129 138 884
46 101 246
45 93 187
40 188 86
53 199 675
31 99 731
161 194 686
60 69 930
14 79 344
74 121 35
33 152 623
141 197 549
89 140 169
88 115 183
49 84 362
52 146 133
109 173 162
162 169 311
1 167 608
151 154 504
45 57 491
22 24 968
36 38 202
88 200 156
45 107 756
73 94 183
76 121 722
96 178 968
46 130 64
65 178 22
62 174 30
57 88 635
9 136 359
43 142 924
30 151 245
44 164 972
99 198 1000
109 190 570
5 112 342
142 158 713
90 143 486
117 154 780
12 65 846
81 117 763
105 170 746
28 42 749
177 187 698
44 85 978
70 123 105
123 137 798
7 114 662
95 166 638
30 51 182
137 195 720
57 109 580
124 153 655
36 172 994
173 192 368
47 58 480
56 136 333
108 124 370
113 148 483
14 155 203
59 132 354
26 44 105
107 164 939
33 183 637
37 125 279
104 144 167
130 183 720
81 167 336
4 146 908
70 170 650
61 145 51
55 141 698
128 180 189
180 195 539
28 197 495
20 167 234
33 158 242
39 137 507
96 197 481
121 186 78
31 49 197
5 114 62
47 189 363
28 192 724
154 183 17
11 152 953
91 143 163
132 156 383
6 19 786
182 198 128
37 47 649
81 124 555
63 171 384
16 18 114
136 175 129
80 188 684
46 195 432
139 173 471
30 106 830
104 165 611
70 91 972
54 94 658
54 140 944
116 189 586
153 162 266
116 148 499
34 104 767
35 108 289
80 178 532
190 192 208
145 175 752
6 94 161
88 104 518
83 115 549
95 97 672
95 166 368
3 43 653
26 57 456
92 150 136
1 165 974
33 162 757
2 172 97
37 182 72
17 109 279
23 146 668
51 140 305
30 177 671
8 88 976
161 190 70
57 65 754
67 169 338
153 188 695
31 171 729
11 167 566
53 102 195
19 182 422
55 166 419
18 93 660
6 180 628
105 122 536
24 129 592
10 186 440
13 181 180
15 40 718
67 108 312
83 115 137
65 164 217
128 160 370
143 155 33
100 152 256
11 21 423
7 183 533
38 138 665
126 199 815
30 114 401
76 154 526
46 102 215
40 146 223
41 64 989
156 193 76
70 140 51
105 132 398
23 122 941
2 101 541
141 160 298
35 185 360
134 148 412
96 102 390
73 135 751
45 94 828
72 73 470
21 143 997
10 177 999
85 108 362
3 107 667
13 61 365
100 191 44
41 87 635
73 150 589
24 85 474
130 148 461
70 188 569
85 94 872
71 125 612
24 173 836
164 174 128
132 137 466
17 68 728
41 66 632
8 117 180
19 24 540
56 89 45
51 176 444
19 159 636
53 116 359
50 186 916
77 82 400
8 113 950
28 136 611
36 84 643
59 154 887
23 141 357
97 197 172
118 150 586
28 94 161
7 71 368
3 160 831
23 71 847
90 139 394
70 85 395
4 70 172
47 134 1006
92 126 306
108 199 1003
46 116 667
49 181 732
2 172 118
46 197 429
86 122 964
56 82 510
73 92 128
53 154 344
42 60 26
102 113 453
53 110 1003
17 175 708
34 179 873
49 82 708
22 115 354
50 168 642
84 152 216
78 88 300
88 171 362
64 138 213
49 66 408
100 157 102
76 128 549
26 120 704
61 83 622
21 148 18
97 188 489
119 153 81
11 183 838
115 148 952
12 90 72
18 189 326
131 195 705
109 167 149
75 157 505
62 140 422
181 197 776
1 84 79
128 171 975
152 177 346
144 187 489
17 116 299
82 109 1000
44 74 166
84 135 713
27 65 461
104 179 545
100 113 738
18 144 292
71 106 521
51 138 161
21 137 837
192 198 105
112 118 162
68 167 468
93 96 619
18 173 474
44 152 633
8 75 905
79 119 901
78 174 251
19 49 111
43 126 558
173 178 73
30 57 984
90 148 621
139 153 506
22 113 355
36 127 644
104 119 763
105 197 276
17 161 980
57 150 143
97 154 159
40 73 850
44 50 641
13 183 977
16 184 304
35 57 725
122 147 399
115 120 309
126 185 667
62 65 19
61 138 284
23 186 215
47 146 37
61 104 125
56 168 985
182 185 385
113 168 481
86 176 971
5 80 374
143 185 99
87 92 940
35 42 933
77 124 101
71 95 449
41 179 646
82 175 316
45 109 323
16 99 498
162 173 475
143 172 735
102 196 500
30 191 846
56 105 810
64 115 722
18 31 542
132 157 944
62 80 252
88 125 941
105 199 248
33 65 380
62 100 369
46 173 354
146 172 156
156 198 251
137 193 119
42 88 721
52 78 369
25 85 301
33 108 92
89 159 927
36 169 565
72 167 94
118 174 246
22 178 892
95 145 34
11 197 613
91 158 223
112 169 340
10 23 432
112 177 361
169 172 318
8 29 658
30 171 323
69 87 93
15 56 763
48 169 1000
105 163 357
26 189 989
20 34 906
74 142 609
19 51 607
114 171 258
57 184 995
18 112 331
13 157 827
30 156 443
28 173 617
159 165 360
67 144 805
91 197 37
62 141 497
84 131 764
11 188 618
172 190 204
17 95 725
10 122 804
15 99 120
39 137 234
110 170 89
165 173 205
93 112 96
26 85 744
14 164 444
71 180 410
76 181 25
97 139 556
71 128 266
153 165 747
24 113 350
56 97 978
95 186 753
103 114 211
55 184 954
31 71 869
3 162 882
69 173 32
15 21 522
3 158 816
88 96 930
70 116 209
120 148 715
167 178 352
134 138 929
55 142 155
87 171 453
59 156 189
103 151 657
174 177 796
53 74 303
59 67 642
50 73 946
97 189 749
8 128 44
127 180 185
126 159 661
84 137 962
18 141 878
106 178 778
62 73 608
21 98 243
5 25 633
69 88 30
167 176 937
98 128 824
63 189 698
143 148 15
13 185 637
78 79 521
32 91 473
23 48 954
87 101 506
109 167 500
9 51 684
50 171 344
98 100 890
86 186 755
45 130 301
119 169 834
77 169 979
39 50 365
66 150 990
