15 120
399 411 861 1010 1045 1373 1453 1546 1845 2089 2682 2912 3088 3105 3210 
1 1 333
1 2 88
1 3 245
1 4 357
1 5 213
1 6 228
1 7 271
1 8 157
1 9 204
1 10 220
1 11 278
1 12 92
1 13 194
1 14 271
1 15 168
2 2 179
2 3 359
2 4 267
2 5 374
2 6 147
2 7 395
2 8 312
2 9 178
2 10 200
2 11 154
2 12 228
2 13 100
2 14 376
2 15 125
3 3 298
3 4 336
3 5 258
3 6 276
3 7 93
3 8 57
3 9 35
3 10 57
3 11 74
3 12 223
3 13 417
3 14 316
3 15 356
4 4 77
4 5 287
4 6 300
4 7 186
4 8 41
4 9 459
4 10 372
4 11 164
4 12 419
4 13 153
4 14 95
4 15 51
5 5 115
5 6 158
5 7 117
5 8 348
5 9 78
5 10 124
5 11 94
5 12 419
5 13 371
5 14 411
5 15 330
6 6 241
6 7 326
6 8 109
6 9 367
6 10 433
6 11 410
6 12 99
6 13 210
6 14 172
6 15 303
7 7 352
7 8 382
7 9 105
7 10 434
7 11 370
7 12 217
7 13 340
7 14 33
7 15 417
8 8 341
8 9 387
8 10 321
8 11 309
8 12 340
8 13 64
8 14 354
8 15 223
9 9 117
9 10 112
9 11 448
9 12 87
9 13 144
9 14 162
9 15 89
10 10 187
10 11 202
10 12 350
10 13 243
10 14 115
10 15 378
11 11 218
11 12 277
11 13 141
11 14 147
11 15 262
12 12 138
12 13 304
12 14 342
12 15 76
13 13 126
13 14 320
13 15 391
14 14 52
14 15 359
15 15 231
10 55
912 1132 1134 1646 1773 1868 2111 2530 3313 3704 
1 1 245
1 2 341
1 3 120
1 4 63
1 5 321
1 6 185
1 7 368
1 8 269
1 9 78
1 10 148
2 2 400
2 3 141
2 4 303
2 5 300
2 6 389
2 7 106
2 8 357
2 9 114
2 10 355
3 3 407
3 4 213
3 5 127
3 6 248
3 7 369
3 8 209
3 9 383
3 10 310
4 4 292
4 5 225
4 6 280
4 7 286
4 8 144
4 9 285
4 10 267
5 5 228
5 6 307
5 7 179
5 8 128
5 9 260
5 10 284
6 6 145
6 7 324
6 8 286
6 9 205
6 10 346
7 7 398
7 8 312
7 9 211
7 10 411
8 8 224
8 9 82
8 10 276
9 9 416
9 10 48
10 10 96
16 136
159 542 545 698 873 1566 2180 2182 2330 2676 2756 2973 3180 3322 3351 3747 
1 1 103
1 2 300
1 3 34
1 4 252
1 5 443
1 6 199
1 7 318
1 8 151
1 9 137
1 10 276
1 11 69
1 12 347
1 13 64
1 14 350
1 15 384
1 16 107
2 2 104
2 3 234
2 4 290
2 5 299
2 6 191
2 7 125
2 8 411
2 9 286
2 10 197
2 11 400
2 12 333
2 13 97
2 14 295
2 15 281
2 16 81
3 3 43
3 4 446
3 5 332
3 6 55
3 7 205
3 8 237
3 9 261
3 10 113
3 11 324
3 12 375
3 13 454
3 14 184
3 15 113
3 16 202
4 4 224
4 5 77
4 6 95
4 7 78
4 8 202
4 9 171
4 10 203
4 11 170
4 12 353
4 13 56
4 14 293
4 15 114
4 16 194
5 5 258
5 6 138
5 7 34
5 8 254
5 9 339
5 10 389
5 11 230
5 12 271
5 13 167
5 14 227
5 15 70
5 16 337
6 6 127
6 7 222
6 8 189
6 9 438
6 10 307
6 11 161
6 12 67
6 13 299
6 14 154
6 15 81
6 16 209
7 7 225
7 8 108
7 9 133
7 10 154
7 11 349
7 12 162
7 13 144
7 14 174
7 15 275
7 16 285
8 8 98
8 9 100
8 10 260
8 11 339
8 12 261
8 13 351
8 14 409
8 15 354
8 16 409
9 9 396
9 10 255
9 11 445
9 12 451
9 13 344
9 14 405
9 15 59
9 16 303
10 10 205
10 11 161
10 12 139
10 13 158
10 14 361
10 15 351
10 16 347
11 11 77
11 12 407
11 13 323
11 14 262
11 15 62
11 16 178
12 12 95
12 13 304
12 14 335
12 15 153
12 16 198
13 13 308
13 14 129
13 15 172
13 16 142
14 14 151
14 15 159
14 16 179
15 15 214
15 16 331
16 16 120
3 6
744 1534 2545 
1 1 396
1 2 146
1 3 35
2 2 162
2 3 401
3 3 92
3 6
2539 3145 3754 
1 1 285
1 2 350
1 3 303
2 2 37
2 3 174
3 3 140
8 36
40 329 502 944 1119 1587 2662 3677 
1 1 151
1 2 349
1 3 314
1 4 264
1 5 21
1 6 312
1 7 313
1 8 210
2 2 346
2 3 262
2 4 70
2 5 319
2 6 173
2 7 157
2 8 95
3 3 163
3 4 261
3 5 185
3 6 86
3 7 323
3 8 68
4 4 97
4 5 333
4 6 128
4 7 208
4 8 99
5 5 349
5 6 212
5 7 168
5 8 110
6 6 96
6 7 272
6 8 343
7 7 330
7 8 339
8 8 251
6 21
230 800 982 1870 2330 2791 
1 1 101
1 2 269
1 3 223
1 4 433
1 5 80
1 6 369
2 2 275
2 3 389
2 4 278
2 5 108
2 6 219
3 3 188
3 4 66
3 5 108
3 6 92
4 4 385
4 5 263
4 6 139
5 5 19
5 6 397
6 6 338
11 66
146 435 722 846 2057 2231 2371 2626 3491 3501 3523 
1 1 374
1 2 425
1 3 96
1 4 366
1 5 397
1 6 173
1 7 286
1 8 302
1 9 307
1 10 305
1 11 407
2 2 349
2 3 286
2 4 386
2 5 232
2 6 161
2 7 263
2 8 359
2 9 420
2 10 315
2 11 289
3 3 252
3 4 70
3 5 112
3 6 329
3 7 246
3 8 212
3 9 133
3 10 309
3 11 292
4 4 223
4 5 209
4 6 324
4 7 249
4 8 289
4 9 205
4 10 96
4 11 146
5 5 360
5 6 382
5 7 62
5 8 115
5 9 417
5 10 314
5 11 289
6 6 113
6 7 79
6 8 198
6 9 405
6 10 104
6 11 170
7 7 166
7 8 175
7 9 391
7 10 96
7 11 352
8 8 253
8 9 293
8 10 146
8 11 178
9 9 270
9 10 254
9 11 192
10 10 89
10 11 280
11 11 162
15 120
280 673 830 892 945 949 1012 1411 1915 1995 2546 2729 2956 3595 3628 
1 1 426
1 2 187
1 3 366
1 4 169
1 5 321
1 6 90
1 7 381
1 8 279
1 9 96
1 10 372
1 11 177
1 12 165
1 13 392
1 14 404
1 15 261
2 2 167
2 3 308
2 4 330
2 5 251
2 6 269
2 7 36
2 8 221
2 9 391
2 10 286
2 11 254
2 12 383
2 13 305
2 14 83
2 15 321
3 3 388
3 4 338
3 5 119
3 6 55
3 7 125
3 8 163
3 9 398
3 10 181
3 11 212
3 12 318
3 13 63
3 14 362
3 15 333
4 4 147
4 5 189
4 6 294
4 7 295
4 8 338
4 9 148
4 10 290
4 11 396
4 12 343
4 13 437
4 14 365
4 15 258
5 5 395
5 6 119
5 7 233
5 8 172
5 9 362
5 10 150
5 11 222
5 12 134
5 13 192
5 14 403
5 15 357
6 6 146
6 7 370
6 8 220
6 9 151
6 10 215
6 11 104
6 12 275
6 13 173
6 14 328
6 15 344
7 7 329
7 8 295
7 9 83
7 10 167
7 11 110
7 12 111
7 13 324
7 14 296
7 15 182
8 8 116
8 9 105
8 10 70
8 11 144
8 12 259
8 13 379
8 14 57
8 15 289
9 9 35
9 10 194
9 11 83
9 12 147
9 13 199
9 14 247
9 15 369
10 10 248
10 11 130
10 12 94
10 13 60
10 14 87
10 15 270
11 11 375
11 12 344
11 13 125
11 14 117
11 15 39
12 12 388
12 13 254
12 14 361
12 15 261
13 13 113
13 14 49
13 15 436
14 14 371
14 15 229
15 15 202
3 6
238 319 933 
1 1 196
1 2 406
1 3 161
2 2 49
2 3 375
3 3 179
10 55
90 654 742 2335 2491 2844 2996 2997 3420 3847 
1 1 419
1 2 131
1 3 351
1 4 315
1 5 169
1 6 244
1 7 298
1 8 77
1 9 93
1 10 118
2 2 286
2 3 449
2 4 153
2 5 173
2 6 45
2 7 346
2 8 301
2 9 130
2 10 242
3 3 195
3 4 140
3 5 270
3 6 372
3 7 125
3 8 127
3 9 176
3 10 357
4 4 166
4 5 178
4 6 357
4 7 381
4 8 53
4 9 270
4 10 133
5 5 329
5 6 94
5 7 311
5 8 43
5 9 382
5 10 427
6 6 160
6 7 188
6 8 226
6 9 165
6 10 197
7 7 201
7 8 178
7 9 145
7 10 261
8 8 207
8 9 235
8 10 372
9 9 46
9 10 110
10 10 96
13 91
163 166 248 452 885 1136 1195 1414 1885 2338 2556 3593 3704 
1 1 118
1 2 252
1 3 99
1 4 136
1 5 55
1 6 104
1 7 107
1 8 242
1 9 155
1 10 372
1 11 87
1 12 279
1 13 173
2 2 391
2 3 197
2 4 328
2 5 67
2 6 198
2 7 282
2 8 426
2 9 245
2 10 341
2 11 384
2 12 417
2 13 301
3 3 83
3 4 249
3 5 150
3 6 355
3 7 36
3 8 241
3 9 383
3 10 289
3 11 181
3 12 118
3 13 372
4 4 219
4 5 349
4 6 294
4 7 142
4 8 70
4 9 366
4 10 219
4 11 279
4 12 196
4 13 255
5 5 58
5 6 321
5 7 178
5 8 365
5 9 53
5 10 158
5 11 296
5 12 40
5 13 302
6 6 55
6 7 161
6 8 101
6 9 359
6 10 143
6 11 370
6 12 172
6 13 40
7 7 308
7 8 331
7 9 236
7 10 128
7 11 197
7 12 356
7 13 314
8 8 383
8 9 266
8 10 285
8 11 331
8 12 439
8 13 164
9 9 33
9 10 375
9 11 293
9 12 307
9 13 374
10 10 65
10 11 349
10 12 61
10 13 76
11 11 237
11 12 271
11 13 298
12 12 134
12 13 209
13 13 136
5 15
1526 2024 2771 2869 3541 
1 1 228
1 2 155
1 3 398
1 4 82
1 5 252
2 2 24
2 3 273
2 4 109
2 5 245
3 3 401
3 4 201
3 5 405
4 4 70
4 5 381
5 5 198
5 15
1553 2665 2743 3546 3712 
1 1 289
1 2 423
1 3 377
1 4 372
1 5 139
2 2 196
2 3 212
2 4 247
2 5 136
3 3 378
3 4 336
3 5 56
4 4 225
4 5 310
5 5 41
14 105
233 282 414 491 1264 1325 1724 1806 1834 1934 2209 2693 2790 2986 
1 1 376
1 2 327
1 3 184
1 4 105
1 5 401
1 6 379
1 7 300
1 8 39
1 9 83
1 10 266
1 11 248
1 12 214
1 13 75
1 14 338
2 2 396
2 3 240
2 4 126
2 5 216
2 6 133
2 7 202
2 8 171
2 9 350
2 10 87
2 11 216
2 12 234
2 13 215
2 14 387
3 3 340
3 4 116
3 5 384
3 6 109
3 7 249
3 8 284
3 9 160
3 10 358
3 11 142
3 12 39
3 13 186
3 14 142
4 4 318
4 5 375
4 6 295
4 7 145
4 8 442
4 9 293
4 10 79
4 11 352
4 12 118
4 13 184
4 14 254
5 5 127
5 6 285
5 7 293
5 8 75
5 9 326
5 10 209
5 11 15
5 12 84
5 13 425
5 14 122
6 6 89
6 7 427
6 8 285
6 9 426
6 10 230
6 11 330
6 12 147
6 13 71
6 14 271
7 7 375
7 8 211
7 9 306
7 10 411
7 11 261
7 12 313
7 13 447
7 14 350
8 8 110
8 9 124
8 10 317
8 11 299
8 12 458
8 13 291
8 14 150
9 9 428
9 10 152
9 11 372
9 12 312
9 13 142
9 14 296
10 10 304
10 11 199
10 12 297
10 13 402
10 14 62
11 11 288
11 12 206
11 13 409
11 14 436
12 12 171
12 13 424
12 14 195
13 13 384
13 14 258
14 14 395
