13 91
31 122 221 420 1073 1110 1526 1726 2296 2694 3091 3479 3607 
1 1 49
1 2 133
1 3 266
1 4 107
1 5 282
1 6 46
1 7 61
1 8 229
1 9 28
1 10 92
1 11 306
1 12 171
1 13 390
2 2 213
2 3 168
2 4 136
2 5 171
2 6 239
2 7 452
2 8 100
2 9 360
2 10 266
2 11 249
2 12 285
2 13 277
3 3 231
3 4 207
3 5 180
3 6 129
3 7 94
3 8 36
3 9 261
3 10 170
3 11 213
3 12 55
3 13 94
4 4 78
4 5 171
4 6 193
4 7 122
4 8 110
4 9 362
4 10 331
4 11 314
4 12 14
4 13 241
5 5 182
5 6 328
5 7 109
5 8 390
5 9 323
5 10 248
5 11 164
5 12 280
5 13 119
6 6 383
6 7 328
6 8 304
6 9 172
6 10 87
6 11 108
6 12 344
6 13 215
7 7 340
7 8 91
7 9 148
7 10 65
7 11 191
7 12 315
7 13 78
8 8 420
8 9 241
8 10 286
8 11 89
8 12 43
8 13 193
9 9 155
9 10 357
9 11 238
9 12 100
9 13 156
10 10 180
10 11 98
10 12 312
10 13 177
11 11 85
11 12 181
11 13 203
12 12 389
12 13 390
13 13 184
11 66
174 553 556 1275 1648 1825 2321 2456 2828 3296 3301 
1 1 126
1 2 289
1 3 321
1 4 381
1 5 219
1 6 146
1 7 283
1 8 289
1 9 380
1 10 103
1 11 367
2 2 246
2 3 152
2 4 331
2 5 299
2 6 216
2 7 415
2 8 310
2 9 310
2 10 359
2 11 306
3 3 270
3 4 25
3 5 249
3 6 301
3 7 89
3 8 276
3 9 125
3 10 310
3 11 364
4 4 51
4 5 71
4 6 268
4 7 82
4 8 340
4 9 373
4 10 99
4 11 146
5 5 302
5 6 265
5 7 332
5 8 387
5 9 193
5 10 251
5 11 334
6 6 193
6 7 182
6 8 107
6 9 160
6 10 185
6 11 116
7 7 98
7 8 275
7 9 177
7 10 328
7 11 233
8 8 148
8 9 142
8 10 190
8 11 95
9 9 379
9 10 449
9 11 360
10 10 175
10 11 320
11 11 330
9 45
276 616 1523 1778 2358 2868 3380 3506 3506 
1 1 356
1 2 127
1 3 197
1 4 325
1 5 56
1 6 97
1 7 425
1 8 118
1 9 298
2 2 297
2 3 167
2 4 457
2 5 271
2 6 241
2 7 316
2 8 378
2 9 223
3 3 232
3 4 113
3 5 111
3 6 328
3 7 122
3 8 426
3 9 274
4 4 455
4 5 108
4 6 195
4 7 339
4 8 291
4 9 107
5 5 269
5 6 182
5 7 146
5 8 388
5 9 254
6 6 171
6 7 135
6 8 308
6 9 369
7 7 395
7 8 134
7 9 174
8 8 241
8 9 165
9 9 114
13 91
114 296 551 618 1001 1112 1190 1515 2266 2338 2979 3159 3572 
1 1 282
1 2 360
1 3 409
1 4 223
1 5 219
1 6 133
1 7 102
1 8 375
1 9 330
1 10 186
1 11 89
1 12 252
1 13 295
2 2 225
2 3 356
2 4 46
2 5 90
2 6 296
2 7 102
2 8 132
2 9 157
2 10 264
2 11 239
2 12 169
2 13 386
3 3 101
3 4 127
3 5 189
3 6 299
3 7 388
3 8 109
3 9 54
3 10 297
3 11 245
3 12 411
3 13 373
4 4 155
4 5 155
4 6 382
4 7 314
4 8 164
4 9 274
4 10 352
4 11 241
4 12 83
4 13 227
5 5 99
5 6 300
5 7 124
5 8 376
5 9 163
5 10 37
5 11 214
5 12 143
5 13 191
6 6 298
6 7 118
6 8 428
6 9 270
6 10 123
6 11 365
6 12 453
6 13 163
7 7 177
7 8 406
7 9 188
7 10 330
7 11 164
7 12 231
7 13 211
8 8 370
8 9 242
8 10 104
8 11 171
8 12 260
8 13 108
9 9 261
9 10 168
9 11 206
9 12 437
9 13 165
10 10 202
10 11 142
10 12 454
10 13 253
11 11 91
11 12 180
11 13 64
12 12 227
12 13 175
13 13 222
14 105
617 867 1254 1716 1745 2085 2222 2254 2586 2648 2707 2841 2864 3782 
1 1 229
1 2 298
1 3 281
1 4 210
1 5 198
1 6 20
1 7 312
1 8 147
1 9 59
1 10 283
1 11 104
1 12 177
1 13 118
1 14 177
2 2 336
2 3 246
2 4 86
2 5 39
2 6 328
2 7 130
2 8 310
2 9 384
2 10 436
2 11 371
2 12 80
2 13 439
2 14 270
3 3 183
3 4 143
3 5 333
3 6 407
3 7 259
3 8 46
3 9 321
3 10 176
3 11 253
3 12 302
3 13 276
3 14 163
4 4 323
4 5 31
4 6 238
4 7 86
4 8 124
4 9 121
4 10 245
4 11 440
4 12 81
4 13 90
4 14 150
5 5 70
5 6 397
5 7 185
5 8 163
5 9 381
5 10 147
5 11 214
5 12 215
5 13 306
5 14 260
6 6 297
6 7 245
6 8 316
6 9 288
6 10 172
6 11 118
6 12 439
6 13 434
6 14 203
7 7 331
7 8 178
7 9 318
7 10 232
7 11 361
7 12 193
7 13 278
7 14 159
8 8 362
8 9 394
8 10 218
8 11 210
8 12 151
8 13 286
8 14 148
9 9 128
9 10 412
9 11 323
9 12 255
9 13 121
9 14 101
10 10 246
10 11 237
10 12 208
10 13 240
10 14 146
11 11 299
11 12 290
11 13 57
11 14 73
12 12 402
12 13 160
12 14 219
13 13 326
13 14 67
14 14 86
9 45
57 113 336 493 822 1028 1152 1701 3238 
1 1 353
1 2 196
1 3 376
1 4 74
1 5 115
1 6 221
1 7 275
1 8 371
1 9 157
2 2 82
2 3 312
2 4 386
2 5 303
2 6 402
2 7 344
2 8 257
2 9 341
3 3 379
3 4 209
3 5 337
3 6 95
3 7 61
3 8 419
3 9 120
4 4 353
4 5 312
4 6 145
4 7 327
4 8 400
4 9 207
5 5 149
5 6 279
5 7 298
5 8 50
5 9 307
6 6 98
6 7 389
6 8 298
6 9 268
7 7 194
7 8 273
7 9 440
8 8 54
8 9 90
9 9 304
4 10
683 1500 2318 2411 
1 1 323
1 2 218
1 3 333
1 4 336
2 2 311
2 3 250
2 4 221
3 3 109
3 4 210
4 4 168
4 10
126 1245 2233 3341 
1 1 260
1 2 368
1 3 233
1 4 71
2 2 364
2 3 160
2 4 55
3 3 88
3 4 180
4 4 87
3 6
1679 2250 2981 
1 1 102
1 2 363
1 3 138
2 2 251
2 3 383
3 3 58
11 66
679 1398 1796 1882 2010 2088 2576 2671 2809 2844 3431 
1 1 310
1 2 97
1 3 257
1 4 96
1 5 258
1 6 358
1 7 450
1 8 267
1 9 174
1 10 248
1 11 136
2 2 101
2 3 84
2 4 56
2 5 336
2 6 249
2 7 387
2 8 198
2 9 397
2 10 375
2 11 254
3 3 307
3 4 433
3 5 229
3 6 201
3 7 303
3 8 298
3 9 324
3 10 401
3 11 361
4 4 180
4 5 395
4 6 123
4 7 252
4 8 147
4 9 392
4 10 132
4 11 299
5 5 183
5 6 226
5 7 192
5 8 249
5 9 205
5 10 447
5 11 95
6 6 186
6 7 233
6 8 406
6 9 272
6 10 141
6 11 424
7 7 92
7 8 329
7 9 344
7 10 260
7 11 126
8 8 298
8 9 323
8 10 66
8 11 448
9 9 272
9 10 368
9 11 223
10 10 91
10 11 361
11 11 294
14 105
102 423 1016 1610 1769 1877 2357 2608 2829 2931 2937 2954 3284 3390 
1 1 397
1 2 276
1 3 180
1 4 332
1 5 406
1 6 173
1 7 464
1 8 200
1 9 383
1 10 407
1 11 37
1 12 89
1 13 102
1 14 202
2 2 31
2 3 380
2 4 293
2 5 275
2 6 305
2 7 430
2 8 199
2 9 275
2 10 167
2 11 222
2 12 142
2 13 360
2 14 264
3 3 463
3 4 251
3 5 194
3 6 62
3 7 444
3 8 219
3 9 299
3 10 153
3 11 114
3 12 278
3 13 311
3 14 262
4 4 52
4 5 30
4 6 77
4 7 310
4 8 299
4 9 213
4 10 364
4 11 268
4 12 344
4 13 38
4 14 248
5 5 303
5 6 73
5 7 297
5 8 150
5 9 131
5 10 107
5 11 258
5 12 423
5 13 90
5 14 99
6 6 369
6 7 226
6 8 163
6 9 170
6 10 347
6 11 237
6 12 111
6 13 204
6 14 449
7 7 174
7 8 307
7 9 186
7 10 386
7 11 360
7 12 137
7 13 281
7 14 374
8 8 391
8 9 64
8 10 268
8 11 138
8 12 267
8 13 311
8 14 174
9 9 317
9 10 308
9 11 208
9 12 242
9 13 411
9 14 303
10 10 189
10 11 309
10 12 269
10 13 127
10 14 392
11 11 240
11 12 392
11 13 164
11 14 299
12 12 388
12 13 187
12 14 418
13 13 273
13 14 363
14 14 51
17 153
343 347 619 1107 1452 1517 1539 1661 2155 2179 2666 2716 2726 3119 3340 3569 3830 
1 1 452
1 2 431
1 3 100
1 4 218
1 5 144
1 6 343
1 7 142
1 8 285
1 9 45
1 10 328
1 11 278
1 12 31
1 13 106
1 14 227
1 15 341
1 16 232
1 17 82
2 2 266
2 3 352
2 4 68
2 5 78
2 6 285
2 7 140
2 8 106
2 9 85
2 10 176
2 11 344
2 12 260
2 13 239
2 14 131
2 15 157
2 16 274
2 17 329
3 3 396
3 4 237
3 5 234
3 6 94
3 7 241
3 8 370
3 9 264
3 10 238
3 11 143
3 12 130
3 13 408
3 14 165
3 15 268
3 16 425
3 17 374
4 4 148
4 5 151
4 6 150
4 7 96
4 8 361
4 9 412
4 10 323
4 11 236
4 12 164
4 13 297
4 14 159
4 15 182
4 16 140
4 17 342
5 5 48
5 6 83
5 7 205
5 8 304
5 9 361
5 10 366
5 11 322
5 12 348
5 13 74
5 14 397
5 15 215
5 16 263
5 17 160
6 6 113
6 7 291
6 8 214
6 9 142
6 10 380
6 11 414
6 12 209
6 13 295
6 14 409
6 15 276
6 16 78
6 17 338
7 7 36
7 8 379
7 9 140
7 10 226
7 11 83
7 12 93
7 13 103
7 14 168
7 15 336
7 16 413
7 17 411
8 8 281
8 9 341
8 10 312
8 11 100
8 12 253
8 13 171
8 14 137
8 15 76
8 16 88
8 17 77
9 9 44
9 10 348
9 11 265
9 12 177
9 13 243
9 14 388
9 15 422
9 16 146
9 17 248
10 10 111
10 11 342
10 12 301
10 13 128
10 14 118
10 15 87
10 16 263
10 17 372
11 11 168
11 12 419
11 13 341
11 14 85
11 15 166
11 16 420
11 17 367
12 12 374
12 13 385
12 14 311
12 15 258
12 16 398
12 17 170
13 13 268
13 14 84
13 15 310
13 16 367
13 17 138
14 14 234
14 15 232
14 16 196
14 17 312
15 15 116
15 16 431
15 17 119
16 16 403
16 17 349
17 17 86
4 10
146 1499 2017 2599 
1 1 464
1 2 282
1 3 278
1 4 61
2 2 98
2 3 234
2 4 170
3 3 213
3 4 298
4 4 239
3 6
97 2173 2444 
1 1 23
1 2 326
1 3 372
2 2 256
2 3 334
3 3 74
7 28
60 116 410 1793 2061 2156 3065 
1 1 68
1 2 97
1 3 290
1 4 209
1 5 152
1 6 67
1 7 252
2 2 295
2 3 378
2 4 35
2 5 181
2 6 60
2 7 382
3 3 222
3 4 383
3 5 137
3 6 164
3 7 171
4 4 218
4 5 99
4 6 350
4 7 426
5 5 206
5 6 348
5 7 208
6 6 423
6 7 108
7 7 369
