142 4899 141 142
141 1 34605 34606
141 2 32378 32379
141 3 35449 35450
141 4 36101 36102
141 5 33365 33365
141 6 33530 33531
141 7 40291 40292
141 8 37733 37734
141 9 37413 37414
141 10 38996 38997
141 11 36740 36741
141 12 32654 32655
141 13 39254 39255
141 14 36169 36170
141 15 35392 35393
141 16 34329 34330
141 17 33434 33435
141 18 32800 32801
141 19 33097 33098
141 20 36592 36593
141 21 28984 28985
141 22 36419 36420
141 23 34533 34534
141 24 34384 34385
141 25 32734 32734
141 26 33402 33403
141 27 35017 35018
141 28 36870 36871
141 29 35697 35698
141 30 38502 38503
141 31 33331 33332
141 32 31013 31014
141 33 34167 34168
141 34 35010 35011
141 35 37553 37554
141 36 39256 39257
141 37 31856 31857
141 38 33965 33966
141 39 35097 35098
141 40 35260 35261
141 41 31992 31993
141 42 29185 29186
141 43 32073 32074
141 44 39419 39420
141 45 32551 32552
141 46 29345 29346
141 47 32429 32430
141 48 33489 33490
141 49 34356 34357
141 50 36577 36578
141 51 30153 30154
141 52 36450 36451
141 53 34760 34761
141 54 30184 30185
141 55 31807 31808
141 56 30230 30231
141 57 39014 39015
141 58 33671 33672
141 59 38729 38730
141 60 32039 32040
141 61 33848 33849
141 62 34743 34744
141 63 25289 25290
141 64 35211 35212
141 65 37126 37127
141 66 34487 34488
141 67 28455 28456
141 68 30266 30267
141 69 33435 33436
1 71 665 666
1 72 204 205
1 73 617 617
1 74 374 375
1 75 831 832
1 76 555 556
1 77 14 15
1 78 495 496
1 79 12 13
1 80 829 830
1 81 548 549
1 82 628 629
1 83 522 523
1 84 788 789
1 85 174 175
1 86 732 733
1 87 13 14
1 88 86 87
1 89 173 174
1 90 781 782
1 91 296 297
1 92 29 30
1 93 810 811
1 94 156 157
1 95 238 238
1 96 47 48
1 97 413 414
1 98 736 737
1 99 81 82
1 100 951 952
1 101 690 691
1 102 551 552
1 103 766 767
1 104 666 667
1 105 758 759
1 106 992 993
1 107 439 440
1 108 76 77
1 109 894 895
1 110 191 192
1 111 896 896
1 112 481 482
1 113 289 290
1 114 964 965
1 115 891 892
1 116 404 405
1 117 681 682
1 118 772 773
1 119 932 933
1 120 171 172
1 121 846 847
1 122 391 392
1 123 781 782
1 124 976 977
1 125 114 115
1 126 136 137
1 127 515 516
1 128 122 123
1 129 590 591
1 130 121 122
1 131 375 376
1 132 738 738
1 133 860 861
1 134 204 205
1 135 22 23
1 136 286 287
1 137 331 332
1 138 978 979
1 139 882 883
2 71 634 635
2 72 510 511
2 73 536 537
2 74 591 591
2 75 50 51
2 76 389 390
2 77 325 326
2 78 927 928
2 79 705 706
2 80 987 987
2 81 198 199
2 82 518 519
2 83 325 326
2 84 694 695
2 85 226 227
2 86 270 271
2 87 417 418
2 88 634 635
2 89 550 551
2 90 356 357
2 91 345 346
2 92 110 111
2 93 474 475
2 94 209 210
2 95 522 523
2 96 13 14
2 97 650 650
2 98 938 939
2 99 831 832
2 100 535 535
2 101 991 992
2 102 672 673
2 103 621 622
2 104 765 765
2 105 579 580
2 106 545 545
2 107 16 17
2 108 761 762
2 109 80 81
2 110 86 87
2 111 564 565
2 112 476 477
2 113 769 770
2 114 235 236
2 115 277 278
2 116 573 574
2 117 135 135
2 118 162 163
2 119 470 471
2 120 233 234
2 121 102 103
2 122 400 401
2 123 462 463
2 124 541 542
2 125 893 894
2 126 230 231
2 127 135 136
2 128 494 495
2 129 306 307
2 130 401 402
2 131 526 527
2 132 418 419
2 133 836 837
2 134 938 939
2 135 349 350
2 136 484 484
2 137 679 680
2 138 127 128
2 139 548 549
3 71 700 701
3 72 747 748
3 73 976 977
3 74 467 468
3 75 380 381
3 76 325 326
3 77 627 628
3 78 138 139
3 79 260 260
3 80 581 582
3 81 9 9
3 82 570 571
3 83 855 856
3 84 646 647
3 85 439 440
3 86 529 530
3 87 140 141
3 88 786 787
3 89 470 471
3 90 489 489
3 91 262 263
3 92 971 972
3 93 915 916
3 94 137 138
3 95 180 181
3 96 170 171
3 97 887 888
3 98 443 444
3 99 802 803
3 100 652 653
3 101 552 553
3 102 893 894
3 103 350 351
3 104 464 465
3 105 286 286
3 106 56 57
3 107 387 388
3 108 395 396
3 109 159 160
3 110 404 405
3 111 610 611
3 112 948 949
3 113 516 517
3 114 602 603
3 115 900 901
3 116 888 889
3 117 649 650
3 118 752 753
3 119 473 474
3 120 15 16
3 121 809 809
3 122 185 186
3 123 125 126
3 124 597 598
3 125 600 601
3 126 586 587
3 127 101 102
3 128 34 35
3 129 647 648
3 130 446 447
3 131 311 312
3 132 627 628
3 133 420 421
3 134 451 451
3 135 471 472
3 136 982 983
3 137 855 856
3 138 587 588
3 139 730 731
4 71 586 587
4 72 142 143
4 73 188 189
4 74 863 864
4 75 932 932
4 76 465 466
4 77 0 1
4 78 81 81
4 79 915 916
4 80 287 288
4 81 957 957
4 82 494 495
4 83 990 991
4 84 279 280
4 85 134 135
4 86 43 44
4 87 216 217
4 88 960 961
4 89 176 177
4 90 150 151
4 91 619 620
4 92 962 963
4 93 518 519
4 94 379 380
4 95 882 883
4 96 947 948
4 97 238 239
4 98 744 744
4 99 438 439
4 100 139 140
4 101 162 163
4 102 792 793
4 103 890 891
4 104 504 505
4 105 448 449
4 106 411 411
4 107 150 151
4 108 794 795
4 109 882 883
4 110 493 494
4 111 432 433
4 112 296 297
4 113 119 120
4 114 75 76
4 115 806 807
4 116 529 530
4 117 168 169
4 118 825 826
4 119 781 782
4 120 652 653
4 121 596 597
4 122 142 143
4 123 661 662
4 124 193 194
4 125 204 205
4 126 830 831
4 127 315 316
4 128 733 734
4 129 887 888
4 130 695 696
4 131 350 351
4 132 978 979
4 133 807 808
4 134 109 110
4 135 915 916
4 136 325 326
4 137 834 835
4 138 727 728
4 139 833 834
5 71 54 55
5 72 219 220
5 73 152 153
5 74 293 294
5 75 932 933
5 76 294 294
5 77 166 167
5 78 407 408
5 79 822 823
5 80 199 200
5 81 198 199
5 82 91 92
5 83 411 412
5 84 612 613
5 85 974 975
5 86 889 890
5 87 83 84
5 88 895 896
5 89 337 338
5 90 205 206
5 91 531 532
5 92 949 950
5 93 703 704
5 94 88 89
5 95 829 830
5 96 625 626
5 97 298 299
5 98 421 422
5 99 302 303
5 100 305 306
5 101 970 971
5 102 597 598
5 103 414 414
5 104 592 593
5 105 386 387
5 106 436 437
5 107 139 140
5 108 691 692
5 109 873 874
5 110 353 354
5 111 807 808
5 112 60 61
5 113 970 971
5 114 562 563
5 115 125 126
5 116 682 682
5 117 228 229
5 118 38 39
5 119 224 225
5 120 367 368
5 121 419 420
5 122 449 450
5 123 404 405
5 124 520 521
5 125 829 830
5 126 171 172
5 127 763 764
5 128 640 641
5 129 894 895
5 130 17 18
5 131 745 746
5 132 974 975
5 133 844 845
5 134 139 140
5 135 425 426
5 136 971 972
5 137 675 676
5 138 484 485
5 139 174 175
6 71 133 134
6 72 379 380
6 73 357 357
6 74 746 747
6 75 198 199
6 76 101 102
6 77 530 531
6 78 299 300
6 79 573 574
6 80 338 339
6 81 68 69
6 82 896 897
6 83 548 549
6 84 516 517
6 85 325 326
6 86 336 337
6 87 152 153
6 88 450 451
6 89 736 737
6 90 4 5
6 91 725 726
6 92 513 514
6 93 694 695
6 94 352 353
6 95 336 337
6 96 510 511
6 97 73 74
6 98 23 24
6 99 474 475
6 100 652 652
6 101 605 606
6 102 980 981
6 103 596 597
6 104 324 325
6 105 978 979
6 106 57 58
6 107 909 910
6 108 400 401
6 109 644 645
6 110 51 52
6 111 741 742
6 112 351 352
6 113 483 483
6 114 692 693
6 115 982 983
6 116 916 917
6 117 731 732
6 118 696 697
6 119 710 711
6 120 863 864
6 121 533 533
6 122 393 394
6 123 135 136
6 124 923 924
6 125 828 829
6 126 203 204
6 127 503 504
6 128 438 439
6 129 401 402
6 130 760 761
6 131 536 537
6 132 28 29
6 133 424 425
6 134 813 814
6 135 904 905
6 136 124 125
6 137 160 161
6 138 235 236
6 139 410 411
7 71 594 595
7 72 239 240
7 73 887 888
7 74 955 956
7 75 235 236
7 76 476 477
7 77 355 356
7 78 294 295
7 79 292 293
7 80 947 948
7 81 931 932
7 82 745 746
7 83 211 212
7 84 700 701
7 85 848 849
7 86 974 975
7 87 276 277
7 88 412 413
7 89 456 457
7 90 435 436
7 91 22 23
7 92 434 435
7 93 804 805
7 94 274 275
7 95 668 669
7 96 644 645
7 97 849 849
7 98 497 498
7 99 652 653
7 100 0 1
7 101 696 697
7 102 227 228
7 103 723 724
7 104 963 964
7 105 462 463
7 106 670 671
7 107 503 504
7 108 317 318
7 109 245 246
7 110 27 27
7 111 931 932
7 112 867 868
7 113 409 410
7 114 121 122
7 115 791 792
7 116 988 989
7 117 747 748
7 118 498 499
7 119 573 574
7 120 821 822
7 121 961 962
7 122 780 781
7 123 501 502
7 124 941 942
7 125 476 477
7 126 426 427
7 127 50 51
7 128 585 586
7 129 881 882
7 130 968 969
7 131 859 860
7 132 905 906
7 133 705 706
7 134 810 811
7 135 283 284
7 136 152 153
7 137 745 746
7 138 654 655
7 139 890 891
8 71 200 201
8 72 338 339
8 73 341 342
8 74 273 274
8 75 773 774
8 76 578 579
8 77 855 856
8 78 977 977
8 79 301 302
8 80 777 778
8 81 348 349
8 82 197 198
8 83 279 279
8 84 645 646
8 85 267 268
8 86 732 733
8 87 0 1
8 88 175 176
8 89 806 806
8 90 272 273
8 91 719 720
8 92 548 549
8 93 756 757
8 94 849 850
8 95 739 740
8 96 909 910
8 97 990 990
8 98 315 315
8 99 991 992
8 100 159 160
8 101 827 828
8 102 676 677
8 103 629 630
8 104 531 532
8 105 13 14
8 106 839 840
8 107 560 561
8 108 575 576
8 109 345 346
8 110 67 67
8 111 624 625
8 112 779 780
8 113 778 779
8 114 684 685
8 115 162 163
8 116 821 822
8 117 239 240
8 118 489 490
8 119 845 846
8 120 221 222
8 121 385 386
8 122 581 582
8 123 903 904
8 124 410 411
8 125 221 222
8 126 575 576
8 127 678 679
8 128 572 573
8 129 448 449
8 130 778 779
8 131 511 512
8 132 672 673
8 133 262 262
8 134 293 294
8 135 794 795
8 136 799 800
8 137 970 971
8 138 299 299
8 139 740 741
9 71 846 847
9 72 377 378
9 73 204 205
9 74 860 861
9 75 439 440
9 76 663 664
9 77 651 652
9 78 230 231
9 79 951 951
9 80 424 425
9 81 862 863
9 82 92 92
9 83 551 552
9 84 280 281
9 85 841 842
9 86 71 72
9 87 875 876
9 88 36 37
9 89 140 141
9 90 282 283
9 91 342 343
9 92 247 248
9 93 248 249
9 94 896 897
9 95 940 941
9 96 878 879
9 97 325 326
9 98 969 969
9 99 502 503
9 100 988 989
9 101 711 712
9 102 977 978
9 103 993 994
9 104 814 814
9 105 685 686
9 106 529 530
9 107 135 136
9 108 488 488
9 109 865 865
9 110 92 93
9 111 349 350
9 112 471 472
9 113 394 395
9 114 203 204
9 115 948 949
9 116 693 694
9 117 765 766
9 118 82 82
9 119 968 969
9 120 792 792
9 121 264 265
9 122 264 265
9 123 484 485
9 124 66 67
9 125 685 686
9 126 715 716
9 127 699 700
9 128 211 212
9 129 437 438
9 130 345 346
9 131 384 385
9 132 459 460
9 133 978 979
9 134 552 553
9 135 768 769
9 136 441 442
9 137 652 652
9 138 231 232
9 139 787 788
10 71 894 895
10 72 478 479
10 73 971 972
10 74 942 943
10 75 338 339
10 76 406 407
10 77 28 29
10 78 348 349
10 79 974 974
10 80 216 217
10 81 869 870
10 82 864 865
10 83 697 697
10 84 515 516
10 85 951 952
10 86 412 413
10 87 740 740
10 88 898 899
10 89 150 151
10 90 838 839
10 91 949 950
10 92 676 677
10 93 426 426
10 94 574 575
10 95 927 928
10 96 925 926
10 97 592 593
10 98 233 234
10 99 656 657
10 100 635 636
10 101 487 488
10 102 1 2
10 103 370 371
10 104 490 491
10 105 779 780
10 106 810 811
10 107 139 140
10 108 440 441
10 109 798 799
10 110 303 304
10 111 861 862
10 112 674 675
10 113 57 58
10 114 587 588
10 115 575 575
10 116 381 381
10 117 519 520
10 118 392 393
10 119 946 946
10 120 614 615
10 121 235 235
10 122 860 861
10 123 629 630
10 124 10 11
10 125 173 174
10 126 279 280
10 127 785 786
10 128 687 688
10 129 145 145
10 130 374 375
10 131 941 942
10 132 777 778
10 133 200 201
10 134 467 467
10 135 555 556
10 136 285 286
10 137 973 974
10 138 650 651
10 139 601 602
11 71 354 355
11 72 129 130
11 73 981 982
11 74 170 171
11 75 3 4
11 76 583 584
11 77 545 546
11 78 635 636
11 79 199 200
11 80 65 66
11 81 304 305
11 82 982 982
11 83 873 874
11 84 689 690
11 85 653 654
11 86 170 171
11 87 488 489
11 88 89 90
11 89 395 396
11 90 344 345
11 91 320 321
11 92 108 109
11 93 790 791
11 94 231 232
11 95 375 376
11 96 122 123
11 97 24 25
11 98 938 939
11 99 632 633
11 100 928 929
11 101 773 773
11 102 605 605
11 103 619 620
11 104 485 485
11 105 703 704
11 106 635 636
11 107 684 685
11 108 534 534
11 109 299 299
11 110 467 468
11 111 688 689
11 112 763 764
11 113 946 947
11 114 63 64
11 115 403 404
11 116 777 778
11 117 954 955
11 118 644 645
11 119 541 541
11 120 598 599
11 121 130 131
11 122 996 997
11 123 264 265
11 124 991 992
11 125 233 234
11 126 775 776
11 127 339 340
11 128 621 622
11 129 896 897
11 130 925 926
11 131 914 915
11 132 404 405
11 133 107 108
11 134 878 879
11 135 396 397
11 136 483 484
11 137 636 636
11 138 610 610
11 139 812 813
12 71 151 152
12 72 488 489
12 73 745 746
12 74 416 417
12 75 943 944
12 76 432 433
12 77 253 254
12 78 13 14
12 79 217 218
12 80 417 418
12 81 435 436
12 82 985 986
12 83 740 741
12 84 381 382
12 85 286 287
12 86 271 272
12 87 460 461
12 88 0 1
12 89 203 203
12 90 663 663
12 91 218 219
12 92 387 388
12 93 470 471
12 94 667 668
12 95 241 241
12 96 500 501
12 97 300 301
12 98 924 925
12 99 586 587
12 100 564 565
12 101 294 295
12 102 635 636
12 103 984 985
12 104 904 905
12 105 829 830
12 106 640 641
12 107 549 550
12 108 561 562
12 109 464 465
12 110 430 431
12 111 43 44
12 112 780 781
12 113 384 385
12 114 484 485
12 115 708 709
12 116 123 123
12 117 836 837
12 118 550 551
12 119 794 794
12 120 609 610
12 121 301 302
12 122 26 27
12 123 48 49
12 124 490 491
12 125 748 749
12 126 740 741
12 127 967 968
12 128 881 882
12 129 63 64
12 130 58 59
12 131 642 643
12 132 192 193
12 133 40 41
12 134 249 250
12 135 275 276
12 136 724 724
12 137 157 158
12 138 158 159
12 139 907 908
13 71 213 214
13 72 529 529
13 73 694 695
13 74 438 439
13 75 930 931
13 76 641 641
13 77 623 624
13 78 4 5
13 79 716 717
13 80 960 961
13 81 620 621
13 82 122 123
13 83 894 895
13 84 932 933
13 85 956 957
13 86 631 632
13 87 508 509
13 88 479 480
13 89 436 437
13 90 423 424
13 91 561 562
13 92 815 816
13 93 809 809
13 94 651 652
13 95 70 70
13 96 582 582
13 97 902 903
13 98 575 575
13 99 970 971
13 100 323 324
13 101 228 229
13 102 731 732
13 103 653 654
13 104 895 896
13 105 533 534
13 106 971 972
13 107 140 140
13 108 744 745
13 109 832 833
13 110 54 55
13 111 904 905
13 112 818 819
13 113 921 922
13 114 723 724
13 115 71 72
13 116 417 418
13 117 366 366
13 118 567 568
13 119 665 666
13 120 536 537
13 121 371 372
13 122 368 369
13 123 4 5
13 124 517 518
13 125 30 31
13 126 462 463
13 127 368 369
13 128 506 507
13 129 923 924
13 130 892 893
13 131 284 284
13 132 766 767
13 133 650 650
13 134 812 813
13 135 64 65
13 136 858 859
13 137 756 757
13 138 56 57
13 139 761 762
14 71 149 149
14 72 161 162
14 73 666 667
14 74 816 817
14 75 184 185
14 76 741 742
14 77 261 262
14 78 738 739
14 79 850 851
14 80 247 248
14 81 145 146
14 82 801 802
14 83 942 943
14 84 313 314
14 85 179 180
14 86 986 987
14 87 48 49
14 88 499 500
14 89 538 538
14 90 638 639
14 91 779 780
14 92 559 560
14 93 779 780
14 94 993 994
14 95 310 311
14 96 678 678
14 97 862 863
14 98 174 175
14 99 867 868
14 100 322 323
14 101 495 496
14 102 296 297
14 103 622 623
14 104 42 43
14 105 494 495
14 106 427 427
14 107 452 453
14 108 985 986
14 109 248 249
14 110 881 882
14 111 249 250
14 112 47 48
14 113 500 501
14 114 373 374
14 115 569 570
14 116 646 647
14 117 78 79
14 118 508 509
14 119 904 905
14 120 839 840
14 121 495 496
14 122 46 47
14 123 754 755
14 124 675 676
14 125 475 476
14 126 738 739
14 127 932 933
14 128 882 883
14 129 442 443
14 130 631 632
14 131 216 217
14 132 807 808
14 133 239 240
14 134 404 405
14 135 853 853
14 136 57 58
14 137 580 581
14 138 97 98
14 139 933 933
15 71 708 709
15 72 580 581
15 73 99 100
15 74 550 551
15 75 526 527
15 76 384 385
15 77 684 685
15 78 905 906
15 79 139 140
15 80 675 675
15 81 576 577
15 82 662 663
15 83 754 755
15 84 797 798
15 85 914 915
15 86 397 398
15 87 749 750
15 88 532 533
15 89 309 310
15 90 455 456
15 91 213 214
15 92 30 31
15 93 236 237
15 94 891 892
15 95 403 404
15 96 89 90
15 97 818 819
15 98 145 146
15 99 872 873
15 100 579 580
15 101 570 571
15 102 251 252
15 103 582 583
15 104 306 307
15 105 376 377
15 106 463 464
15 107 829 830
15 108 165 166
15 109 494 495
15 110 591 592
15 111 175 176
15 112 497 498
15 113 425 426
15 114 584 585
15 115 172 172
15 116 61 62
15 117 409 410
15 118 294 295
15 119 879 880
15 120 958 959
15 121 348 349
15 122 319 320
15 123 311 312
15 124 652 653
15 125 867 867
15 126 651 652
15 127 455 456
15 128 227 228
15 129 196 197
15 130 651 652
15 131 302 303
15 132 531 532
15 133 975 976
15 134 719 720
15 135 896 897
15 136 553 554
15 137 777 778
15 138 926 927
15 139 251 252
16 71 132 132
16 72 340 341
16 73 881 882
16 74 290 291
16 75 152 153
16 76 364 365
16 77 16 16
16 78 798 799
16 79 518 519
16 80 315 315
16 81 180 181
16 82 544 545
16 83 538 539
16 84 182 183
16 85 884 885
16 86 592 593
16 87 787 788
16 88 558 558
16 89 481 482
16 90 386 387
16 91 455 456
16 92 505 506
16 93 441 442
16 94 779 780
16 95 629 630
16 96 518 518
16 97 495 495
16 98 320 321
16 99 369 369
16 100 53 54
16 101 185 186
16 102 168 169
16 103 652 653
16 104 444 445
16 105 881 882
16 106 333 334
16 107 865 866
16 108 90 91
16 109 454 455
16 110 23 23
16 111 16 17
16 112 105 105
16 113 640 641
16 114 376 377
16 115 279 279
16 116 684 685
16 117 822 823
16 118 929 929
16 119 764 765
16 120 189 189
16 121 907 908
16 122 540 541
16 123 956 957
16 124 401 402
16 125 437 438
16 126 888 889
16 127 144 145
16 128 98 99
16 129 821 822
16 130 912 913
16 131 114 115
16 132 804 805
16 133 643 644
16 134 644 645
16 135 477 477
16 136 648 649
16 137 847 848
16 138 839 839
16 139 778 779
17 71 916 917
17 72 8 9
17 73 855 856
17 74 20 21
17 75 793 794
17 76 408 409
17 77 320 320
17 78 501 502
17 79 412 413
17 80 958 959
17 81 273 274
17 82 990 991
17 83 22 23
17 84 147 148
17 85 877 878
17 86 531 532
17 87 620 620
17 88 174 175
17 89 524 525
17 90 732 733
17 91 456 457
17 92 161 162
17 93 575 576
17 94 605 605
17 95 246 247
17 96 545 545
17 97 824 825
17 98 511 512
17 99 175 176
17 100 185 186
17 101 192 192
17 102 885 886
17 103 769 770
17 104 408 409
17 105 382 383
17 106 144 144
17 107 85 86
17 108 302 303
17 109 775 776
17 110 908 909
17 111 776 777
17 112 35 36
17 113 728 729
17 114 329 330
17 115 475 476
17 116 497 498
17 117 206 207
17 118 362 363
17 119 819 820
17 120 573 574
17 121 271 272
17 122 201 202
17 123 186 187
17 124 753 754
17 125 366 367
17 126 969 970
17 127 979 980
17 128 293 294
17 129 235 236
17 130 507 508
17 131 330 331
17 132 617 618
17 133 160 161
17 134 26 27
17 135 730 731
17 136 765 766
17 137 381 382
17 138 622 623
17 139 997 998
18 71 825 826
18 72 685 686
18 73 357 358
18 74 799 800
18 75 109 110
18 76 247 248
18 77 189 190
18 78 811 811
18 79 171 172
18 80 718 719
18 81 251 252
18 82 733 734
18 83 704 705
18 84 561 562
18 85 208 209
18 86 30 31
18 87 527 528
18 88 188 189
18 89 486 487
18 90 220 221
18 91 670 671
18 92 253 254
18 93 831 832
18 94 567 567
18 95 14 15
18 96 127 127
18 97 959 960
18 98 493 494
18 99 575 576
18 100 475 476
18 101 301 302
18 102 231 232
18 103 794 795
18 104 682 682
18 105 550 551
18 106 658 659
18 107 389 390
18 108 164 165
18 109 666 667
18 110 678 679
18 111 699 700
18 112 525 526
18 113 149 150
18 114 250 250
18 115 721 722
18 116 443 444
18 117 791 792
18 118 351 352
18 119 258 259
18 120 97 97
18 121 53 54
18 122 336 337
18 123 308 309
18 124 710 711
18 125 774 775
18 126 496 497
18 127 400 401
18 128 862 863
18 129 830 831
18 130 140 141
18 131 182 182
18 132 904 905
18 133 646 647
18 134 341 342
18 135 711 712
18 136 479 479
18 137 577 578
18 138 143 144
18 139 698 699
19 71 969 969
19 72 473 474
19 73 109 110
19 74 528 529
19 75 283 284
19 76 89 90
19 77 107 108
19 78 927 928
19 79 883 883
19 80 376 377
19 81 658 659
19 82 106 107
19 83 997 998
19 84 948 949
19 85 775 776
19 86 223 223
19 87 447 448
19 88 933 933
19 89 572 573
19 90 648 649
19 91 748 749
19 92 94 95
19 93 598 599
19 94 83 84
19 95 524 525
19 96 39 39
19 97 494 495
19 98 626 627
19 99 939 940
19 100 142 143
19 101 896 897
19 102 244 245
19 103 998 999
19 104 401 402
19 105 215 216
19 106 490 491
19 107 105 106
19 108 21 22
19 109 726 727
19 110 242 243
19 111 395 396
19 112 235 236
19 113 544 545
19 114 616 617
19 115 712 713
19 116 837 838
19 117 906 907
19 118 48 49
19 119 294 295
19 120 598 599
19 121 868 869
19 122 245 246
19 123 553 554
19 124 127 128
19 125 180 181
19 126 389 390
19 127 112 113
19 128 178 179
19 129 242 243
19 130 810 811
19 131 310 311
19 132 331 332
19 133 708 709
19 134 851 852
19 135 201 202
19 136 394 395
19 137 796 797
19 138 497 498
19 139 414 415
20 71 747 748
20 72 77 78
20 73 971 972
20 74 947 948
20 75 558 559
20 76 754 755
20 77 410 411
20 78 379 380
20 79 464 465
20 80 712 713
20 81 566 567
20 82 398 398
20 83 903 904
20 84 839 840
20 85 63 63
20 86 662 663
20 87 690 691
20 88 580 580
20 89 596 597
20 90 523 523
20 91 679 680
20 92 521 522
20 93 312 313
20 94 688 689
20 95 618 619
20 96 756 757
20 97 496 497
20 98 684 685
20 99 549 550
20 100 500 501
20 101 150 151
20 102 322 323
20 103 682 683
20 104 48 49
20 105 33 33
20 106 353 354
20 107 619 620
20 108 415 416
20 109 570 570
20 110 821 822
20 111 491 492
20 112 257 258
20 113 409 410
20 114 516 517
20 115 834 835
20 116 324 325
20 117 894 895
20 118 74 75
20 119 157 158
20 120 112 113
20 121 281 282
20 122 765 766
20 123 772 773
20 124 884 885
20 125 634 635
20 126 553 554
20 127 90 91
20 128 830 831
20 129 233 234
20 130 166 167
20 131 808 809
20 132 824 824
20 133 360 361
20 134 485 485
20 135 395 396
20 136 909 910
20 137 732 733
20 138 279 280
20 139 841 842
21 71 272 273
21 72 952 953
21 73 942 943
21 74 200 201
21 75 61 62
21 76 593 594
21 77 562 563
21 78 295 296
21 79 782 783
21 80 75 75
21 81 941 942
21 82 986 986
21 83 7 8
21 84 474 475
21 85 695 696
21 86 75 76
21 87 730 731
21 88 362 363
21 89 2 3
21 90 452 453
21 91 804 805
21 92 272 273
21 93 215 216
21 94 965 966
21 95 182 183
21 96 191 192
21 97 248 249
21 98 68 69
21 99 14 15
21 100 988 989
21 101 772 773
21 102 264 265
21 103 915 915
21 104 634 635
21 105 798 799
21 106 486 487
21 107 188 189
21 108 519 520
21 109 62 63
21 110 36 37
21 111 50 51
21 112 861 862
21 113 31 32
21 114 321 322
21 115 273 274
21 116 753 754
21 117 87 88
21 118 283 284
21 119 147 148
21 120 463 463
21 121 282 283
21 122 790 791
21 123 5 6
21 124 205 206
21 125 87 88
21 126 500 501
21 127 841 842
21 128 91 92
21 129 570 571
21 130 503 504
21 131 634 635
21 132 106 107
21 133 568 569
21 134 545 546
21 135 90 91
21 136 242 243
21 137 294 295
21 138 629 630
21 139 623 623
22 71 202 203
22 72 162 163
22 73 195 196
22 74 818 819
22 75 892 893
22 76 728 729
22 77 152 153
22 78 911 912
22 79 614 615
22 80 31 32
22 81 780 781
22 82 304 305
22 83 290 291
22 84 490 491
22 85 578 578
22 86 74 75
22 87 238 239
22 88 583 584
22 89 971 972
22 90 446 447
22 91 125 126
22 92 27 28
22 93 883 884
22 94 657 658
22 95 5 6
22 96 180 181
22 97 491 492
22 98 924 925
22 99 87 88
22 100 717 718
22 101 757 758
22 102 965 966
22 103 274 275
22 104 926 927
22 105 523 524
22 106 461 462
22 107 656 657
22 108 801 801
22 109 857 858
22 110 696 697
22 111 167 168
22 112 534 535
22 113 262 263
22 114 752 753
22 115 809 810
22 116 872 873
22 117 135 136
22 118 801 802
22 119 429 429
22 120 190 191
22 121 92 93
22 122 30 31
22 123 740 741
22 124 811 811
22 125 777 778
22 126 819 820
22 127 221 222
22 128 807 808
22 129 990 991
22 130 394 395
22 131 561 562
22 132 507 508
22 133 687 687
22 134 431 431
22 135 751 751
22 136 728 729
22 137 925 926
22 138 131 132
22 139 561 562
23 71 633 634
23 72 659 660
23 73 92 93
23 74 910 911
23 75 989 990
23 76 114 115
23 77 659 660
23 78 606 607
23 79 526 527
23 80 701 702
23 81 364 365
23 82 753 754
23 83 244 245
23 84 654 655
23 85 474 475
23 86 232 233
23 87 731 732
23 88 831 832
23 89 777 778
23 90 442 442
23 91 265 266
23 92 618 619
23 93 858 859
23 94 673 674
23 95 953 954
23 96 778 779
23 97 387 388
23 98 802 803
23 99 98 99
23 100 383 384
23 101 972 973
23 102 560 561
23 103 224 225
23 104 934 935
23 105 411 412
23 106 186 186
23 107 634 635
23 108 799 800
23 109 577 578
23 110 416 417
23 111 931 932
23 112 829 830
23 113 19 20
23 114 266 267
23 115 466 467
23 116 369 370
23 117 41 42
23 118 282 283
23 119 282 283
23 120 151 152
23 121 498 499
23 122 205 206
23 123 986 987
23 124 264 265
23 125 598 599
23 126 117 118
23 127 725 726
23 128 78 79
23 129 51 52
23 130 674 675
23 131 179 180
23 132 803 804
23 133 137 138
23 134 60 61
23 135 727 727
23 136 443 444
23 137 582 583
23 138 491 492
23 139 327 328
24 71 165 166
24 72 442 443
24 73 824 824
24 74 951 952
24 75 758 759
24 76 708 709
24 77 945 946
24 78 191 192
24 79 798 799
24 80 147 148
24 81 488 488
24 82 736 737
24 83 616 617
24 84 406 406
24 85 196 197
24 86 18 19
24 87 966 966
24 88 669 670
24 89 671 672
24 90 113 114
24 91 484 485
24 92 254 255
24 93 999 1000
24 94 36 37
24 95 936 937
24 96 1 2
24 97 318 319
24 98 141 142
24 99 24 25
24 100 452 453
24 101 169 170
24 102 75 76
24 103 444 445
24 104 807 808
24 105 796 797
24 106 67 68
24 107 576 577
24 108 689 690
24 109 381 382
24 110 139 140
24 111 419 419
24 112 57 57
24 113 764 765
24 114 589 590
24 115 331 332
24 116 470 470
24 117 954 955
24 118 562 563
24 119 150 151
24 120 352 353
24 121 727 728
24 122 788 789
24 123 506 507
24 124 748 748
24 125 561 562
24 126 43 44
24 127 919 920
24 128 252 253
24 129 436 436
24 130 386 387
24 131 207 208
24 132 949 950
24 133 485 485
24 134 735 736
24 135 485 486
24 136 839 840
24 137 686 687
24 138 374 375
24 139 987 988
25 71 904 905
25 72 246 247
25 73 646 647
25 74 258 259
25 75 418 419
25 76 173 174
25 77 650 651
25 78 174 175
25 79 344 345
25 80 164 165
25 81 433 434
25 82 624 625
25 83 5 6
25 84 827 828
25 85 39 40
25 86 810 811
25 87 366 367
25 88 993 994
25 89 498 499
25 90 270 271
25 91 962 963
25 92 440 441
25 93 694 695
25 94 832 833
25 95 385 386
25 96 782 783
25 97 849 850
25 98 287 288
25 99 858 858
25 100 229 230
25 101 120 120
25 102 312 313
25 103 612 613
25 104 132 133
25 105 200 201
25 106 563 564
25 107 494 495
25 108 164 165
25 109 110 111
25 110 251 252
25 111 534 535
25 112 595 596
25 113 296 297
25 114 274 275
25 115 606 607
25 116 133 134
25 117 305 306
25 118 907 908
25 119 90 91
25 120 78 78
25 121 776 777
25 122 591 592
25 123 124 125
25 124 201 202
25 125 449 449
25 126 889 889
25 127 457 458
25 128 788 789
25 129 739 740
25 130 930 931
25 131 265 266
25 132 242 243
25 133 401 402
25 134 790 791
25 135 986 987
25 136 479 479
25 137 370 371
25 138 356 357
25 139 933 934
26 71 800 801
26 72 313 314
26 73 977 978
26 74 392 393
26 75 704 705
26 76 733 734
26 77 910 911
26 78 282 283
26 79 420 421
26 80 106 107
26 81 462 463
26 82 754 754
26 83 680 681
26 84 942 943
26 85 169 169
26 86 41 42
26 87 207 208
26 88 188 189
26 89 524 525
26 90 243 244
26 91 384 385
26 92 181 182
26 93 414 415
26 94 379 380
26 95 459 460
26 96 698 699
26 97 741 742
26 98 820 820
26 99 416 417
26 100 107 108
26 101 119 119
26 102 768 769
26 103 528 529
26 104 451 452
26 105 385 386
26 106 956 957
26 107 26 27
26 108 410 411
26 109 187 188
26 110 778 779
26 111 848 848
26 112 114 115
26 113 754 755
26 114 342 343
26 115 351 352
26 116 370 371
26 117 141 142
26 118 937 937
26 119 331 331
26 120 294 295
26 121 960 961
26 122 673 674
26 123 296 297
26 124 797 798
26 125 52 53
26 126 136 136
26 127 466 467
26 128 874 875
26 129 637 638
26 130 753 754
26 131 846 847
26 132 51 52
26 133 411 412
26 134 878 878
26 135 879 880
26 136 101 102
26 137 193 193
26 138 580 581
26 139 250 251
27 71 142 142
27 72 145 146
27 73 684 685
27 74 194 195
27 75 385 386
27 76 911 912
27 77 452 452
27 78 188 189
27 79 358 359
27 80 489 490
27 81 653 654
27 82 596 597
27 83 535 536
27 84 573 574
27 85 827 828
27 86 638 639
27 87 829 829
27 88 379 380
27 89 320 321
27 90 998 999
27 91 177 178
27 92 567 568
27 93 345 346
27 94 361 362
27 95 619 620
27 96 944 945
27 97 295 295
27 98 834 835
27 99 454 455
27 100 435 436
27 101 303 304
27 102 142 143
27 103 361 362
27 104 209 210
27 105 746 747
27 106 616 617
27 107 592 593
27 108 213 214
27 109 70 71
27 110 510 511
27 111 49 50
27 112 887 888
27 113 875 876
27 114 874 875
27 115 528 529
27 116 356 357
27 117 631 632
27 118 138 139
27 119 899 900
27 120 939 940
27 121 867 868
27 122 408 408
27 123 167 168
27 124 233 234
27 125 4 5
27 126 938 939
27 127 681 682
27 128 510 511
27 129 667 667
27 130 923 924
27 131 86 87
27 132 526 527
27 133 709 710
27 134 392 392
27 135 652 653
27 136 418 419
27 137 859 860
27 138 660 661
27 139 22 22
28 71 324 324
28 72 27 28
28 73 413 414
28 74 971 972
28 75 550 551
28 76 445 446
28 77 653 653
28 78 808 809
28 79 684 684
28 80 167 168
28 81 906 907
28 82 250 251
28 83 501 501
28 84 330 331
28 85 126 127
28 86 628 629
28 87 725 726
28 88 523 524
28 89 632 633
28 90 959 960
28 91 822 822
28 92 490 490
28 93 361 362
28 94 957 958
28 95 571 572
28 96 838 838
28 97 303 304
28 98 909 909
28 99 660 661
28 100 232 233
28 101 718 719
28 102 347 348
28 103 757 758
28 104 75 76
28 105 450 451
28 106 37 38
28 107 150 151
28 108 818 819
28 109 806 807
28 110 991 992
28 111 781 782
28 112 362 363
28 113 440 440
28 114 503 504
28 115 911 912
28 116 644 645
28 117 42 43
28 118 889 890
28 119 515 516
28 120 541 542
28 121 651 652
28 122 21 22
28 123 207 208
28 124 949 950
28 125 444 445
28 126 412 413
28 127 448 449
28 128 579 580
28 129 796 797
28 130 486 487
28 131 279 279
28 132 223 224
28 133 332 333
28 134 855 856
28 135 175 176
28 136 511 512
28 137 483 484
28 138 774 775
28 139 672 673
29 71 603 604
29 72 123 124
29 73 613 614
29 74 23 24
29 75 65 66
29 76 83 84
29 77 668 669
29 78 635 636
29 79 593 593
29 80 587 587
29 81 429 430
29 82 689 690
29 83 850 851
29 84 587 588
29 85 585 586
29 86 841 841
29 87 771 772
29 88 620 621
29 89 106 107
29 90 495 496
29 91 899 900
29 92 173 174
29 93 279 280
29 94 396 397
29 95 346 347
29 96 664 665
29 97 219 220
29 98 90 91
29 99 622 623
29 100 298 299
29 101 94 94
29 102 19 20
29 103 719 720
29 104 174 175
29 105 290 291
29 106 170 171
29 107 434 435
29 108 99 100
29 109 368 369
29 110 520 521
29 111 114 115
29 112 650 651
29 113 881 882
29 114 953 954
29 115 626 627
29 116 649 650
29 117 525 526
29 118 821 822
29 119 141 142
29 120 954 955
29 121 151 152
29 122 896 897
29 123 454 455
29 124 356 357
29 125 870 871
29 126 817 818
29 127 960 961
29 128 489 490
29 129 726 727
29 130 398 399
29 131 704 704
29 132 294 295
29 133 989 990
29 134 943 944
29 135 773 774
29 136 751 752
29 137 559 560
29 138 831 832
29 139 551 552
30 71 832 833
30 72 75 76
30 73 567 568
30 74 757 758
30 75 661 662
30 76 187 188
30 77 394 395
30 78 894 895
30 79 891 892
30 80 256 257
30 81 90 91
30 82 321 322
30 83 125 126
30 84 739 739
30 85 449 450
30 86 749 750
30 87 880 881
30 88 693 694
30 89 200 201
30 90 810 811
30 91 967 968
30 92 816 817
30 93 148 149
30 94 509 510
30 95 720 721
30 96 908 909
30 97 812 813
30 98 224 225
30 99 724 725
30 100 35 36
30 101 997 997
30 102 111 112
30 103 11 12
30 104 949 950
30 105 622 623
30 106 692 693
30 107 974 975
30 108 749 750
30 109 717 718
30 110 829 830
30 111 523 523
30 112 418 419
30 113 208 209
30 114 193 194
30 115 197 198
30 116 679 680
30 117 572 573
30 118 902 903
30 119 665 666
30 120 795 796
30 121 353 354
30 122 486 487
30 123 642 643
30 124 10 11
30 125 467 468
30 126 637 638
30 127 974 975
30 128 610 611
30 129 915 916
30 130 909 910
30 131 583 584
30 132 254 255
30 133 276 277
30 134 426 426
30 135 747 748
30 136 463 464
30 137 919 920
30 138 239 240
30 139 324 325
31 71 510 511
31 72 776 777
31 73 455 456
31 74 905 906
31 75 195 196
31 76 119 120
31 77 788 789
31 78 387 388
31 79 698 699
31 80 831 832
31 81 187 187
31 82 784 785
31 83 376 377
31 84 162 163
31 85 502 503
31 86 139 140
31 87 746 747
31 88 867 868
31 89 305 306
31 90 74 75
31 91 239 240
31 92 851 851
31 93 518 519
31 94 967 968
31 95 833 834
31 96 197 198
31 97 193 194
31 98 536 537
31 99 8 9
31 100 537 538
31 101 564 565
31 102 64 64
31 103 102 103
31 104 277 278
31 105 180 181
31 106 707 707
31 107 692 693
31 108 919 920
31 109 754 755
31 110 221 222
31 111 836 837
31 112 413 414
31 113 724 724
31 114 156 157
31 115 485 485
31 116 205 206
31 117 217 218
31 118 769 770
31 119 314 315
31 120 549 549
31 121 344 345
31 122 651 652
31 123 91 92
31 124 676 677
31 125 658 659
31 126 133 133
31 127 539 540
31 128 831 832
31 129 491 492
31 130 491 492
31 131 56 56
31 132 709 710
31 133 221 222
31 134 624 625
31 135 238 239
31 136 307 308
31 137 797 798
31 138 755 755
31 139 860 860
32 71 785 786
32 72 356 357
32 73 149 150
32 74 589 589
32 75 115 115
32 76 15 16
32 77 317 317
32 78 553 554
32 79 369 370
32 80 607 608
32 81 924 925
32 82 617 618
32 83 487 488
32 84 274 275
32 85 258 259
32 86 311 312
32 87 222 223
32 88 17 18
32 89 183 184
32 90 524 525
32 91 706 707
32 92 248 248
32 93 338 338
32 94 231 232
32 95 818 819
32 96 145 146
32 97 894 895
32 98 549 550
32 99 570 571
32 100 481 482
32 101 792 793
32 102 571 572
32 103 276 277
32 104 241 242
32 105 2 3
32 106 998 999
32 107 123 124
32 108 182 183
32 109 187 188
32 110 164 165
32 111 462 463
32 112 569 570
32 113 917 917
32 114 480 481
32 115 347 348
32 116 392 393
32 117 989 989
32 118 426 427
32 119 778 779
32 120 435 436
32 121 375 376
32 122 556 557
32 123 430 431
32 124 776 777
32 125 191 192
32 126 310 310
32 127 559 560
32 128 120 121
32 129 73 74
32 130 747 748
32 131 923 924
32 132 488 489
32 133 874 875
32 134 10 11
32 135 872 873
32 136 441 442
32 137 461 461
32 138 790 791
32 139 3 4
33 71 496 497
33 72 71 72
33 73 982 983
33 74 141 142
33 75 542 543
33 76 371 372
33 77 38 39
33 78 409 410
33 79 217 218
33 80 398 399
33 81 348 349
33 82 479 480
33 83 369 370
33 84 348 349
33 85 483 484
33 86 995 996
33 87 540 541
33 88 778 779
33 89 148 149
33 90 551 552
33 91 83 84
33 92 746 747
33 93 928 929
33 94 301 302
33 95 762 763
33 96 442 443
33 97 47 48
33 98 366 367
33 99 68 69
33 100 820 821
33 101 773 773
33 102 174 175
33 103 845 846
33 104 656 657
33 105 592 593
33 106 445 446
33 107 190 191
33 108 830 831
33 109 115 116
33 110 335 336
33 111 813 814
33 112 348 349
33 113 837 838
33 114 77 78
33 115 658 659
33 116 590 591
33 117 610 611
33 118 778 779
33 119 851 852
33 120 745 746
33 121 985 986
33 122 23 24
33 123 352 353
33 124 647 648
33 125 109 110
33 126 560 560
33 127 560 561
33 128 855 856
33 129 868 868
33 130 236 237
33 131 691 692
33 132 297 297
33 133 139 140
33 134 433 434
33 135 965 966
33 136 478 479
33 137 888 889
33 138 30 31
33 139 489 490
34 71 454 455
34 72 847 847
34 73 871 872
34 74 932 932
34 75 392 393
34 76 574 575
34 77 708 708
34 78 758 759
34 79 742 743
34 80 320 321
34 81 770 771
34 82 637 638
34 83 518 519
34 84 445 446
34 85 57 58
34 86 329 330
34 87 130 131
34 88 617 618
34 89 172 173
34 90 825 826
34 91 553 554
34 92 577 578
34 93 508 509
34 94 420 421
34 95 188 189
34 96 233 234
34 97 734 735
34 98 745 746
34 99 457 458
34 100 456 457
34 101 472 473
34 102 32 33
34 103 19 20
34 104 826 827
34 105 448 449
34 106 406 407
34 107 393 394
34 108 86 87
34 109 893 894
34 110 741 742
34 111 291 292
34 112 613 614
34 113 579 580
34 114 210 211
34 115 512 513
34 116 305 306
34 117 420 421
34 118 566 567
34 119 394 395
34 120 468 469
34 121 458 458
34 122 813 814
34 123 360 361
34 124 660 661
34 125 430 431
34 126 289 290
34 127 939 940
34 128 246 247
34 129 107 108
34 130 688 689
34 131 898 898
34 132 728 729
34 133 892 893
34 134 98 99
34 135 686 687
34 136 421 422
34 137 810 810
34 138 452 453
34 139 366 367
35 71 749 750
35 72 999 1000
35 73 600 601
35 74 877 878
35 75 874 875
35 76 198 199
35 77 803 803
35 78 687 688
35 79 884 885
35 80 424 425
35 81 765 766
35 82 792 793
35 83 222 223
35 84 120 121
35 85 468 469
35 86 484 485
35 87 919 920
35 88 24 25
35 89 946 947
35 90 616 616
35 91 522 523
35 92 507 508
35 93 682 683
35 94 952 953
35 95 518 519
35 96 864 864
35 97 511 512
35 98 998 999
35 99 223 224
35 100 621 622
35 101 205 206
35 102 482 483
35 103 859 860
35 104 778 779
35 105 638 639
35 106 756 757
35 107 870 871
35 108 2 3
35 109 190 191
35 110 923 923
35 111 726 727
35 112 69 70
35 113 712 713
35 114 58 59
35 115 896 897
35 116 785 786
35 117 47 48
35 118 518 519
35 119 609 610
35 120 540 541
35 121 653 654
35 122 898 899
35 123 717 718
35 124 731 732
35 125 464 465
35 126 459 460
35 127 260 261
35 128 278 279
35 129 783 783
35 130 115 115
35 131 368 369
35 132 162 163
35 133 345 346
35 134 218 219
35 135 329 330
35 136 134 135
35 137 311 311
35 138 33 34
35 139 753 754
36 71 751 752
36 72 838 839
36 73 413 414
36 74 688 689
36 75 972 973
36 76 342 343
36 77 10 11
36 78 584 585
36 79 618 618
36 80 725 725
36 81 901 902
36 82 298 299
36 83 1 2
36 84 828 828
36 85 849 850
36 86 712 713
36 87 197 198
36 88 688 689
36 89 571 572
36 90 1 2
36 91 942 942
36 92 507 508
36 93 46 47
36 94 912 912
36 95 328 329
36 96 241 242
36 97 512 512
36 98 917 918
36 99 820 821
36 100 460 461
36 101 962 963
36 102 755 756
36 103 285 286
36 104 824 825
36 105 572 573
36 106 776 777
36 107 828 829
36 108 439 440
36 109 151 152
36 110 768 769
36 111 244 245
36 112 526 527
36 113 457 458
36 114 707 708
36 115 887 888
36 116 966 967
36 117 917 918
36 118 162 163
36 119 240 241
36 120 92 93
36 121 825 826
36 122 941 941
36 123 278 278
36 124 962 963
36 125 718 719
36 126 760 761
36 127 631 632
36 128 876 877
36 129 843 844
36 130 537 538
36 131 971 972
36 132 307 308
36 133 185 186
36 134 564 565
36 135 364 365
36 136 309 310
36 137 592 593
36 138 80 80
36 139 253 253
37 71 939 940
37 72 297 298
37 73 312 313
37 74 600 601
37 75 626 627
37 76 163 164
37 77 938 939
37 78 990 991
37 79 715 716
37 80 167 168
37 81 179 180
37 82 276 277
37 83 563 563
37 84 139 140
37 85 129 130
37 86 560 561
37 87 740 741
37 88 907 908
37 89 735 736
37 90 504 505
37 91 850 851
37 92 611 612
37 93 485 486
37 94 107 108
37 95 926 927
37 96 190 190
37 97 645 646
37 98 365 366
37 99 142 143
37 100 122 123
37 101 143 144
37 102 479 480
37 103 163 164
37 104 185 186
37 105 694 695
37 106 541 542
37 107 818 819
37 108 74 75
37 109 177 178
37 110 791 791
37 111 876 877
37 112 278 279
37 113 187 188
37 114 105 106
37 115 606 607
37 116 355 356
37 117 764 765
37 118 443 444
37 119 817 818
37 120 773 773
37 121 741 742
37 122 689 690
37 123 611 612
37 124 600 601
37 125 135 135
37 126 828 829
37 127 772 773
37 128 615 616
37 129 149 150
37 130 511 512
37 131 482 483
37 132 121 122
37 133 54 55
37 134 123 124
37 135 278 279
37 136 166 167
37 137 12 13
37 138 4 5
37 139 741 742
38 71 166 167
38 72 63 64
38 73 81 81
38 74 560 561
38 75 82 83
38 76 763 764
38 77 912 913
38 78 340 341
38 79 857 858
38 80 894 895
38 81 503 504
38 82 90 91
38 83 92 93
38 84 67 68
38 85 852 853
38 86 528 529
38 87 443 444
38 88 785 786
38 89 191 192
38 90 918 919
38 91 718 719
38 92 612 613
38 93 178 179
38 94 946 947
38 95 700 701
38 96 819 820
38 97 880 881
38 98 68 69
38 99 440 441
38 100 513 514
38 101 611 612
38 102 955 956
38 103 263 264
38 104 13 14
38 105 340 341
38 106 799 800
38 107 491 492
38 108 634 635
38 109 264 265
38 110 37 38
38 111 947 948
38 112 951 952
38 113 629 630
38 114 766 767
38 115 25 26
38 116 383 384
38 117 504 505
38 118 815 816
38 119 155 156
38 120 578 579
38 121 794 795
38 122 586 586
38 123 602 603
38 124 651 652
38 125 127 128
38 126 924 925
38 127 358 359
38 128 64 64
38 129 134 135
38 130 470 471
38 131 359 360
38 132 293 294
38 133 300 301
38 134 868 869
38 135 806 807
38 136 666 666
38 137 361 362
38 138 241 242
38 139 106 107
39 71 840 841
39 72 809 810
39 73 585 585
39 74 315 316
39 75 519 520
39 76 860 861
39 77 973 974
39 78 115 116
39 79 747 748
39 80 310 311
39 81 842 843
39 82 368 369
39 83 811 812
39 84 392 393
39 85 618 619
39 86 523 524
39 87 33 34
39 88 197 198
39 89 266 267
39 90 436 437
39 91 796 797
39 92 582 583
39 93 803 804
39 94 892 893
39 95 601 602
39 96 926 927
39 97 737 738
39 98 385 386
39 99 438 439
39 100 87 88
39 101 151 152
39 102 70 70
39 103 109 109
39 104 651 652
39 105 720 721
39 106 496 497
39 107 495 496
39 108 388 389
39 109 455 456
39 110 754 755
39 111 831 832
39 112 549 550
39 113 57 57
39 114 866 867
39 115 858 859
39 116 654 655
39 117 470 471
39 118 122 123
39 119 142 143
39 120 148 149
39 121 899 899
39 122 200 201
39 123 872 873
39 124 606 607
39 125 467 468
39 126 158 159
39 127 764 765
39 128 425 425
39 129 505 506
39 130 210 211
39 131 201 202
39 132 614 615
39 133 943 944
39 134 983 984
39 135 18 19
39 136 439 439
39 137 563 564
39 138 179 180
39 139 230 231
40 71 717 718
40 72 341 342
40 73 487 488
40 74 153 154
40 75 349 350
40 76 826 827
40 77 282 283
40 78 17 18
40 79 566 567
40 80 212 213
40 81 886 887
40 82 746 747
40 83 588 589
40 84 672 673
40 85 993 993
40 86 298 299
40 87 440 441
40 88 550 551
40 89 589 590
40 90 798 799
40 91 422 423
40 92 964 965
40 93 105 106
40 94 675 675
40 95 886 887
40 96 115 116
40 97 526 527
40 98 990 991
40 99 740 741
40 100 153 154
40 101 130 131
40 102 621 622
40 103 40 41
40 104 838 839
40 105 473 474
40 106 387 388
40 107 758 759
40 108 367 368
40 109 631 632
40 110 199 200
40 111 262 263
40 112 302 303
40 113 455 456
40 114 997 998
40 115 278 279
40 116 975 976
40 117 543 544
40 118 932 933
40 119 395 396
40 120 684 685
40 121 305 306
40 122 31 32
40 123 84 84
40 124 987 988
40 125 276 277
40 126 197 197
40 127 695 696
40 128 83 84
40 129 993 994
40 130 369 370
40 131 970 971
40 132 842 843
40 133 807 808
40 134 18 19
40 135 395 396
40 136 74 75
40 137 488 489
40 138 356 357
40 139 904 904
41 71 279 280
41 72 81 82
41 73 165 166
41 74 496 497
41 75 579 580
41 76 85 85
41 77 128 129
41 78 592 593
41 79 426 427
41 80 730 731
41 81 550 551
41 82 240 241
41 83 958 959
41 84 275 276
41 85 944 944
41 86 35 36
41 87 900 901
41 88 549 549
41 89 718 719
41 90 522 523
41 91 109 110
41 92 602 603
41 93 115 116
41 94 465 465
41 95 903 904
41 96 745 746
41 97 319 320
41 98 672 673
41 99 793 794
41 100 924 925
41 101 964 965
41 102 836 837
41 103 546 547
41 104 112 113
41 105 825 826
41 106 172 173
41 107 267 268
41 108 113 114
41 109 290 290
41 110 988 989
41 111 184 185
41 112 515 516
41 113 238 239
41 114 53 54
41 115 539 540
41 116 82 83
41 117 168 169
41 118 979 980
41 119 345 346
41 120 363 364
41 121 342 342
41 122 926 927
41 123 843 844
41 124 648 649
41 125 37 38
41 126 874 875
41 127 454 455
41 128 865 866
41 129 339 339
41 130 447 448
41 131 124 125
41 132 93 94
41 133 499 500
41 134 681 681
41 135 1 2
41 136 125 126
41 137 477 478
41 138 40 41
41 139 670 671
42 71 98 99
42 72 19 20
42 73 378 379
42 74 97 98
42 75 545 546
42 76 774 775
42 77 68 69
42 78 979 980
42 79 462 463
42 80 183 184
42 81 237 237
42 82 113 114
42 83 846 847
42 84 790 791
42 85 851 852
42 86 548 549
42 87 580 581
42 88 326 327
42 89 532 533
42 90 1 2
42 91 469 470
42 92 46 47
42 93 374 375
42 94 274 275
42 95 388 389
42 96 634 635
42 97 487 488
42 98 858 859
42 99 903 904
42 100 496 497
42 101 238 239
42 102 13 14
42 103 376 377
42 104 164 165
42 105 216 217
42 106 326 326
42 107 12 13
42 108 781 782
42 109 132 133
42 110 447 447
42 111 999 1000
42 112 85 86
42 113 48 49
42 114 381 382
42 115 903 903
42 116 628 629
42 117 626 626
42 118 872 873
42 119 693 694
42 120 94 95
42 121 87 88
42 122 431 432
42 123 479 480
42 124 721 722
42 125 727 728
42 126 371 372
42 127 352 353
42 128 656 657
42 129 382 383
42 130 255 256
42 131 78 79
42 132 410 410
42 133 517 518
42 134 135 136
42 135 203 204
42 136 28 29
42 137 648 649
42 138 718 719
42 139 565 566
43 71 731 732
43 72 246 246
43 73 494 495
43 74 662 662
43 75 355 356
43 76 732 733
43 77 403 404
43 78 125 126
43 79 114 115
43 80 193 194
43 81 80 81
43 82 202 203
43 83 765 766
43 84 875 876
43 85 249 250
43 86 430 431
43 87 794 795
43 88 929 930
43 89 927 928
43 90 377 378
43 91 5 6
43 92 647 648
43 93 640 641
43 94 666 667
43 95 900 901
43 96 14 15
43 97 492 493
43 98 219 220
43 99 459 460
43 100 897 898
43 101 433 434
43 102 163 164
43 103 16 17
43 104 257 258
43 105 56 57
43 106 802 803
43 107 87 88
43 108 993 994
43 109 357 358
43 110 488 489
43 111 48 49
43 112 114 115
43 113 587 588
43 114 406 406
43 115 916 917
43 116 81 82
43 117 342 343
43 118 778 779
43 119 852 853
43 120 788 789
43 121 767 768
43 122 240 241
43 123 201 202
43 124 177 178
43 125 379 380
43 126 68 69
43 127 725 726
43 128 479 480
43 129 156 157
43 130 913 914
43 131 761 762
43 132 107 108
43 133 319 320
43 134 686 687
43 135 877 878
43 136 628 629
43 137 685 686
43 138 387 388
43 139 299 300
44 71 688 688
44 72 34 35
44 73 816 817
44 74 684 685
44 75 869 870
44 76 657 658
44 77 750 751
44 78 506 507
44 79 968 969
44 80 446 447
44 81 292 293
44 82 556 557
44 83 193 194
44 84 170 171
44 85 636 637
44 86 685 686
44 87 20 21
44 88 922 923
44 89 299 300
44 90 797 798
44 91 818 818
44 92 584 585
44 93 156 157
44 94 782 783
44 95 503 504
44 96 305 306
44 97 862 863
44 98 937 938
44 99 210 211
44 100 317 318
44 101 769 770
44 102 319 320
44 103 519 519
44 104 843 844
44 105 781 782
44 106 824 825
44 107 480 481
44 108 170 170
44 109 300 301
44 110 111 112
44 111 24 25
44 112 449 449
44 113 659 660
44 114 723 724
44 115 951 952
44 116 728 729
44 117 805 806
44 118 976 977
44 119 305 306
44 120 868 869
44 121 223 224
44 122 644 645
44 123 782 783
44 124 383 384
44 125 973 974
44 126 827 828
44 127 691 692
44 128 470 471
44 129 803 804
44 130 204 205
44 131 0 1
44 132 737 738
44 133 917 918
44 134 625 626
44 135 576 577
44 136 574 575
44 137 744 745
44 138 723 723
44 139 429 430
45 71 927 928
45 72 735 735
45 73 923 924
45 74 513 514
45 75 623 624
45 76 415 416
45 77 786 787
45 78 486 487
45 79 185 186
45 80 443 444
45 81 282 283
45 82 310 311
45 83 969 969
45 84 160 161
45 85 411 411
45 86 740 741
45 87 241 242
45 88 234 235
45 89 743 744
45 90 201 202
45 91 742 743
45 92 238 238
45 93 534 535
45 94 80 81
45 95 880 881
45 96 414 415
45 97 851 852
45 98 331 332
45 99 869 870
45 100 912 913
45 101 181 182
45 102 43 44
45 103 38 39
45 104 119 120
45 105 519 520
45 106 620 621
45 107 321 322
45 108 248 248
45 109 328 329
45 110 70 71
45 111 902 903
45 112 790 791
45 113 356 357
45 114 701 701
45 115 58 59
45 116 207 208
45 117 393 394
45 118 210 211
45 119 999 1000
45 120 429 430
45 121 66 67
45 122 641 642
45 123 433 434
45 124 46 47
45 125 936 937
45 126 449 450
45 127 298 299
45 128 228 228
45 129 708 709
45 130 102 102
45 131 55 56
45 132 109 110
45 133 454 455
45 134 730 730
45 135 537 538
45 136 900 901
45 137 858 859
45 138 680 681
45 139 582 582
46 71 695 696
46 72 245 246
46 73 360 360
46 74 622 623
46 75 543 544
46 76 404 405
46 77 222 223
46 78 350 351
46 79 147 148
46 80 966 967
46 81 98 99
46 82 111 112
46 83 197 198
46 84 181 182
46 85 233 233
46 86 8 9
46 87 187 188
46 88 265 265
46 89 955 956
46 90 160 161
46 91 479 480
46 92 60 61
46 93 363 364
46 94 5 5
46 95 776 777
46 96 111 112
46 97 354 355
46 98 840 841
46 99 143 144
46 100 748 749
46 101 341 342
46 102 990 991
46 103 675 676
46 104 122 123
46 105 930 931
46 106 705 706
46 107 709 710
46 108 180 181
46 109 303 304
46 110 213 214
46 111 612 612
46 112 194 195
46 113 387 388
46 114 419 420
46 115 26 27
46 116 855 856
46 117 355 356
46 118 777 778
46 119 542 543
46 120 297 298
46 121 62 63
46 122 784 785
46 123 600 601
46 124 388 388
46 125 433 434
46 126 509 510
46 127 504 505
46 128 871 872
46 129 92 93
46 130 209 210
46 131 527 528
46 132 917 918
46 133 171 172
46 134 354 355
46 135 260 261
46 136 390 391
46 137 670 671
46 138 663 664
46 139 448 449
47 71 892 893
47 72 458 458
47 73 863 864
47 74 155 155
47 75 454 455
47 76 214 215
47 77 610 611
47 78 789 790
47 79 472 473
47 80 766 766
47 81 670 671
47 82 837 838
47 83 888 889
47 84 387 388
47 85 340 341
47 86 478 479
47 87 555 556
47 88 321 322
47 89 745 746
47 90 733 734
47 91 838 839
47 92 271 272
47 93 526 527
47 94 116 117
47 95 174 175
47 96 123 123
47 97 256 257
47 98 370 371
47 99 865 866
47 100 388 389
47 101 89 90
47 102 73 74
47 103 826 827
47 104 814 815
47 105 900 901
47 106 870 871
47 107 41 42
47 108 97 98
47 109 293 294
47 110 509 510
47 111 32 33
47 112 306 307
47 113 535 536
47 114 186 186
47 115 279 280
47 116 161 162
47 117 380 381
47 118 313 314
47 119 273 274
47 120 809 810
47 121 504 505
47 122 823 824
47 123 197 198
47 124 835 836
47 125 54 55
47 126 359 359
47 127 710 711
47 128 460 461
47 129 970 971
47 130 774 775
47 131 211 212
47 132 738 739
47 133 725 726
47 134 206 207
47 135 120 121
47 136 187 188
47 137 541 542
47 138 543 544
47 139 99 100
48 71 406 407
48 72 922 923
48 73 290 291
48 74 455 456
48 75 504 505
48 76 530 531
48 77 316 316
48 78 861 862
48 79 464 465
48 80 70 71
48 81 689 690
48 82 174 175
48 83 139 140
48 84 427 427
48 85 447 448
48 86 587 588
48 87 345 346
48 88 977 978
48 89 318 318
48 90 869 870
48 91 902 903
48 92 151 152
48 93 158 159
48 94 13 14
48 95 994 995
48 96 934 935
48 97 393 394
48 98 365 366
48 99 705 706
48 100 385 386
48 101 341 342
48 102 156 157
48 103 428 429
48 104 571 572
48 105 156 157
48 106 974 975
48 107 198 199
48 108 505 506
48 109 108 109
48 110 106 107
48 111 296 297
48 112 732 733
48 113 343 344
48 114 971 972
48 115 398 399
48 116 72 73
48 117 963 964
48 118 423 424
48 119 512 513
48 120 792 793
48 121 675 676
48 122 611 612
48 123 481 482
48 124 768 769
48 125 597 598
48 126 701 701
48 127 115 116
48 128 457 458
48 129 26 27
48 130 697 697
48 131 881 881
48 132 416 417
48 133 745 746
48 134 125 126
48 135 531 532
48 136 696 697
48 137 212 213
48 138 740 741
48 139 150 150
49 71 619 620
49 72 521 522
49 73 174 175
49 74 506 507
49 75 533 534
49 76 858 859
49 77 295 296
49 78 58 59
49 79 81 82
49 80 45 45
49 81 580 580
49 82 664 665
49 83 146 147
49 84 261 262
49 85 977 978
49 86 150 151
49 87 708 708
49 88 472 473
49 89 557 558
49 90 837 838
49 91 424 424
49 92 415 416
49 93 172 173
49 94 146 147
49 95 467 468
49 96 153 154
49 97 533 534
49 98 700 701
49 99 903 904
49 100 480 481
49 101 521 522
49 102 968 969
49 103 953 954
49 104 203 204
49 105 770 771
49 106 557 558
49 107 25 26
49 108 970 971
49 109 90 91
49 110 672 673
49 111 245 246
49 112 53 54
49 113 775 775
49 114 977 978
49 115 303 304
49 116 989 990
49 117 694 695
49 118 940 941
49 119 242 243
49 120 624 625
49 121 549 550
49 122 121 122
49 123 809 810
49 124 722 723
49 125 695 696
49 126 244 245
49 127 289 290
49 128 119 120
49 129 524 525
49 130 606 607
49 131 882 883
49 132 66 67
49 133 934 935
49 134 410 411
49 135 969 969
49 136 346 347
49 137 53 54
49 138 833 834
49 139 145 146
50 71 263 264
50 72 988 989
50 73 479 480
50 74 741 742
50 75 425 426
50 76 578 579
50 77 547 548
50 78 911 912
50 79 689 690
50 80 570 571
50 81 803 804
50 82 261 262
50 83 438 439
50 84 491 492
50 85 6 7
50 86 975 976
50 87 186 187
50 88 89 90
50 89 840 841
50 90 714 715
50 91 738 739
50 92 626 627
50 93 1 2
50 94 704 705
50 95 994 995
50 96 514 515
50 97 86 87
50 98 213 214
50 99 598 599
50 100 495 496
50 101 30 31
50 102 675 676
50 103 474 474
50 104 470 471
50 105 567 567
50 106 591 592
50 107 987 988
50 108 476 476
50 109 551 552
50 110 771 772
50 111 43 44
50 112 333 333
50 113 771 772
50 114 730 731
50 115 985 986
50 116 281 282
50 117 612 613
50 118 663 664
50 119 503 504
50 120 258 259
50 121 212 213
50 122 958 959
50 123 795 796
50 124 520 521
50 125 253 254
50 126 361 361
50 127 366 367
50 128 645 645
50 129 219 220
50 130 380 381
50 131 688 689
50 132 721 722
50 133 765 766
50 134 321 322
50 135 418 419
50 136 398 399
50 137 640 641
50 138 205 206
50 139 946 947
51 71 37 38
51 72 316 317
51 73 226 227
51 74 115 116
51 75 24 25
51 76 565 566
51 77 307 308
51 78 186 187
51 79 270 271
51 80 283 284
51 81 2 3
51 82 450 451
51 83 490 491
51 84 258 259
51 85 390 391
51 86 920 921
51 87 196 197
51 88 651 652
51 89 157 158
51 90 440 441
51 91 95 96
51 92 721 722
51 93 550 551
51 94 191 192
51 95 505 506
51 96 269 270
51 97 99 99
51 98 831 832
51 99 486 487
51 100 787 788
51 101 375 375
51 102 894 895
51 103 750 751
51 104 786 787
51 105 844 845
51 106 119 120
51 107 370 371
51 108 448 449
51 109 495 496
51 110 343 344
51 111 122 123
51 112 908 909
51 113 969 970
51 114 417 418
51 115 226 227
51 116 489 490
51 117 224 225
51 118 667 668
51 119 337 338
51 120 794 795
51 121 549 550
51 122 855 856
51 123 480 481
51 124 49 50
51 125 420 421
51 126 139 140
51 127 937 938
51 128 390 391
51 129 479 480
51 130 65 66
51 131 366 367
51 132 711 711
51 133 507 508
51 134 272 273
51 135 949 950
51 136 290 290
51 137 505 506
51 138 585 586
51 139 179 180
52 71 372 373
52 72 414 415
52 73 610 611
52 74 886 887
52 75 525 526
52 76 691 692
52 77 718 719
52 78 985 986
52 79 570 571
52 80 294 295
52 81 899 900
52 82 468 469
52 83 202 203
52 84 912 913
52 85 99 100
52 86 337 338
52 87 345 345
52 88 533 534
52 89 877 878
52 90 24 25
52 91 361 362
52 92 711 712
52 93 321 322
52 94 748 749
52 95 268 269
52 96 395 396
52 97 903 904
52 98 356 357
52 99 770 771
52 100 473 474
52 101 960 961
52 102 179 180
52 103 905 906
52 104 568 569
52 105 290 291
52 106 761 762
52 107 560 561
52 108 145 146
52 109 977 978
52 110 439 440
52 111 780 781
52 112 352 353
52 113 633 634
52 114 966 967
52 115 779 780
52 116 398 398
52 117 813 814
52 118 49 50
52 119 835 836
52 120 585 586
52 121 131 132
52 122 391 392
52 123 28 29
52 124 266 267
52 125 718 719
52 126 730 731
52 127 162 162
52 128 213 214
52 129 531 532
52 130 538 539
52 131 556 556
52 132 397 398
52 133 308 309
52 134 411 412
52 135 696 697
52 136 614 615
52 137 840 841
52 138 563 564
52 139 285 286
53 71 689 690
53 72 736 737
53 73 645 646
53 74 15 16
53 75 996 996
53 76 268 268
53 77 896 897
53 78 510 511
53 79 383 384
53 80 484 485
53 81 616 617
53 82 895 895
53 83 424 425
53 84 15 16
53 85 44 45
53 86 625 625
53 87 696 697
53 88 456 457
53 89 327 328
53 90 482 483
53 91 220 221
53 92 676 677
53 93 752 753
53 94 592 593
53 95 308 309
53 96 77 78
53 97 602 603
53 98 80 81
53 99 287 288
53 100 258 259
53 101 724 725
53 102 658 659
53 103 69 69
53 104 925 926
53 105 273 274
53 106 787 788
53 107 676 677
53 108 51 52
53 109 401 402
53 110 298 299
53 111 556 557
53 112 752 753
53 113 191 192
53 114 515 516
53 115 211 212
53 116 24 25
53 117 609 610
53 118 999 1000
53 119 633 634
53 120 887 888
53 121 635 636
53 122 930 931
53 123 589 590
53 124 850 851
53 125 797 798
53 126 436 437
53 127 87 88
53 128 332 333
53 129 560 561
53 130 473 474
53 131 707 708
53 132 2 2
53 133 60 61
53 134 417 418
53 135 412 413
53 136 551 552
53 137 613 614
53 138 992 993
53 139 991 992
54 71 921 922
54 72 242 243
54 73 127 128
54 74 524 525
54 75 105 106
54 76 773 774
54 77 73 73
54 78 25 26
54 79 271 272
54 80 557 558
54 81 151 152
54 82 934 935
54 83 748 748
54 84 367 368
54 85 364 365
54 86 114 115
54 87 342 343
54 88 161 162
54 89 802 803
54 90 764 765
54 91 752 753
54 92 245 246
54 93 443 444
54 94 147 148
54 95 607 607
54 96 236 237
54 97 753 754
54 98 463 464
54 99 774 774
54 100 337 338
54 101 679 680
54 102 693 694
54 103 355 356
54 104 97 98
54 105 901 902
54 106 207 208
54 107 184 185
54 108 514 515
54 109 560 561
54 110 562 563
54 111 483 484
54 112 281 282
54 113 391 392
54 114 998 999
54 115 622 623
54 116 386 387
54 117 720 721
54 118 202 203
54 119 127 128
54 120 180 181
54 121 249 250
54 122 221 222
54 123 169 169
54 124 234 235
54 125 407 408
54 126 493 494
54 127 761 762
54 128 67 68
54 129 474 475
54 130 44 45
54 131 139 140
54 132 731 732
54 133 743 744
54 134 615 616
54 135 755 756
54 136 728 729
54 137 141 142
54 138 214 215
54 139 708 709
55 71 414 415
55 72 584 585
55 73 134 135
55 74 4 5
55 75 788 789
55 76 721 722
55 77 377 378
55 78 709 710
55 79 940 941
55 80 852 852
55 81 877 878
55 82 261 262
55 83 342 343
55 84 721 722
55 85 257 258
55 86 495 496
55 87 718 719
55 88 932 933
55 89 483 484
55 90 233 234
55 91 754 755
55 92 469 470
55 93 437 438
55 94 804 805
55 95 469 470
55 96 696 697
55 97 971 972
55 98 136 137
55 99 278 279
55 100 446 447
55 101 231 232
55 102 853 854
55 103 625 626
55 104 138 139
55 105 206 207
55 106 98 99
55 107 165 165
55 108 757 758
55 109 8 9
55 110 129 130
55 111 125 126
55 112 234 235
55 113 83 84
55 114 489 490
55 115 448 449
55 116 315 316
55 117 752 753
55 118 563 563
55 119 41 42
55 120 202 203
55 121 5 6
55 122 478 479
55 123 343 343
55 124 777 778
55 125 1 2
55 126 547 548
55 127 606 607
55 128 202 203
55 129 131 132
55 130 898 899
55 131 812 813
55 132 104 105
55 133 636 637
55 134 571 572
55 135 916 917
55 136 365 366
55 137 552 553
55 138 877 878
55 139 191 192
56 71 961 962
56 72 674 675
56 73 851 852
56 74 190 190
56 75 417 418
56 76 77 78
56 77 866 866
56 78 985 986
56 79 205 206
56 80 971 972
56 81 52 53
56 82 627 628
56 83 249 250
56 84 561 562
56 85 264 265
56 86 268 269
56 87 822 823
56 88 713 713
56 89 760 760
56 90 46 47
56 91 774 775
56 92 311 312
56 93 57 58
56 94 704 705
56 95 251 252
56 96 348 349
56 97 38 39
56 98 902 902
56 99 489 490
56 100 407 408
56 101 302 303
56 102 487 488
56 103 183 184
56 104 79 80
56 105 458 459
56 106 462 463
56 107 410 411
56 108 266 267
56 109 832 833
56 110 57 58
56 111 721 722
56 112 561 562
56 113 26 27
56 114 821 822
56 115 26 27
56 116 273 274
56 117 47 47
56 118 344 345
56 119 412 413
56 120 699 700
56 121 753 753
56 122 77 78
56 123 307 308
56 124 109 110
56 125 246 247
56 126 252 253
56 127 872 873
56 128 208 209
56 129 207 208
56 130 351 352
56 131 886 887
56 132 312 313
56 133 252 253
56 134 527 528
56 135 654 655
56 136 7 8
56 137 918 919
56 138 189 190
56 139 763 764
57 71 210 211
57 72 747 748
57 73 617 617
57 74 806 807
57 75 554 554
57 76 934 935
57 77 582 583
57 78 100 101
57 79 412 412
57 80 596 597
57 81 771 772
57 82 435 435
57 83 937 938
57 84 920 921
57 85 140 141
57 86 81 82
57 87 743 744
57 88 480 481
57 89 599 600
57 90 870 870
57 91 670 671
57 92 485 486
57 93 416 417
57 94 780 781
57 95 732 733
57 96 455 455
57 97 702 703
57 98 990 991
57 99 394 395
57 100 351 352
57 101 467 467
57 102 950 950
57 103 317 318
57 104 52 53
57 105 999 1000
57 106 21 22
57 107 598 599
57 108 838 839
57 109 950 951
57 110 119 120
57 111 866 867
57 112 366 367
57 113 830 831
57 114 932 933
57 115 786 787
57 116 36 37
57 117 522 523
57 118 761 761
57 119 812 813
57 120 927 927
57 121 273 274
57 122 997 998
57 123 344 345
57 124 129 129
57 125 864 865
57 126 316 317
57 127 212 213
57 128 24 25
57 129 252 252
57 130 655 656
57 131 793 794
57 132 958 959
57 133 545 546
57 134 58 59
57 135 612 613
57 136 569 570
57 137 693 694
57 138 845 846
57 139 189 190
58 71 420 421
58 72 421 422
58 73 419 420
58 74 371 372
58 75 125 126
58 76 720 721
58 77 94 95
58 78 759 760
58 79 29 30
58 80 895 896
58 81 625 626
58 82 300 301
58 83 835 836
58 84 419 420
58 85 389 390
58 86 917 918
58 87 473 474
58 88 543 544
58 89 485 486
58 90 447 448
58 91 453 454
58 92 569 570
58 93 266 267
58 94 371 372
58 95 322 323
58 96 517 518
58 97 559 559
58 98 502 503
58 99 508 509
58 100 267 268
58 101 70 71
58 102 512 513
58 103 743 744
58 104 36 37
58 105 417 418
58 106 816 817
58 107 561 562
58 108 257 258
58 109 194 195
58 110 214 215
58 111 908 909
58 112 779 780
58 113 35 35
58 114 808 809
58 115 837 838
58 116 100 100
58 117 567 567
58 118 462 463
58 119 79 80
58 120 525 526
58 121 895 896
58 122 286 286
58 123 856 857
58 124 126 127
58 125 518 519
58 126 680 681
58 127 947 948
58 128 633 634
58 129 774 775
58 130 547 548
58 131 461 462
58 132 439 440
58 133 408 409
58 134 294 294
58 135 256 257
58 136 754 755
58 137 912 913
58 138 704 705
58 139 211 212
59 71 873 873
59 72 654 655
59 73 129 129
59 74 599 600
59 75 383 384
59 76 807 808
59 77 551 552
59 78 716 717
59 79 924 925
59 80 897 898
59 81 970 971
59 82 514 515
59 83 890 891
59 84 539 540
59 85 887 887
59 86 193 194
59 87 314 315
59 88 795 796
59 89 657 658
59 90 649 650
59 91 221 222
59 92 174 175
59 93 387 388
59 94 866 867
59 95 315 315
59 96 419 420
59 97 720 721
59 98 22 23
59 99 919 920
59 100 856 857
59 101 155 156
59 102 762 763
59 103 616 617
59 104 748 749
59 105 631 632
59 106 112 113
59 107 226 227
59 108 299 300
59 109 129 130
59 110 104 105
59 111 955 956
59 112 902 903
59 113 744 745
59 114 570 571
59 115 943 944
59 116 792 792
59 117 332 333
59 118 342 343
59 119 605 606
59 120 329 330
59 121 852 853
59 122 165 166
59 123 295 296
59 124 615 616
59 125 815 816
59 126 549 550
59 127 846 847
59 128 48 49
59 129 284 285
59 130 720 721
59 131 955 956
59 132 281 282
59 133 442 443
59 134 518 518
59 135 687 688
59 136 667 668
59 137 697 697
59 138 143 144
59 139 980 981
60 71 329 330
60 72 758 758
60 73 17 18
60 74 338 339
60 75 947 948
60 76 11 11
60 77 120 121
60 78 299 300
60 79 878 879
60 80 316 317
60 81 33 34
60 82 159 160
60 83 201 202
60 84 203 204
60 85 78 79
60 86 185 186
60 87 265 266
60 88 6 7
60 89 485 486
60 90 136 137
60 91 390 391
60 92 636 637
60 93 417 418
60 94 207 208
60 95 140 141
60 96 451 451
60 97 631 632
60 98 901 902
60 99 683 684
60 100 453 454
60 101 698 699
60 102 934 935
60 103 24 25
60 104 806 807
60 105 624 625
60 106 832 833
60 107 554 555
60 108 840 841
60 109 651 652
60 110 494 495
60 111 709 710
60 112 152 153
60 113 145 146
60 114 681 682
60 115 410 411
60 116 494 495
60 117 124 125
60 118 138 139
60 119 517 518
60 120 216 217
60 121 498 499
60 122 137 138
60 123 621 622
60 124 807 808
60 125 790 790
60 126 866 867
60 127 232 233
60 128 920 920
60 129 406 407
60 130 922 923
60 131 221 222
60 132 877 878
60 133 939 939
60 134 526 527
60 135 664 665
60 136 490 491
60 137 404 405
60 138 117 118
60 139 857 858
61 71 457 458
61 72 35 36
61 73 145 146
61 74 973 974
61 75 766 767
61 76 638 639
61 77 330 331
61 78 36 37
61 79 659 660
61 80 887 888
61 81 250 251
61 82 537 538
61 83 389 390
61 84 29 30
61 85 954 954
61 86 70 71
61 87 445 446
61 88 441 442
61 89 508 509
61 90 741 742
61 91 969 970
61 92 529 530
61 93 567 567
61 94 320 321
61 95 96 96
61 96 641 642
61 97 46 47
61 98 913 914
61 99 409 410
61 100 757 758
61 101 721 722
61 102 378 379
61 103 933 934
61 104 528 529
61 105 19 20
61 106 583 584
61 107 8 9
61 108 392 392
61 109 346 346
61 110 79 80
61 111 484 485
61 112 336 337
61 113 770 771
61 114 416 417
61 115 550 551
61 116 668 669
61 117 306 307
61 118 448 449
61 119 815 816
61 120 281 281
61 121 93 94
61 122 699 700
61 123 636 637
61 124 771 772
61 125 267 267
61 126 636 637
61 127 855 856
61 128 732 733
61 129 398 399
61 130 516 517
61 131 547 548
61 132 467 468
61 133 21 22
61 134 485 485
61 135 724 725
61 136 771 772
61 137 268 269
61 138 530 531
61 139 805 806
62 71 136 136
62 72 817 818
62 73 620 621
62 74 672 673
62 75 54 55
62 76 793 794
62 77 391 392
62 78 106 107
62 79 858 859
62 80 761 762
62 81 546 547
62 82 564 565
62 83 606 607
62 84 198 199
62 85 827 828
62 86 275 276
62 87 353 354
62 88 606 607
62 89 209 209
62 90 744 745
62 91 221 222
62 92 404 405
62 93 136 137
62 94 969 969
62 95 935 936
62 96 312 313
62 97 928 929
62 98 438 439
62 99 18 18
62 100 892 893
62 101 654 655
62 102 237 238
62 103 981 981
62 104 288 289
62 105 658 659
62 106 775 775
62 107 545 546
62 108 799 800
62 109 551 552
62 110 849 850
62 111 956 956
62 112 576 577
62 113 311 312
62 114 956 957
62 115 400 401
62 116 246 246
62 117 388 389
62 118 157 158
62 119 276 277
62 120 480 481
62 121 231 232
62 122 277 278
62 123 34 35
62 124 202 203
62 125 53 54
62 126 426 427
62 127 640 640
62 128 274 275
62 129 381 382
62 130 996 997
62 131 376 377
62 132 275 276
62 133 716 717
62 134 233 234
62 135 655 655
62 136 614 615
62 137 273 274
62 138 962 963
62 139 625 626
63 71 652 653
63 72 833 834
63 73 187 188
63 74 635 636
63 75 550 551
63 76 604 605
63 77 639 640
63 78 192 193
63 79 349 350
63 80 102 103
63 81 402 403
63 82 229 230
63 83 242 243
63 84 207 208
63 85 45 46
63 86 949 949
63 87 847 848
63 88 164 165
63 89 518 518
63 90 750 751
63 91 131 131
63 92 59 60
63 93 5 6
63 94 98 99
63 95 186 187
63 96 91 92
63 97 104 105
63 98 39 40
63 99 35 36
63 100 234 235
63 101 15 16
63 102 31 32
63 103 65 66
63 104 92 93
63 105 145 146
63 106 488 489
63 107 403 404
63 108 835 836
63 109 646 647
63 110 197 198
63 111 931 932
63 112 2 3
63 113 514 515
63 114 515 516
63 115 786 787
63 116 328 329
63 117 328 328
63 118 125 126
63 119 11 12
63 120 979 980
63 121 229 230
63 122 281 282
63 123 332 333
63 124 867 868
63 125 921 922
63 126 57 58
63 127 776 777
63 128 3 4
63 129 314 315
63 130 91 91
63 131 176 176
63 132 851 852
63 133 640 641
63 134 346 347
63 135 437 438
63 136 33 34
63 137 666 667
63 138 722 723
63 139 7 8
64 71 99 100
64 72 623 624
64 73 711 712
64 74 569 569
64 75 38 39
64 76 382 382
64 77 823 824
64 78 466 467
64 79 635 636
64 80 183 184
64 81 571 572
64 82 982 982
64 83 932 933
64 84 623 624
64 85 866 866
64 86 404 405
64 87 555 556
64 88 816 817
64 89 278 279
64 90 277 278
64 91 596 597
64 92 407 408
64 93 693 694
64 94 43 44
64 95 358 359
64 96 389 390
64 97 306 307
64 98 712 713
64 99 742 743
64 100 6 7
64 101 929 930
64 102 314 315
64 103 572 573
64 104 68 69
64 105 415 416
64 106 990 990
64 107 244 245
64 108 509 510
64 109 919 920
64 110 178 179
64 111 14 15
64 112 657 658
64 113 982 983
64 114 201 202
64 115 766 767
64 116 453 453
64 117 288 289
64 118 723 724
64 119 261 262
64 120 915 916
64 121 632 632
64 122 610 611
64 123 94 95
64 124 848 849
64 125 573 574
64 126 494 495
64 127 138 139
64 128 428 429
64 129 495 496
64 130 754 755
64 131 925 926
64 132 341 341
64 133 782 783
64 134 661 662
64 135 583 584
64 136 397 398
64 137 139 140
64 138 234 235
64 139 571 572
65 71 783 784
65 72 725 726
65 73 504 505
65 74 43 44
65 75 574 575
65 76 134 135
65 77 955 956
65 78 914 915
65 79 550 551
65 80 179 180
65 81 817 817
65 82 504 505
65 83 289 290
65 84 840 841
65 85 774 775
65 86 874 875
65 87 948 949
65 88 609 609
65 89 536 537
65 90 888 889
65 91 543 544
65 92 882 883
65 93 44 45
65 94 205 206
65 95 464 465
65 96 640 641
65 97 767 768
65 98 842 843
65 99 872 873
65 100 565 566
65 101 29 30
65 102 52 53
65 103 941 942
65 104 80 81
65 105 110 111
65 106 609 610
65 107 446 447
65 108 651 652
65 109 380 381
65 110 351 352
65 111 899 900
65 112 788 789
65 113 135 136
65 114 421 422
65 115 162 163
65 116 76 77
65 117 921 922
65 118 927 928
65 119 635 636
65 120 995 995
65 121 794 795
65 122 222 223
65 123 437 437
65 124 50 51
65 125 444 445
65 126 750 751
65 127 14 15
65 128 175 175
65 129 200 201
65 130 143 144
65 131 911 912
65 132 524 525
65 133 952 953
65 134 637 638
65 135 869 870
65 136 369 370
65 137 579 580
65 138 520 521
65 139 634 635
66 71 613 614
66 72 69 70
66 73 277 278
66 74 866 867
66 75 281 282
66 76 899 900
66 77 994 995
66 78 607 608
66 79 294 294
66 80 283 284
66 81 861 862
66 82 989 990
66 83 146 146
66 84 274 275
66 85 374 375
66 86 662 663
66 87 503 504
66 88 204 205
66 89 417 418
66 90 551 552
66 91 515 516
66 92 217 218
66 93 966 967
66 94 241 242
66 95 929 930
66 96 426 427
66 97 128 129
66 98 841 842
66 99 662 663
66 100 575 576
66 101 433 433
66 102 881 882
66 103 877 878
66 104 156 157
66 105 436 437
66 106 133 134
66 107 676 677
66 108 560 561
66 109 129 130
66 110 310 311
66 111 901 902
66 112 13 14
66 113 205 206
66 114 475 476
66 115 254 255
66 116 66 67
66 117 192 193
66 118 387 388
66 119 57 58
66 120 652 653
66 121 677 678
66 122 715 716
66 123 565 566
66 124 152 153
66 125 869 870
66 126 46 47
66 127 610 610
66 128 795 796
66 129 940 941
66 130 209 210
66 131 881 882
66 132 683 684
66 133 155 155
66 134 779 780
66 135 522 523
66 136 467 468
66 137 492 493
66 138 835 836
66 139 604 605
67 71 107 108
67 72 345 346
67 73 649 650
67 74 385 386
67 75 645 646
67 76 30 31
67 77 867 868
67 78 199 200
67 79 713 714
67 80 138 139
67 81 162 162
67 82 449 450
67 83 266 267
67 84 850 851
67 85 67 68
67 86 683 684
67 87 191 192
67 88 30 31
67 89 591 592
67 90 249 250
67 91 19 20
67 92 410 411
67 93 243 244
67 94 793 794
67 95 566 567
67 96 574 575
67 97 840 841
67 98 940 941
67 99 137 138
67 100 726 727
67 101 188 189
67 102 82 83
67 103 221 222
67 104 243 244
67 105 311 312
67 106 387 388
67 107 29 30
67 108 864 865
67 109 399 399
67 110 710 711
67 111 304 305
67 112 598 599
67 113 157 158
67 114 262 263
67 115 448 449
67 116 408 409
67 117 246 247
67 118 311 312
67 119 205 205
67 120 312 313
67 121 755 756
67 122 910 911
67 123 907 907
67 124 952 953
67 125 833 833
67 126 622 623
67 127 40 41
67 128 498 498
67 129 425 426
67 130 140 140
67 131 223 224
67 132 265 266
67 133 25 26
67 134 508 509
67 135 431 432
67 136 109 109
67 137 369 370
67 138 394 395
67 139 469 470
68 71 315 316
68 72 847 848
68 73 898 899
68 74 77 78
68 75 35 35
68 76 459 460
68 77 232 233
68 78 373 374
68 79 440 441
68 80 812 813
68 81 41 42
68 82 147 148
68 83 123 124
68 84 570 571
68 85 39 40
68 86 418 419
68 87 368 369
68 88 714 715
68 89 369 370
68 90 305 306
68 91 583 584
68 92 277 278
68 93 817 817
68 94 163 164
68 95 389 390
68 96 96 97
68 97 900 901
68 98 880 881
68 99 81 82
68 100 46 47
68 101 278 279
68 102 579 580
68 103 376 377
68 104 441 442
68 105 259 260
68 106 194 195
68 107 297 298
68 108 701 702
68 109 175 176
68 110 442 443
68 111 649 650
68 112 405 406
68 113 311 312
68 114 352 352
68 115 791 792
68 116 684 685
68 117 702 703
68 118 128 129
68 119 609 610
68 120 542 543
68 121 489 489
68 122 641 642
68 123 870 871
68 124 756 757
68 125 979 980
68 126 479 480
68 127 530 531
68 128 235 236
68 129 657 658
68 130 97 98
68 131 142 143
68 132 413 414
68 133 63 64
68 134 361 362
68 135 421 422
68 136 495 496
68 137 906 906
68 138 126 127
68 139 848 849
69 71 202 203
69 72 596 597
69 73 365 366
69 74 891 892
69 75 818 819
69 76 483 484
69 77 308 309
69 78 29 30
69 79 130 131
69 80 810 811
69 81 229 230
69 82 708 709
69 83 285 286
69 84 518 519
69 85 249 250
69 86 550 551
69 87 838 839
69 88 554 555
69 89 843 844
69 90 665 666
69 91 658 659
69 92 28 29
69 93 992 993
69 94 196 197
69 95 697 698
69 96 854 855
69 97 734 735
69 98 676 677
69 99 168 169
69 100 565 566
69 101 498 499
69 102 73 73
69 103 898 899
69 104 77 77
69 105 240 241
69 106 102 103
69 107 226 227
69 108 460 461
69 109 583 584
69 110 396 397
69 111 18 19
69 112 963 964
69 113 298 299
69 114 847 847
69 115 368 368
69 116 144 145
69 117 944 944
69 118 128 129
69 119 652 653
69 120 550 550
69 121 309 310
69 122 225 226
69 123 731 732
69 124 411 412
69 125 95 95
69 126 996 997
69 127 967 968
69 128 905 906
69 129 698 699
69 130 285 286
69 131 77 78
69 132 582 583
69 133 317 318
69 134 435 436
69 135 341 342
69 136 821 822
69 137 82 83
69 138 139 140
69 139 885 886
71 142 35973 35974
72 142 30360 30361
73 142 35577 35578
74 142 36494 36495
75 142 33823 33824
76 142 33068 33069
77 142 33053 33054
78 142 33620 33621
79 142 36345 36346
80 142 33379 33380
81 142 34036 34037
82 142 36163 36164
83 142 34803 34804
84 142 34008 34009
85 142 32549 32550
86 142 32154 32155
87 142 33601 33602
88 142 35158 35159
89 142 33909 33910
90 142 33825 33826
91 142 36110 36111
92 142 30792 30793
93 142 33554 33555
94 142 33952 33953
95 142 36972 36972
96 142 31640 31641
97 142 37224 37225
98 142 38727 38728
99 142 35318 35318
100 142 32286 32287
101 142 32938 32939
102 142 32319 32320
103 142 36846 36847
104 142 31226 31227
105 142 34240 34241
106 142 35950 35951
107 142 28812 28813
108 142 32850 32850
109 142 31370 31371
110 142 27939 27940
111 142 36751 36752
112 142 32620 32621
113 142 32976 32977
114 142 35746 35747
115 142 37253 37254
116 142 33084 33085
117 142 34431 34432
118 142 35912 35913
119 142 34558 34559
120 142 36027 36028
121 142 33476 33477
122 142 33891 33892
123 142 32049 32050
124 142 37458 37459
125 142 33377 33378
126 142 35045 35046
127 142 36867 36868
128 142 31726 31727
129 142 34847 34848
130 142 34390 34391
131 142 34293 34294
132 142 34830 34831
133 142 35211 35212
134 142 33134 33135
135 142 37810 37811
136 142 32540 32541
137 142 39873 39874
138 142 32441 32442
139 142 39108 39109
82 1599 81 82
81 1 17843 17844
81 2 20343 20344
81 3 19760 19761
81 4 20773 20774
81 5 18711 18712
81 6 19083 19084
81 7 19214 19215
81 8 18799 18800
81 9 21908 21909
81 10 19697 19698
81 11 19825 19826
81 12 18853 18853
81 13 20067 20068
81 14 20581 20582
81 15 21360 21361
81 16 17895 17896
81 17 18212 18213
81 18 21532 21533
81 19 18046 18047
81 20 20560 20561
81 21 19267 19267
81 22 20581 20582
81 23 17632 17632
81 24 18155 18156
81 25 18473 18474
81 26 17481 17482
81 27 18243 18244
81 28 17900 17901
81 29 17370 17371
81 30 18326 18327
81 31 19728 19729
81 32 17251 17252
81 33 19382 19382
81 34 20024 20025
81 35 20307 20308
81 36 16253 16254
81 37 18590 18591
81 38 20146 20147
81 39 18716 18717
1 41 561 562
1 42 374 375
1 43 231 232
1 44 80 80
1 45 748 749
1 46 288 289
1 47 466 467
1 48 241 242
1 49 804 805
1 50 14 15
1 51 700 701
1 52 674 675
1 53 747 748
1 54 42 43
1 55 80 81
1 56 6 7
1 57 972 972
1 58 547 548
1 59 925 926
1 60 92 93
1 61 66 67
1 62 139 140
1 63 382 383
1 64 714 714
1 65 17 18
1 66 719 720
1 67 508 509
1 68 896 897
1 69 379 380
1 70 818 819
1 71 575 576
1 72 329 330
1 73 285 286
1 74 643 644
1 75 425 426
1 76 813 814
1 77 263 264
1 78 443 443
1 79 819 820
2 41 409 410
2 42 607 608
2 43 216 217
2 44 589 590
2 45 302 303
2 46 294 295
2 47 964 965
2 48 187 188
2 49 678 679
2 50 634 635
2 51 590 591
2 52 947 948
2 53 946 947
2 54 450 451
2 55 880 881
2 56 136 137
2 57 879 880
2 58 694 695
2 59 895 896
2 60 105 106
2 61 252 252
2 62 204 205
2 63 471 472
2 64 530 531
2 65 878 879
2 66 124 125
2 67 941 942
2 68 594 595
2 69 508 509
2 70 549 550
2 71 290 290
2 72 44 45
2 73 987 988
2 74 365 366
2 75 7 7
2 76 335 336
2 77 651 652
2 78 397 398
2 79 795 796
3 41 182 183
3 42 832 833
3 43 594 595
3 44 710 711
3 45 592 593
3 46 290 291
3 47 910 911
3 48 442 443
3 49 144 145
3 50 909 909
3 51 981 982
3 52 565 566
3 53 678 679
3 54 178 179
3 55 361 362
3 56 785 786
3 57 997 998
3 58 220 221
3 59 390 391
3 60 612 613
3 61 747 748
3 62 164 165
3 63 926 927
3 64 32 33
3 65 388 389
3 66 597 598
3 67 870 871
3 68 211 212
3 69 655 655
3 70 129 130
3 71 87 87
3 72 216 217
3 73 255 256
3 74 34 35
3 75 590 591
3 76 980 981
3 77 524 525
3 78 778 779
3 79 189 190
4 41 218 219
4 42 80 81
4 43 316 317
4 44 864 865
4 45 48 49
4 46 906 907
4 47 808 809
4 48 304 305
4 49 96 97
4 50 822 822
4 51 579 580
4 52 780 781
4 53 152 152
4 54 507 508
4 55 629 629
4 56 563 564
4 57 786 787
4 58 179 180
4 59 409 410
4 60 531 532
4 61 804 805
4 62 655 656
4 63 832 832
4 64 12 13
4 65 825 826
4 66 985 986
4 67 471 471
4 68 278 279
4 69 319 319
4 70 95 96
4 71 452 453
4 72 647 648
4 73 751 751
4 74 999 1000
4 75 765 766
4 76 942 943
4 77 440 441
4 78 781 782
4 79 129 130
5 41 643 644
5 42 196 197
5 43 311 312
5 44 332 333
5 45 372 372
5 46 905 906
5 47 346 347
5 48 367 367
5 49 778 778
5 50 753 754
5 51 434 435
5 52 46 47
5 53 138 139
5 54 75 76
5 55 286 287
5 56 937 938
5 57 669 670
5 58 768 769
5 59 329 330
5 60 172 173
5 61 392 393
5 62 495 496
5 63 434 435
5 64 735 736
5 65 796 796
5 66 433 433
5 67 805 806
5 68 766 767
5 69 431 432
5 70 525 526
5 71 752 752
5 72 810 811
5 73 66 67
5 74 190 191
5 75 847 848
5 76 238 239
5 77 97 98
5 78 368 369
5 79 656 657
6 41 995 996
6 42 741 742
6 43 54 55
6 44 480 481
6 45 213 213
6 46 101 102
6 47 767 767
6 48 652 653
6 49 307 308
6 50 241 242
6 51 876 877
6 52 97 98
6 53 859 860
6 54 54 55
6 55 964 965
6 56 660 661
6 57 899 900
6 58 461 462
6 59 809 810
6 60 786 787
6 61 985 986
6 62 932 933
6 63 704 705
6 64 578 579
6 65 69 69
6 66 411 412
6 67 100 101
6 68 430 431
6 69 137 138
6 70 32 33
6 71 420 421
6 72 446 447
6 73 744 744
6 74 4 5
6 75 120 121
6 76 333 334
6 77 228 229
6 78 443 444
6 79 936 937
7 41 474 475
7 42 582 583
7 43 224 225
7 44 830 831
7 45 15 16
7 46 794 794
7 47 303 304
7 48 263 264
7 49 902 903
7 50 369 370
7 51 921 922
7 52 38 39
7 53 615 616
7 54 165 166
7 55 659 660
7 56 224 225
7 57 403 404
7 58 576 577
7 59 368 369
7 60 265 266
7 61 445 446
7 62 790 791
7 63 106 107
7 64 21 22
7 65 803 804
7 66 462 463
7 67 733 734
7 68 840 841
7 69 553 554
7 70 565 566
7 71 341 342
7 72 791 792
7 73 318 319
7 74 627 628
7 75 266 267
7 76 229 230
7 77 894 895
7 78 700 701
7 79 723 724
8 41 79 80
8 42 510 511
8 43 952 953
8 44 0 1
8 45 664 665
8 46 115 115
8 47 507 508
8 48 983 984
8 49 253 254
8 50 523 524
8 51 85 86
8 52 312 313
8 53 474 474
8 54 426 427
8 55 572 573
8 56 400 401
8 57 284 285
8 58 271 272
8 59 613 614
8 60 250 251
8 61 644 644
8 62 157 158
8 63 79 80
8 64 817 817
8 65 923 924
8 66 674 675
8 67 616 617
8 68 400 401
8 69 216 217
8 70 691 692
8 71 838 839
8 72 122 123
8 73 180 180
8 74 918 919
8 75 536 537
8 76 978 979
8 77 311 312
8 78 422 423
8 79 986 987
9 41 349 350
9 42 40 41
9 43 315 316
9 44 964 965
9 45 163 163
9 46 832 833
9 47 223 224
9 48 707 708
9 49 609 610
9 50 703 704
9 51 938 939
9 52 582 582
9 53 954 955
9 54 654 655
9 55 239 240
9 56 706 707
9 57 49 50
9 58 540 541
9 59 877 878
9 60 647 648
9 61 505 506
9 62 626 627
9 63 216 217
9 64 930 931
9 65 85 86
9 66 254 255
9 67 405 406
9 68 929 930
9 69 448 449
9 70 291 292
9 71 593 594
9 72 33 33
9 73 894 895
9 74 751 752
9 75 842 843
9 76 731 732
9 77 529 530
9 78 828 829
9 79 908 909
10 41 339 339
10 42 278 279
10 43 392 392
10 44 813 814
10 45 64 65
10 46 933 933
10 47 837 838
10 48 50 51
10 49 303 304
10 50 60 61
10 51 698 699
10 52 880 881
10 53 128 129
10 54 613 614
10 55 136 137
10 56 427 428
10 57 775 776
10 58 883 884
10 59 606 606
10 60 939 940
10 61 787 788
10 62 153 154
10 63 765 766
10 64 298 299
10 65 163 164
10 66 299 300
10 67 100 101
10 68 480 481
10 69 524 525
10 70 99 100
10 71 637 638
10 72 559 560
10 73 924 924
10 74 869 870
10 75 78 79
10 76 751 752
10 77 675 676
10 78 587 588
10 79 778 779
11 41 915 915
11 42 805 806
11 43 27 28
11 44 374 375
11 45 786 787
11 46 921 922
11 47 372 373
11 48 580 581
11 49 671 672
11 50 789 790
11 51 172 173
11 52 155 156
11 53 569 570
11 54 151 152
11 55 453 454
11 56 740 741
11 57 827 827
11 58 269 270
11 59 699 700
11 60 790 791
11 61 293 294
11 62 862 862
11 63 480 481
11 64 212 213
11 65 482 483
11 66 375 376
11 67 464 465
11 68 874 875
11 69 528 529
11 70 648 649
11 71 237 238
11 72 443 444
11 73 83 84
11 74 836 837
11 75 740 741
11 76 622 622
11 77 83 83
11 78 436 437
11 79 46 46
12 41 637 637
12 42 601 602
12 43 540 541
12 44 921 922
12 45 205 206
12 46 958 959
12 47 444 445
12 48 860 861
12 49 376 377
12 50 851 852
12 51 633 634
12 52 310 311
12 53 302 303
12 54 890 891
12 55 346 347
12 56 360 361
12 57 191 192
12 58 292 293
12 59 147 148
12 60 222 223
12 61 275 276
12 62 769 770
12 63 597 598
12 64 282 282
12 65 954 955
12 66 419 420
12 67 332 333
12 68 73 74
12 69 420 421
12 70 571 572
12 71 536 537
12 72 516 517
12 73 371 372
12 74 99 100
12 75 445 446
12 76 16 17
12 77 908 909
12 78 458 459
12 79 707 708
13 41 967 968
13 42 986 987
13 43 659 660
13 44 150 151
13 45 965 966
13 46 34 35
13 47 566 567
13 48 262 263
13 49 579 580
13 50 600 601
13 51 757 758
13 52 384 385
13 53 223 224
13 54 625 626
13 55 176 177
13 56 220 221
13 57 810 811
13 58 742 743
13 59 634 635
13 60 382 382
13 61 353 354
13 62 592 593
13 63 738 739
13 64 629 630
13 65 349 350
13 66 230 231
13 67 819 820
13 68 71 72
13 69 731 732
13 70 337 338
13 71 965 966
13 72 594 595
13 73 517 518
13 74 192 193
13 75 690 691
13 76 868 869
13 77 647 648
13 78 4 5
13 79 1 1
14 41 980 981
14 42 594 595
14 43 542 543
14 44 262 263
14 45 79 80
14 46 932 932
14 47 420 420
14 48 679 680
14 49 132 133
14 50 222 223
14 51 696 697
14 52 593 594
14 53 225 225
14 54 989 990
14 55 344 345
14 56 921 922
14 57 44 45
14 58 890 890
14 59 511 511
14 60 876 877
14 61 834 835
14 62 186 187
14 63 410 411
14 64 63 64
14 65 915 916
14 66 870 871
14 67 308 309
14 68 231 232
14 69 147 148
14 70 724 725
14 71 611 611
14 72 187 188
14 73 787 788
14 74 244 245
14 75 273 274
14 76 341 342
14 77 839 840
14 78 892 893
14 79 772 773
15 41 981 981
15 42 334 335
15 43 837 838
15 44 14 15
15 45 542 543
15 46 413 414
15 47 235 236
15 48 502 503
15 49 839 840
15 50 491 492
15 51 705 705
15 52 661 662
15 53 691 692
15 54 70 71
15 55 883 884
15 56 665 666
15 57 185 186
15 58 325 326
15 59 770 771
15 60 726 727
15 61 421 421
15 62 804 805
15 63 644 645
15 64 872 873
15 65 805 806
15 66 284 285
15 67 985 986
15 68 666 667
15 69 612 613
15 70 656 656
15 71 799 800
15 72 410 411
15 73 243 244
15 74 136 137
15 75 823 824
15 76 282 283
15 77 579 579
15 78 418 418
15 79 37 38
16 41 273 274
16 42 596 596
16 43 532 533
16 44 140 141
16 45 744 745
16 46 610 611
16 47 196 197
16 48 712 713
16 49 790 791
16 50 378 379
16 51 96 97
16 52 346 347
16 53 220 221
16 54 849 850
16 55 198 199
16 56 7 8
16 57 417 418
16 58 614 615
16 59 989 990
16 60 658 659
16 61 976 977
16 62 75 76
16 63 906 907
16 64 965 966
16 65 213 213
16 66 167 168
16 67 308 309
16 68 732 733
16 69 235 236
16 70 183 184
16 71 96 97
16 72 650 651
16 73 481 482
16 74 377 378
16 75 879 880
16 76 762 763
16 77 441 442
16 78 55 56
16 79 11 12
17 41 408 409
17 42 319 320
17 43 842 843
17 44 421 422
17 45 573 574
17 46 952 953
17 47 421 422
17 48 145 145
17 49 798 799
17 50 32 32
17 51 526 527
17 52 40 40
17 53 949 950
17 54 843 844
17 55 648 648
17 56 581 582
17 57 623 624
17 58 141 142
17 59 915 916
17 60 162 163
17 61 732 733
17 62 458 459
17 63 218 219
17 64 152 153
17 65 19 20
17 66 335 335
17 67 52 53
17 68 90 91
17 69 451 452
17 70 582 583
17 71 373 374
17 72 699 700
17 73 627 627
17 74 174 175
17 75 626 627
17 76 571 572
17 77 579 580
17 78 465 466
17 79 656 657
18 41 6 7
18 42 616 617
18 43 348 349
18 44 69 70
18 45 956 957
18 46 468 469
18 47 987 988
18 48 101 102
18 49 290 291
18 50 780 781
18 51 75 76
18 52 726 726
18 53 464 464
18 54 912 913
18 55 685 686
18 56 397 398
18 57 905 906
18 58 166 166
18 59 426 427
18 60 575 576
18 61 111 112
18 62 472 473
18 63 849 850
18 64 521 522
18 65 828 829
18 66 873 874
18 67 658 659
18 68 161 161
18 69 738 739
18 70 572 573
18 71 919 920
18 72 994 994
18 73 827 828
18 74 445 446
18 75 614 615
18 76 156 157
18 77 106 107
18 78 902 903
18 79 817 818
19 41 281 281
19 42 560 561
19 43 668 669
19 44 973 974
19 45 457 457
19 46 64 65
19 47 903 904
19 48 734 735
19 49 351 352
19 50 828 829
19 51 733 734
19 52 426 427
19 53 282 283
19 54 269 270
19 55 472 473
19 56 537 538
19 57 77 78
19 58 815 815
19 59 499 500
19 60 460 461
19 61 263 264
19 62 426 427
19 63 449 450
19 64 91 92
19 65 491 492
19 66 506 507
19 67 350 351
19 68 765 766
19 69 545 546
19 70 8 9
19 71 92 92
19 72 819 820
19 73 724 725
19 74 464 465
19 75 367 368
19 76 485 486
19 77 115 116
19 78 657 658
19 79 25 26
20 41 108 109
20 42 792 793
20 43 775 776
20 44 47 48
20 45 695 696
20 46 659 660
20 47 508 509
20 48 715 716
20 49 631 632
20 50 463 464
20 51 459 460
20 52 776 777
20 53 114 115
20 54 132 133
20 55 827 828
20 56 953 954
20 57 139 140
20 58 52 53
20 59 323 324
20 60 850 851
20 61 512 513
20 62 919 920
20 63 800 801
20 64 260 261
20 65 867 868
20 66 583 584
20 67 528 528
20 68 270 271
20 69 570 571
20 70 323 324
20 71 627 628
20 72 983 984
20 73 392 393
20 74 352 353
20 75 684 685
20 76 749 750
20 77 673 674
20 78 276 277
20 79 156 157
21 41 617 618
21 42 889 890
21 43 26 27
21 44 712 713
21 45 592 593
21 46 542 543
21 47 817 818
21 48 982 983
21 49 908 909
21 50 73 74
21 51 964 965
21 52 172 173
21 53 241 242
21 54 562 563
21 55 35 36
21 56 233 234
21 57 712 713
21 58 217 218
21 59 88 89
21 60 362 363
21 61 992 993
21 62 109 110
21 63 92 93
21 64 438 439
21 65 24 25
21 66 552 553
21 67 744 745
21 68 410 410
21 69 862 863
21 70 953 953
21 71 852 853
21 72 158 159
21 73 442 443
21 74 297 298
21 75 955 956
21 76 374 375
21 77 452 453
21 78 47 48
21 79 748 749
22 41 546 547
22 42 594 595
22 43 589 590
22 44 899 900
22 45 567 568
22 46 811 812
22 47 624 625
22 48 38 39
22 49 675 676
22 50 671 672
22 51 507 508
22 52 161 161
22 53 189 190
22 54 461 462
22 55 61 62
22 56 507 508
22 57 939 940
22 58 620 621
22 59 174 174
22 60 62 63
22 61 889 890
22 62 561 562
22 63 974 975
22 64 491 491
22 65 73 74
22 66 71 72
22 67 151 152
22 68 596 597
22 69 862 863
22 70 474 475
22 71 549 550
22 72 743 744
22 73 560 561
22 74 372 373
22 75 693 694
22 76 914 915
22 77 171 172
22 78 857 858
22 79 868 869
23 41 993 994
23 42 183 184
23 43 978 979
23 44 459 460
23 45 34 35
23 46 921 922
23 47 221 222
23 48 306 307
23 49 114 115
23 50 129 130
23 51 323 324
23 52 993 994
23 53 557 558
23 54 746 747
23 55 641 642
23 56 328 328
23 57 913 914
23 58 613 614
23 59 535 536
23 60 129 130
23 61 371 372
23 62 743 744
23 63 164 165
23 64 353 354
23 65 466 467
23 66 446 447
23 67 217 218
23 68 315 315
23 69 679 680
23 70 264 265
23 71 361 362
23 72 309 310
23 73 507 508
23 74 588 589
23 75 88 89
23 76 480 481
23 77 625 626
23 78 15 16
23 79 505 506
24 41 572 573
24 42 0 1
24 43 88 89
24 44 533 534
24 45 594 595
24 46 90 91
24 47 916 917
24 48 739 739
24 49 456 457
24 50 687 688
24 51 339 340
24 52 251 252
24 53 297 298
24 54 395 396
24 55 201 202
24 56 178 179
24 57 610 610
24 58 499 500
24 59 478 479
24 60 489 490
24 61 462 463
24 62 484 485
24 63 742 743
24 64 693 694
24 65 347 348
24 66 645 646
24 67 178 179
24 68 841 842
24 69 58 59
24 70 168 168
24 71 613 614
24 72 855 856
24 73 739 740
24 74 173 174
24 75 816 817
24 76 803 804
24 77 711 712
24 78 142 143
24 79 255 256
25 41 417 418
25 42 717 718
25 43 532 533
25 44 962 963
25 45 945 946
25 46 870 871
25 47 321 322
25 48 804 805
25 49 482 483
25 50 392 393
25 51 276 276
25 52 847 848
25 53 700 701
25 54 62 63
25 55 232 233
25 56 118 119
25 57 69 70
25 58 230 231
25 59 317 318
25 60 89 90
25 61 925 925
25 62 66 67
25 63 582 583
25 64 941 942
25 65 969 969
25 66 0 1
25 67 257 258
25 68 394 395
25 69 836 837
25 70 930 931
25 71 810 810
25 72 467 468
25 73 81 82
25 74 15 16
25 75 320 320
25 76 42 42
25 77 803 804
25 78 376 377
25 79 263 264
26 41 201 202
26 42 734 735
26 43 387 388
26 44 612 613
26 45 825 826
26 46 443 444
26 47 892 893
26 48 748 749
26 49 287 288
26 50 87 88
26 51 359 360
26 52 517 518
26 53 74 75
26 54 180 181
26 55 759 760
26 56 99 100
26 57 607 608
26 58 927 928
26 59 770 771
26 60 493 494
26 61 53 54
26 62 416 417
26 63 218 219
26 64 573 574
26 65 873 873
26 66 758 759
26 67 478 479
26 68 236 237
26 69 523 524
26 70 88 89
26 71 31 32
26 72 411 412
26 73 727 728
26 74 437 438
26 75 596 597
26 76 171 172
26 77 69 70
26 78 461 462
26 79 342 343
27 41 167 168
27 42 297 298
27 43 965 966
27 44 517 518
27 45 156 157
27 46 268 269
27 47 831 832
27 48 9 10
27 49 872 873
27 50 137 137
27 51 655 656
27 52 241 242
27 53 272 273
27 54 409 410
27 55 480 481
27 56 160 161
27 57 296 297
27 58 712 713
27 59 621 622
27 60 779 780
27 61 615 616
27 62 733 734
27 63 680 681
27 64 132 133
27 65 576 577
27 66 798 799
27 67 711 712
27 68 474 475
27 69 770 771
27 70 154 155
27 71 882 883
27 72 726 727
27 73 313 314
27 74 45 46
27 75 70 71
27 76 568 569
27 77 531 532
27 78 423 424
27 79 181 182
28 41 72 73
28 42 435 436
28 43 141 142
28 44 467 468
28 45 294 295
28 46 66 67
28 47 694 695
28 48 578 579
28 49 258 259
28 50 457 457
28 51 304 304
28 52 696 697
28 53 276 277
28 54 713 714
28 55 617 618
28 56 612 613
28 57 126 127
28 58 483 484
28 59 214 215
28 60 60 61
28 61 325 326
28 62 608 609
28 63 968 969
28 64 450 451
28 65 436 437
28 66 90 91
28 67 41 42
28 68 850 851
28 69 296 297
28 70 552 553
28 71 675 676
28 72 222 223
28 73 821 822
28 74 638 639
28 75 610 610
28 76 826 827
28 77 655 655
28 78 267 268
28 79 989 990
29 41 880 881
29 42 330 331
29 43 922 923
29 44 121 122
29 45 390 390
29 46 643 643
29 47 330 331
29 48 502 503
29 49 531 532
29 50 845 846
29 51 174 175
29 52 928 929
29 53 373 373
29 54 301 302
29 55 733 734
29 56 551 552
29 57 758 759
29 58 246 247
29 59 554 555
29 60 951 952
29 61 674 675
29 62 334 335
29 63 213 214
29 64 545 546
29 65 26 26
29 66 279 280
29 67 17 17
29 68 384 385
29 69 45 46
29 70 438 438
29 71 116 117
29 72 293 294
29 73 938 939
29 74 111 111
29 75 170 171
29 76 252 253
29 77 263 264
29 78 240 241
29 79 954 955
30 41 332 333
30 42 701 702
30 43 433 434
30 44 143 144
30 45 739 740
30 46 153 154
30 47 707 708
30 48 345 346
30 49 95 96
30 50 548 549
30 51 318 319
30 52 610 611
30 53 286 287
30 54 756 757
30 55 697 698
30 56 193 194
30 57 168 169
30 58 282 283
30 59 550 551
30 60 954 955
30 61 760 761
30 62 50 50
30 63 907 908
30 64 236 237
30 65 686 687
30 66 454 455
30 67 186 187
30 68 297 298
30 69 399 400
30 70 955 956
30 71 737 738
30 72 690 691
30 73 668 668
30 74 770 771
30 75 491 492
30 76 433 434
30 77 63 64
30 78 288 289
30 79 230 231
31 41 724 725
31 42 105 106
31 43 719 720
31 44 195 196
31 45 313 314
31 46 711 712
31 47 698 699
31 48 553 554
31 49 21 22
31 50 528 529
31 51 597 598
31 52 122 123
31 53 451 452
31 54 808 809
31 55 923 924
31 56 868 869
31 57 867 868
31 58 169 170
31 59 446 447
31 60 289 289
31 61 552 553
31 62 653 654
31 63 259 260
31 64 496 497
31 65 721 722
31 66 988 989
31 67 3 4
31 68 698 699
31 69 1 2
31 70 468 468
31 71 515 516
31 72 406 407
31 73 71 72
31 74 772 772
31 75 708 709
31 76 37 38
31 77 567 568
31 78 969 970
31 79 716 717
32 41 382 383
32 42 607 608
32 43 297 298
32 44 427 428
32 45 403 404
32 46 427 428
32 47 290 291
32 48 359 360
32 49 355 355
32 50 401 401
32 51 588 588
32 52 849 850
32 53 238 239
32 54 30 31
32 55 483 484
32 56 350 351
32 57 956 957
32 58 151 152
32 59 318 319
32 60 814 815
32 61 118 119
32 62 193 194
32 63 371 372
32 64 488 488
32 65 155 156
32 66 969 970
32 67 369 370
32 68 413 414
32 69 621 622
32 70 196 197
32 71 259 260
32 72 176 176
32 73 353 354
32 74 945 946
32 75 460 460
32 76 844 845
32 77 882 883
32 78 114 115
32 79 582 583
33 41 670 671
33 42 943 944
33 43 311 311
33 44 177 178
33 45 983 983
33 46 536 537
33 47 211 212
33 48 210 211
33 49 484 485
33 50 941 942
33 51 701 702
33 52 138 139
33 53 701 702
33 54 200 201
33 55 431 432
33 56 107 108
33 57 945 946
33 58 782 783
33 59 315 316
33 60 86 87
33 61 576 577
33 62 337 338
33 63 337 338
33 64 560 561
33 65 296 297
33 66 481 482
33 67 482 482
33 68 384 385
33 69 73 73
33 70 198 199
33 71 665 666
33 72 674 675
33 73 553 554
33 74 896 897
33 75 988 989
33 76 15 16
33 77 249 250
33 78 768 769
33 79 959 960
34 41 307 308
34 42 605 606
34 43 428 429
34 44 705 706
34 45 6 7
34 46 848 849
34 47 470 471
34 48 294 295
34 49 92 93
34 50 773 774
34 51 973 973
34 52 691 692
34 53 429 430
34 54 792 793
34 55 499 500
34 56 45 46
34 57 301 302
34 58 675 676
34 59 398 399
34 60 210 211
34 61 125 126
34 62 185 186
34 63 72 73
34 64 846 847
34 65 944 945
34 66 319 320
34 67 326 326
34 68 672 673
34 69 103 104
34 70 733 734
34 71 132 133
34 72 987 988
34 73 629 630
34 74 738 739
34 75 472 472
34 76 653 654
34 77 636 637
34 78 981 981
34 79 914 915
35 41 507 508
35 42 126 127
35 43 709 710
35 44 499 500
35 45 531 532
35 46 589 590
35 47 570 571
35 48 731 732
35 49 760 761
35 50 996 996
35 51 529 530
35 52 120 121
35 53 810 811
35 54 283 284
35 55 636 637
35 56 142 143
35 57 43 43
35 58 615 616
35 59 664 665
35 60 194 194
35 61 988 989
35 62 287 288
35 63 837 838
35 64 750 751
35 65 694 695
35 66 113 114
35 67 522 523
35 68 281 281
35 69 345 346
35 70 819 820
35 71 518 519
35 72 827 828
35 73 880 881
35 74 394 395
35 75 176 177
35 76 45 46
35 77 882 883
35 78 606 607
35 79 272 273
36 41 343 343
36 42 3 4
36 43 540 541
36 44 459 460
36 45 48 49
36 46 41 42
36 47 611 612
36 48 499 500
36 49 434 435
36 50 256 257
36 51 63 64
36 52 668 668
36 53 611 611
36 54 174 175
36 55 33 34
36 56 113 113
36 57 589 590
36 58 24 25
36 59 845 846
36 60 285 286
36 61 447 448
36 62 35 36
36 63 35 36
36 64 722 723
36 65 890 891
36 66 603 604
36 67 463 464
36 68 374 375
36 69 916 916
36 70 944 945
36 71 137 138
36 72 872 873
36 73 497 498
36 74 444 445
36 75 213 214
36 76 448 449
36 77 197 198
36 78 583 583
36 79 780 780
37 41 764 765
37 42 283 284
37 43 403 404
37 44 281 281
37 45 260 261
37 46 841 842
37 47 624 625
37 48 724 725
37 49 495 496
37 50 234 235
37 51 841 842
37 52 67 68
37 53 899 900
37 54 410 411
37 55 293 294
37 56 844 845
37 57 9 10
37 58 166 167
37 59 23 24
37 60 749 750
37 61 727 728
37 62 33 33
37 63 766 767
37 64 221 222
37 65 732 733
37 66 200 201
37 67 141 142
37 68 911 912
37 69 96 96
37 70 199 200
37 71 196 197
37 72 774 775
37 73 505 506
37 74 481 482
37 75 950 951
37 76 643 644
37 77 751 752
37 78 229 230
37 79 809 810
38 41 57 58
38 42 537 538
38 43 651 652
38 44 625 626
38 45 330 331
38 46 693 694
38 47 531 531
38 48 606 607
38 49 423 423
38 50 876 876
38 51 870 871
38 52 561 562
38 53 52 52
38 54 971 972
38 55 931 932
38 56 547 547
38 57 282 283
38 58 132 133
38 59 612 613
38 60 997 998
38 61 683 684
38 62 619 620
38 63 838 838
38 64 25 26
38 65 961 962
38 66 177 177
38 67 133 134
38 68 584 585
38 69 143 144
38 70 837 838
38 71 269 270
38 72 122 123
38 73 415 416
38 74 174 175
38 75 962 963
38 76 9 10
38 77 874 875
38 78 538 539
38 79 481 482
39 41 542 543
39 42 867 867
39 43 970 971
39 44 533 534
39 45 331 332
39 46 93 94
39 47 763 764
39 48 299 300
39 49 335 336
39 50 592 593
39 51 894 895
39 52 277 278
39 53 69 70
39 54 888 889
39 55 617 618
39 56 979 980
39 57 365 366
39 58 398 399
39 59 85 86
39 60 494 495
39 61 537 538
39 62 389 390
39 63 366 367
39 64 539 540
39 65 569 570
39 66 493 494
39 67 190 191
39 68 598 599
39 69 704 705
39 70 20 21
39 71 994 995
39 72 84 85
39 73 821 822
39 74 120 121
39 75 91 92
39 76 368 369
39 77 755 756
39 78 367 368
39 79 302 303
41 82 18914 18915
42 82 19417 19418
43 82 19481 19481
44 82 18376 18377
45 82 17539 17540
46 82 21070 21071
47 82 22322 22323
48 82 18829 18830
49 82 18425 18426
50 82 20101 20101
51 82 21946 21947
52 82 18262 18263
53 82 17270 17271
54 82 18054 18055
55 82 19155 19156
56 82 17215 17216
57 82 20503 20504
58 82 17404 17405
59 82 20161 20162
60 82 18602 18603
61 82 21233 21234
62 82 16734 16735
63 82 20443 20444
64 82 18228 18229
65 82 21325 21326
66 82 18055 18056
67 82 15976 15977
68 82 19488 19489
69 82 17497 17498
70 82 17806 17807
71 82 19568 19569
72 82 20105 20106
73 82 20992 20993
74 82 17147 17148
75 82 20463 20464
76 82 19126 19127
77 82 19738 19739
78 82 18600 18601
79 82 21317 21318
22 99 21 22
21 1 4732 4732
21 2 4745 4745
21 3 3502 3503
21 4 4020 4021
21 5 4509 4510
21 6 4113 4114
21 7 4574 4575
21 8 3847 3848
21 9 4550 4551
1 11 189 190
1 12 475 476
1 13 17 18
1 14 708 709
1 15 971 972
1 16 149 150
1 17 770 771
1 18 471 472
1 19 977 978
2 11 688 688
2 12 52 53
2 13 920 921
2 14 408 409
2 15 700 701
2 16 762 763
2 17 346 347
2 18 699 700
2 19 166 167
3 11 946 947
3 12 372 373
3 13 306 307
3 14 208 209
3 15 45 46
3 16 427 428
3 17 433 434
3 18 422 423
3 19 339 340
4 11 388 389
4 12 170 170
4 13 75 76
4 14 541 542
4 15 411 412
4 16 943 944
4 17 770 771
4 18 345 346
4 19 375 376
5 11 617 618
5 12 389 390
5 13 538 539
5 14 594 595
5 15 300 301
5 16 25 26
5 17 877 878
5 18 926 926
5 19 240 241
6 11 184 185
6 12 93 94
6 13 971 972
6 14 753 754
6 15 534 535
6 16 584 585
6 17 842 842
6 18 8 9
6 19 141 142
7 11 56 56
7 12 326 327
7 13 985 986
7 14 802 803
7 15 803 804
7 16 301 302
7 17 451 451
7 18 77 78
7 19 771 772
8 11 868 869
8 12 810 811
8 13 516 517
8 14 30 31
8 15 184 185
8 16 200 201
8 17 112 113
8 18 567 568
8 19 557 558
9 11 904 904
9 12 254 254
9 13 180 181
9 14 171 172
9 15 642 643
9 16 536 537
9 17 158 159
9 18 900 900
9 19 802 803
11 22 4843 4844
12 22 2945 2945
13 22 4511 4512
14 22 4220 4221
15 22 4592 4593
16 22 3931 3932
17 22 4762 4763
18 22 4417 4418
19 22 4372 4373
10 15 9 10
9 1 16 18
9 2 12 13
9 3 11 12
1 5 3 4
1 6 6 7
1 7 9 10
2 5 8 9
2 6 2 3
2 7 1 2
3 5 3 4
3 6 1 2
3 7 6 7
5 10 16 16
6 10 10 10
7 10 14 15
10 15 9 10
9 1 16 18
9 2 12 13
9 3 11 12
1 5 3 4
1 6 6 7
1 7 9 10
2 5 8 9
2 6 2 3
2 7 0 1
3 5 3 4
3 6 1 2
3 7 6 7
5 10 16 16
6 10 10 11
7 10 14 15
