5 132 330 396 198 132 
3 44 132 176 
5 94 376 188 282 47 
3 328 82 123 
3 658 752 94 
3 462 693 539 
5 280 105 175 175 140 
2 264 704 
2 540 360 
3 156 156 468 
2 184 414 
3 12 27 18 
3 470 846 470 
4 156 416 260 156 
2 203 116 
5 72 360 216 360 504 
2 564 282 
2 350 70 
6 520 390 455 260 130 585 
6 105 210 245 105 70 315 
6 36 48 18 6 42 30 
2 468 468 
2 93 651 
3 78 78 546 
6 476 612 204 612 272 272 
2 144 288 
3 89 801 178 
5 186 93 837 186 744 
6 455 455 520 260 130 390 
6 45 60 120 75 120 90 
3 378 42 210 
2 29 232 
4 324 324 108 216 
3 8 8 8 
6 672 504 504 420 252 672 
3 651 93 186 
2 504 252 
5 315 378 63 63 378 
