4 73 584 73 292 
2 20 20 
6 188 47 329 376 329 235 
4 475 380 855 95 
2 584 584 
6 198 594 792 495 198 198 
4 156 546 78 156 
2 18 27 
4 410 656 656 574 
2 133 152 
4 50 175 75 25 
3 99 99 66 
4 243 729 486 486 
4 686 392 490 588 
4 736 92 460 828 
6 235 47 188 47 423 235 
4 96 12 84 12 
5 48 384 240 288 384 
6 91 364 364 637 728 273 
2 140 224 
5 189 126 189 147 105 
6 464 116 58 290 58 348 
4 93 217 186 62 
5 21 168 63 189 63 
3 603 134 335 
3 34 34 51 
2 246 738 
6 75 600 300 75 150 150 
4 106 53 371 371 
2 396 462 
5 340 68 476 408 544 
4 249 166 581 581 
6 24 24 32 64 40 24 
5 126 189 63 567 504 
6 174 58 116 116 290 464 
3 56 21 35 
6 296 444 74 370 148 592 
3 196 28 196 
