5 776 194 582 679 388 
6 540 720 630 540 180 720 
4 486 324 108 162 
5 18 18 2 6 8 
6 10 4 6 4 10 2 
4 6 24 18 27 
3 255 408 153 
6 6 8 18 18 2 12 
3 434 496 124 
4 150 150 60 30 
6 427 366 61 305 183 122 
2 250 100 
5 92 322 138 92 184 
6 88 44 22 88 110 66 
6 738 574 410 574 656 492 
3 171 456 285 
6 94 423 329 376 235 282 
4 66 88 33 11 
6 480 768 96 768 576 864 
5 168 672 84 336 588 
2 210 70 
6 144 144 144 336 432 432 
5 27 27 12 9 27 
4 355 639 142 213 
5 470 564 376 470 188 
2 396 528 
6 208 234 208 78 234 208 
3 552 414 69 
2 104 364 
2 207 23 
2 469 67 
2 315 245 
6 294 98 294 686 784 784 
6 63 189 126 105 63 105 
5 460 276 92 644 736 
5 774 430 172 258 516 
6 222 37 333 37 296 148 
6 216 486 162 378 486 108 
