3 702 234 390 
5 234 208 104 52 104 
5 78 182 52 78 104 
5 184 138 207 115 161 
3 108 189 216 
6 172 215 215 172 344 43 
4 220 44 176 220 
4 6 18 54 6 
5 356 534 623 267 534 
4 96 48 48 48 
2 335 603 
4 427 183 366 61 
5 132 396 198 396 132 
4 392 196 588 784 
6 63 36 27 81 81 36 
3 768 672 576 
4 837 558 558 93 
3 2 3 3 
2 213 142 
3 41 123 246 
2 126 84 
5 159 371 265 265 53 
6 41 164 205 82 369 246 
5 124 155 217 217 155 
4 20 4 32 24 
4 201 268 536 201 
5 144 16 112 32 96 
3 539 154 231 
6 295 295 236 354 531 177 
5 32 16 112 16 32 
5 186 124 248 124 558 
6 405 135 180 90 45 405 
6 150 90 270 240 120 150 
6 238 136 272 68 68 34 
3 19 57 19 
3 198 891 297 
4 376 188 188 752 
4 297 792 297 396 
