6 136 34 68 136 306 102 
2 232 232 
4 396 44 352 132 
2 738 574 
4 240 160 40 40 
6 15 105 75 60 90 90 
5 105 75 105 60 60 
3 728 819 182 
4 248 372 248 496 
2 16 96 
6 30 35 5 25 15 45 
3 24 72 32 
2 96 36 
6 36 180 36 108 72 72 
4 612 204 612 68 
3 665 95 95 
3 78 104 156 
3 696 783 348 
4 126 378 168 84 
4 13 117 13 104 
3 196 112 56 
6 24 108 60 24 96 96 
3 776 291 485 
2 15 6 
6 260 104 104 156 104 156 
2 78 78 
6 88 352 88 440 616 528 
6 322 46 184 414 322 276 
5 567 567 189 63 252 
6 72 288 144 72 216 288 
2 30 10 
2 132 264 
6 120 240 210 150 120 210 
3 170 170 510 
5 408 272 272 340 340 
4 22 88 176 198 
5 14 8 6 12 14 
4 528 792 792 352 
