4 156 312 234 546 
5 445 267 623 712 801 
6 104 312 364 468 312 364 
4 684 608 76 380 
6 42 168 168 84 42 126 
5 783 696 174 435 609 
6 20 24 16 4 32 24 
2 384 864 
6 224 96 160 96 32 256 
6 686 196 882 588 294 392 
5 18 27 45 9 45 
6 75 75 75 60 45 15 
6 147 42 126 21 21 84 
3 72 56 32 
2 93 279 
5 549 305 305 305 305 
3 462 198 132 
5 56 42 63 49 42 
5 10 90 10 50 70 
4 408 340 408 408 
4 184 138 230 92 
3 306 306 272 
6 340 408 340 204 408 272 
4 3 21 15 18 
5 424 371 159 265 318 
2 57 57 
6 30 240 150 30 120 120 
4 264 440 704 352 
6 828 92 736 552 460 828 
4 328 328 287 41 
5 220 275 220 275 385 
2 77 308 
3 350 150 450 
5 460 184 736 460 644 
2 873 485 
4 132 99 264 264 
4 312 234 546 312 
4 27 135 27 27 
