5 425 340 680 510 425 
2 333 222 
5 108 54 108 72 126 
3 156 156 234 
3 10 10 12 
5 8 4 6 4 3 
5 120 168 72 192 144 
2 27 135 
2 216 162 
4 376 564 188 376 
2 25 225 
4 585 520 585 65 
5 752 376 94 94 376 
6 122 244 488 122 549 427 
4 8 14 10 14 
6 330 110 385 495 385 165 
3 510 340 765 
5 94 376 282 188 752 
4 261 87 609 522 
5 27 162 81 108 189 
2 168 72 
6 378 378 126 294 294 378 
5 200 320 320 280 80 
3 70 35 105 
2 224 196 
3 10 30 5 
2 285 228 
6 186 279 372 651 279 372 
6 483 414 552 69 138 483 
6 45 180 360 180 270 270 
5 136 170 204 34 170 
4 259 185 148 296 
4 560 140 420 630 
2 54 18 
4 312 104 312 104 
4 819 637 455 455 
2 474 158 
4 12 36 54 6 
