4 168 168 126 21 
3 328 369 123 
6 5 8 6 1 4 6 
6 126 144 126 54 90 162 
3 136 85 102 
4 268 67 268 469 
3 212 212 477 
3 438 219 438 
4 61 122 305 61 
3 396 198 396 
4 85 765 425 255 
2 125 225 
5 60 90 60 60 240 
4 729 243 81 81 
2 75 300 
5 105 280 210 140 315 
3 150 175 200 
2 96 288 
3 371 106 265 
2 368 368 
5 476 408 136 476 204 
5 360 225 405 135 90 
3 47 329 47 
2 360 360 
4 252 144 288 108 
4 448 512 448 64 
4 440 275 165 220 
6 118 59 354 295 413 472 
3 288 216 180 
3 57 152 19 
3 665 760 475 
3 216 216 144 
3 80 100 20 
3 177 118 59 
4 776 388 485 873 
4 336 504 336 588 
5 180 360 360 360 270 
2 432 216 
