2 396 462 
4 189 147 21 147 
2 38 114 
5 432 648 288 288 432 
5 495 385 165 110 110 
6 18 42 54 30 24 36 
5 60 30 90 20 20 
3 657 511 73 
6 217 217 124 279 93 31 
4 66 297 165 297 
5 62 124 62 186 279 
2 56 56 
4 396 44 176 264 
4 204 238 170 136 
5 48 108 60 36 72 
3 318 371 212 
5 200 360 360 280 280 
6 90 90 90 90 75 120 
3 120 60 60 
4 282 282 376 658 
2 560 560 
3 765 595 595 
4 18 9 18 81 
4 54 24 18 42 
5 336 84 168 294 42 
2 747 249 
6 488 488 366 61 61 61 
6 105 135 15 90 60 15 
3 20 20 40 
3 275 275 110 
5 129 215 215 301 43 
4 27 135 54 108 
3 288 360 504 
4 265 265 159 212 
4 304 76 228 76 
2 120 120 
5 330 55 55 330 55 
5 45 60 60 75 120 
