2 368 322 
3 531 236 531 
4 37 296 148 185 
5 25 40 40 35 40 
6 48 108 84 84 36 84 
6 46 46 184 115 207 92 
2 275 440 
2 165 132 
6 70 50 60 30 80 40 
3 147 294 343 
4 24 18 9 15 
2 124 124 
6 376 188 376 282 846 94 
3 128 448 320 
2 204 544 
5 17 85 102 85 68 
3 738 410 246 
6 141 94 94 141 329 47 
6 846 846 470 376 846 564 
2 315 210 
5 26 78 26 156 52 
2 200 225 
5 630 90 360 360 720 
6 60 20 20 60 80 60 
6 141 329 282 47 376 235 
5 140 560 560 70 630 
2 95 190 
3 776 485 679 
4 129 86 172 129 
2 276 230 
4 640 320 80 80 
3 450 630 180 
6 684 304 228 228 532 532 
5 630 420 280 350 350 
5 24 8 36 20 4 
4 497 426 284 497 
5 52 13 104 78 13 
5 712 267 445 89 623 
