42 399 41 42
41 1 9196 9197 57
41 2 9219 9220 32
41 3 10808 10809 38
41 4 7314 7315 42
41 5 9861 9862 83
41 6 7839 7840 75
41 7 8334 8335 44
41 8 9466 9467 69
41 9 7014 7015 64
41 10 9885 9886 41
41 11 9037 9038 64
41 12 9468 9469 68
41 13 12121 12122 95
41 14 10466 10467 65
41 15 8978 8978 42
41 16 9225 9226 64
41 17 11443 11444 65
41 18 8436 8437 41
41 19 11524 11525 94
1 21 522 523 89
1 22 612 613 91
1 23 528 529 26
1 24 498 499 52
1 25 217 218 79
1 26 63 64 9
1 27 943 944 30
1 28 79 80 90
1 29 669 670 48
1 30 813 814 50
1 31 553 554 6
1 32 336 336 55
1 33 351 352 8
1 34 715 716 46
1 35 468 469 89
1 36 762 763 2
1 37 640 640 21
1 38 394 395 82
1 39 24 25 57
2 21 912 913 56
2 22 18 19 39
2 23 709 710 56
2 24 626 627 9
2 25 328 329 93
2 26 301 302 14
2 27 76 77 46
2 28 52 53 74
2 29 571 572 70
2 30 875 876 35
2 31 356 357 57
2 32 858 859 40
2 33 649 650 76
2 34 508 509 94
2 35 596 597 53
2 36 271 272 74
2 37 467 468 82
2 38 851 852 20
2 39 185 186 12
3 21 782 783 96
3 22 607 608 12
3 23 903 904 61
3 24 875 876 65
3 25 769 770 11
3 26 120 121 15
3 27 475 476 19
3 28 502 503 12
3 29 214 215 89
3 30 884 885 13
3 31 310 311 45
3 32 738 739 81
3 33 580 581 24
3 34 356 357 49
3 35 740 741 36
3 36 324 325 55
3 37 731 732 96
3 38 590 591 28
3 39 299 300 53
4 21 619 620 96
4 22 385 386 35
4 23 22 23 74
4 24 198 199 63
4 25 563 564 10
4 26 70 71 71
4 27 601 602 16
4 28 46 47 57
4 29 349 350 72
4 30 769 770 73
4 31 465 466 92
4 32 828 828 33
4 33 37 38 68
4 34 224 225 88
4 35 877 878 7
4 36 664 665 3
4 37 490 491 71
4 38 84 85 39
4 39 14 15 26
5 21 286 287 2
5 22 954 955 81
5 23 467 468 31
5 24 98 99 44
5 25 835 836 68
5 26 268 269 93
5 27 620 621 7
5 28 380 381 12
5 29 380 381 75
5 30 548 549 86
5 31 518 519 8
5 32 226 227 32
5 33 600 601 61
5 34 522 523 0
5 35 554 555 68
5 36 758 758 75
5 37 793 793 74
5 38 403 404 21
5 39 644 645 18
6 21 366 367 45
6 22 223 224 45
6 23 183 184 13
6 24 422 423 8
6 25 613 614 3
6 26 12 13 29
6 27 89 90 24
6 28 142 143 40
6 29 95 96 49
6 30 289 290 12
6 31 755 756 16
6 32 683 684 16
6 33 80 81 92
6 34 896 897 23
6 35 719 720 26
6 36 347 348 73
6 37 326 327 93
6 38 800 801 78
6 39 791 792 33
7 21 735 736 46
7 22 66 67 98
7 23 996 997 57
7 24 277 278 21
7 25 589 589 5
7 26 867 868 96
7 27 268 269 46
7 28 308 309 5
7 29 630 631 4
7 30 268 269 57
7 31 659 660 75
7 32 253 254 34
7 33 358 359 18
7 34 57 58 24
7 35 815 816 65
7 36 98 98 35
7 37 319 320 70
7 38 109 110 6
7 39 652 653 1
8 21 200 201 74
8 22 862 863 43
8 23 87 88 43
8 24 729 730 63
8 25 613 613 47
8 26 292 293 74
8 27 768 769 87
8 28 729 730 34
8 29 134 135 63
8 30 894 895 37
8 31 103 104 76
8 32 868 869 0
8 33 195 195 9
8 34 438 439 90
8 35 38 39 42
8 36 491 492 69
8 37 560 561 77
8 38 928 929 7
8 39 530 530 31
9 21 448 449 51
9 22 110 111 55
9 23 69 70 77
9 24 190 191 83
9 25 180 181 62
9 26 336 337 44
9 27 675 676 69
9 28 169 170 29
9 29 678 679 56
9 30 943 944 95
9 31 91 92 65
9 32 75 76 69
9 33 843 844 27
9 34 71 72 59
9 35 258 259 47
9 36 828 829 9
9 37 88 89 71
9 38 624 625 9
9 39 329 330 57
10 21 373 374 58
10 22 130 131 73
10 23 613 614 61
10 24 461 462 98
10 25 117 118 33
10 26 87 88 84
10 27 288 289 25
10 28 319 320 94
10 29 838 839 42
10 30 922 923 81
10 31 524 525 20
10 32 597 598 96
10 33 846 847 68
10 34 666 666 53
10 35 681 682 95
10 36 712 713 39
10 37 782 783 84
10 38 124 125 15
10 39 796 797 88
11 21 676 677 33
11 22 46 46 60
11 23 821 822 89
11 24 949 950 50
11 25 594 595 4
11 26 710 711 31
11 27 65 66 70
11 28 23 23 67
11 29 657 658 63
11 30 606 606 88
11 31 319 319 78
11 32 732 733 43
11 33 57 58 18
11 34 112 113 22
11 35 290 291 61
11 36 726 727 30
11 37 551 552 97
11 38 673 674 25
11 39 425 426 27
12 21 494 495 85
12 22 892 893 29
12 23 396 397 73
12 24 959 960 47
12 25 217 218 58
12 26 118 119 14
12 27 598 599 63
12 28 69 70 65
12 29 158 159 63
12 30 13 14 45
12 31 915 916 64
12 32 643 644 95
12 33 858 859 53
12 34 287 288 23
12 35 184 185 40
12 36 867 868 77
12 37 732 733 48
12 38 461 462 9
12 39 599 600 0
13 21 182 183 75
13 22 529 530 34
13 23 932 933 62
13 24 166 167 48
13 25 524 525 63
13 26 265 266 86
13 27 892 892 17
13 28 512 513 69
13 29 785 786 2
13 30 656 657 30
13 31 820 821 31
13 32 922 923 36
13 33 930 931 50
13 34 318 318 89
13 35 748 749 68
13 36 719 720 80
13 37 892 893 7
13 38 768 769 54
13 39 554 555 58
14 21 421 422 92
14 22 950 951 33
14 23 60 61 96
14 24 814 815 60
14 25 845 846 0
14 26 970 971 50
14 27 897 898 70
14 28 590 591 19
14 29 927 928 14
14 30 56 57 58
14 31 989 990 37
14 32 11 12 11
14 33 12 13 57
14 34 907 908 74
14 35 444 445 41
14 36 641 641 73
14 37 331 332 75
14 38 425 426 40
14 39 168 169 73
15 21 331 332 25
15 22 556 557 60
15 23 807 808 85
15 24 436 436 66
15 25 5 6 54
15 26 168 169 71
15 27 35 36 15
15 28 719 720 33
15 29 400 400 0
15 30 967 968 82
15 31 393 394 81
15 32 455 456 11
15 33 889 890 88
15 34 328 329 51
15 35 455 456 37
15 36 756 757 28
15 37 802 803 63
15 38 445 446 38
15 39 24 25 13
16 21 905 906 21
16 22 744 745 56
16 23 540 541 47
16 24 12 13 12
16 25 102 103 64
16 26 412 413 51
16 27 231 232 55
16 28 870 871 83
16 29 705 706 17
16 30 194 195 83
16 31 773 774 79
16 32 358 359 56
16 33 768 769 37
16 34 789 789 24
16 35 7 8 31
16 36 701 702 86
16 37 16 16 91
16 38 992 993 84
16 39 99 100 56
17 21 787 788 14
17 22 970 971 10
17 23 206 207 18
17 24 917 918 65
17 25 748 749 80
17 26 176 177 81
17 27 724 725 24
17 28 721 722 62
17 29 110 111 92
17 30 996 997 86
17 31 586 587 37
17 32 202 203 97
17 33 805 806 98
17 34 258 259 29
17 35 365 366 31
17 36 366 367 28
17 37 744 745 46
17 38 769 770 69
17 39 984 985 78
18 21 527 527 22
18 22 553 554 2
18 23 166 166 37
18 24 614 615 44
18 25 620 621 89
18 26 41 42 94
18 27 9 10 4
18 28 762 763 2
18 29 846 847 85
18 30 658 659 63
18 31 198 199 9
18 32 519 520 97
18 33 252 253 41
18 34 154 155 76
18 35 493 494 10
18 36 144 145 26
18 37 495 496 92
18 38 399 400 95
18 39 978 979 64
19 21 274 275 40
19 22 615 616 67
19 23 829 830 48
19 24 686 687 0
19 25 852 853 76
19 26 756 757 72
19 27 698 699 8
19 28 948 949 70
19 29 614 615 95
19 30 133 133 66
19 31 875 876 9
19 32 141 142 91
19 33 895 895 54
19 34 717 718 50
19 35 284 285 13
19 36 533 534 26
19 37 78 79 58
19 38 776 777 61
19 39 812 812 70
21 42 9848 9849 1
22 42 9832 9833 60
23 42 9342 9343 2
24 42 9936 9937 58
25 42 9338 9339 61
26 42 6041 6042 27
27 42 8959 8960 97
28 42 7948 7949 66
29 42 9768 9769 19
30 42 11492 11493 41
31 42 10210 10211 96
32 42 9453 9454 2
33 42 10012 10013 7
34 42 8330 8331 76
35 42 9026 9027 30
36 42 10716 10717 89
37 42 9843 9844 90
38 42 10624 10625 85
39 42 8915 8915 24
22 99 21 22
21 1 4732 4732 26
21 2 4745 4745 64
21 3 3502 3503 68
21 4 4020 4021 93
21 5 4509 4510 79
21 6 4113 4114 67
21 7 4574 4575 45
21 8 3847 3848 12
21 9 4550 4551 86
1 11 189 190 51
1 12 475 476 96
1 13 17 18 66
1 14 708 709 36
1 15 971 972 48
1 16 149 150 5
1 17 770 771 29
1 18 471 472 98
1 19 977 978 43
2 11 688 688 67
2 12 52 53 16
2 13 920 921 77
2 14 408 409 23
2 15 700 701 84
2 16 762 763 81
2 17 346 347 62
2 18 699 700 0
2 19 166 167 28
3 11 946 947 34
3 12 372 373 32
3 13 306 307 80
3 14 208 209 77
3 15 45 46 87
3 16 427 428 22
3 17 433 434 77
3 18 422 423 21
3 19 339 340 62
4 11 388 389 71
4 12 170 170 26
4 13 75 76 30
4 14 541 542 45
4 15 411 412 75
4 16 943 944 29
4 17 770 771 81
4 18 345 346 4
4 19 375 376 76
5 11 617 618 66
5 12 389 390 56
5 13 538 539 87
5 14 594 595 95
5 15 300 301 96
5 16 25 26 71
5 17 877 878 12
5 18 926 926 43
5 19 240 241 1
6 11 184 185 89
6 12 93 94 25
6 13 971 972 19
6 14 753 754 84
6 15 534 535 51
6 16 584 585 89
6 17 842 842 31
6 18 8 9 87
6 19 141 142 76
7 11 56 56 71
7 12 326 327 51
7 13 985 986 24
7 14 802 803 87
7 15 803 804 51
7 16 301 302 34
7 17 451 451 0
7 18 77 78 96
7 19 771 772 66
8 11 868 869 16
8 12 810 811 23
8 13 516 517 3
8 14 30 31 90
8 15 184 185 12
8 16 200 201 71
8 17 112 113 40
8 18 567 568 71
8 19 557 558 45
9 11 904 904 9
9 12 254 254 54
9 13 180 181 22
9 14 171 172 31
9 15 642 643 32
9 16 536 537 98
9 17 158 159 74
9 18 900 900 4
9 19 802 803 47
11 22 4843 4844 61
12 22 2945 2945 24
13 22 4511 4512 71
14 22 4220 4221 25
15 22 4592 4593 11
16 22 3931 3932 53
17 22 4762 4763 48
18 22 4417 4418 65
19 22 4372 4373 59
10 15 9 10
9 1 16 18 54
9 2 12 13 51
9 3 11 12 13
1 5 3 4 42
1 6 6 7 56
1 7 9 10 30
2 5 8 9 43
2 6 2 3 1
2 7 1 2 66
3 5 3 4 93
3 6 1 2 75
3 7 6 7 94
5 10 16 16 46
6 10 10 10 28
7 10 14 15 12
10 15 9 10
9 1 16 18 84
9 2 12 13 4
9 3 11 12 37
1 5 3 4 89
1 6 6 7 62
1 7 9 10 50
2 5 8 9 30
2 6 2 3 21
2 7 0 1 32
3 5 3 4 89
3 6 1 2 75
3 7 6 7 4
5 10 16 16 26
6 10 10 11 84
7 10 14 15 39
