22 99 21 22
21 1 4732 4732 87
21 2 4745 4745 29
21 3 3502 3503 89
21 4 4020 4021 93
21 5 4509 4510 83
21 6 4113 4114 79
21 7 4574 4575 21
21 8 3847 3848 65
21 9 4550 4551 9
1 11 189 190 58
1 12 475 476 2
1 13 17 18 34
1 14 708 709 69
1 15 971 972 71
1 16 149 150 84
1 17 770 771 75
1 18 471 472 81
1 19 977 978 91
2 11 688 688 60
2 12 52 53 66
2 13 920 921 36
2 14 408 409 32
2 15 700 701 47
2 16 762 763 81
2 17 346 347 38
2 18 699 700 43
2 19 166 167 77
3 11 946 947 53
3 12 372 373 71
3 13 306 307 82
3 14 208 209 96
3 15 45 46 39
3 16 427 428 30
3 17 433 434 17
3 18 422 423 97
3 19 339 340 15
4 11 388 389 74
4 12 170 170 40
4 13 75 76 23
4 14 541 542 52
4 15 411 412 48
4 16 943 944 19
4 17 770 771 38
4 18 345 346 80
4 19 375 376 5
5 11 617 618 84
5 12 389 390 26
5 13 538 539 15
5 14 594 595 96
5 15 300 301 66
5 16 25 26 81
5 17 877 878 28
5 18 926 926 66
5 19 240 241 95
6 11 184 185 79
6 12 93 94 51
6 13 971 972 91
6 14 753 754 71
6 15 534 535 95
6 16 584 585 9
6 17 842 842 28
6 18 8 9 0
6 19 141 142 22
7 11 56 56 27
7 12 326 327 0
7 13 985 986 29
7 14 802 803 0
7 15 803 804 60
7 16 301 302 83
7 17 451 451 80
7 18 77 78 84
7 19 771 772 59
8 11 868 869 24
8 12 810 811 79
8 13 516 517 62
8 14 30 31 13
8 15 184 185 47
8 16 200 201 4
8 17 112 113 62
8 18 567 568 15
8 19 557 558 5
9 11 904 904 62
9 12 254 254 40
9 13 180 181 68
9 14 171 172 89
9 15 642 643 3
9 16 536 537 21
9 17 158 159 86
9 18 900 900 87
9 19 802 803 61
11 22 4843 4844 49
12 22 2945 2945 89
13 22 4511 4512 5
14 22 4220 4221 70
15 22 4592 4593 38
16 22 3931 3932 72
17 22 4762 4763 4
18 22 4417 4418 29
19 22 4372 4373 79
10 15 9 10
9 1 16 18 50
9 2 12 13 25
9 3 11 12 33
1 5 3 4 85
1 6 6 7 24
1 7 9 10 2
2 5 8 9 7
2 6 2 3 43
2 7 1 2 96
3 5 3 4 63
3 6 1 2 6
3 7 6 7 45
5 10 16 16 92
6 10 10 10 13
7 10 14 15 31
10 15 9 10
9 1 16 18 65
9 2 12 13 80
9 3 11 12 98
1 5 3 4 45
1 6 6 7 67
1 7 9 10 69
2 5 8 9 51
2 6 2 3 18
2 7 0 1 1
3 5 3 4 87
3 6 1 2 97
3 7 6 7 83
5 10 16 16 64
6 10 10 11 95
7 10 14 15 54
