122 3599 121 122
121 1 28932 28933 94
121 2 29738 29739 73
121 3 30871 30872 1
121 4 33143 33143 3
121 5 30143 30144 94
121 6 33000 33001 18
121 7 31175 31176 15
121 8 26613 26613 88
121 9 33259 33260 23
121 10 31886 31887 53
121 11 30019 30020 11
121 12 27760 27761 20
121 13 30336 30336 94
121 14 27095 27096 42
121 15 24556 24557 15
121 16 28341 28342 7
121 17 25057 25058 86
121 18 30027 30028 81
121 19 34032 34033 25
121 20 31799 31800 61
121 21 30447 30448 70
121 22 26943 26944 85
121 23 28126 28127 66
121 24 31477 31478 44
121 25 28992 28993 9
121 26 27696 27697 75
121 27 32273 32274 75
121 28 30290 30291 93
121 29 30372 30373 7
121 30 28770 28771 37
121 31 28582 28583 65
121 32 27667 27668 5
121 33 32592 32593 11
121 34 28180 28181 78
121 35 29071 29072 85
121 36 26186 26187 54
121 37 27792 27792 65
121 38 28345 28346 87
121 39 25520 25521 97
121 40 31170 31171 54
121 41 29965 29966 5
121 42 34782 34783 3
121 43 27637 27637 83
121 44 26834 26835 12
121 45 25608 25609 97
121 46 30086 30087 0
121 47 25623 25624 23
121 48 30814 30815 84
121 49 29976 29977 26
121 50 27019 27020 31
121 51 30121 30121 44
121 52 30364 30365 21
121 53 31481 31482 93
121 54 32457 32458 69
121 55 29451 29452 87
121 56 33395 33395 53
121 57 28029 28030 90
121 58 29542 29543 37
121 59 33784 33784 82
1 61 646 647 56
1 62 323 324 57
1 63 266 266 69
1 64 467 468 86
1 65 66 67 18
1 66 442 442 6
1 67 252 253 64
1 68 182 183 78
1 69 944 945 45
1 70 844 845 37
1 71 591 592 92
1 72 843 844 54
1 73 208 208 56
1 74 8 9 5
1 75 753 754 15
1 76 494 495 32
1 77 731 732 75
1 78 9 10 75
1 79 606 607 70
1 80 75 76 92
1 81 272 273 74
1 82 198 199 25
1 83 816 817 5
1 84 346 347 72
1 85 263 264 98
1 86 842 843 18
1 87 186 187 80
1 88 74 75 44
1 89 945 946 0
1 90 604 605 26
1 91 947 948 34
1 92 211 211 87
1 93 878 878 20
1 94 143 144 34
1 95 297 298 53
1 96 435 436 94
1 97 733 734 62
1 98 947 948 44
1 99 876 877 13
1 100 290 291 3
1 101 928 929 71
1 102 194 195 96
1 103 495 496 48
1 104 758 759 18
1 105 981 982 71
1 106 941 942 72
1 107 578 579 2
1 108 375 376 93
1 109 270 271 80
1 110 245 245 90
1 111 547 548 35
1 112 212 213 56
1 113 42 43 63
1 114 314 315 2
1 115 680 681 23
1 116 876 876 29
1 117 202 203 16
1 118 983 984 57
1 119 230 230 45
2 61 6 7 37
2 62 372 372 56
2 63 284 285 75
2 64 246 247 66
2 65 450 451 66
2 66 483 484 27
2 67 722 723 75
2 68 34 35 31
2 69 573 574 35
2 70 22 23 71
2 71 507 508 0
2 72 716 717 79
2 73 865 866 73
2 74 741 742 76
2 75 176 177 91
2 76 648 649 89
2 77 507 508 55
2 78 871 872 67
2 79 784 785 75
2 80 629 630 52
2 81 331 332 85
2 82 22 23 45
2 83 104 105 68
2 84 824 825 95
2 85 888 888 74
2 86 121 122 33
2 87 853 853 86
2 88 321 322 76
2 89 825 826 16
2 90 665 666 37
2 91 324 325 89
2 92 780 781 9
2 93 149 150 3
2 94 925 926 90
2 95 715 716 6
2 96 721 722 4
2 97 724 725 80
2 98 854 854 70
2 99 501 502 90
2 100 988 989 65
2 101 331 332 88
2 102 483 484 77
2 103 34 35 52
2 104 142 143 90
2 105 828 828 80
2 106 255 255 50
2 107 172 173 27
2 108 274 275 73
2 109 555 555 71
2 110 374 375 13
2 111 931 932 83
2 112 521 522 20
2 113 531 531 15
2 114 340 340 32
2 115 682 683 90
2 116 679 680 81
2 117 511 512 50
2 118 181 182 61
2 119 616 617 15
3 61 604 604 25
3 62 377 378 21
3 63 718 719 77
3 64 976 977 50
3 65 787 788 38
3 66 623 623 9
3 67 523 524 69
3 68 945 946 93
3 69 646 647 90
3 70 161 162 75
3 71 534 535 86
3 72 999 999 37
3 73 824 825 43
3 74 76 77 74
3 75 983 984 5
3 76 56 57 0
3 77 441 442 43
3 78 18 19 8
3 79 726 727 28
3 80 952 953 68
3 81 518 519 78
3 82 215 216 1
3 83 602 603 72
3 84 621 622 79
3 85 719 720 35
3 86 526 527 65
3 87 422 423 53
3 88 460 460 1
3 89 431 432 37
3 90 874 875 13
3 91 815 816 25
3 92 858 859 35
3 93 703 704 7
3 94 29 30 17
3 95 576 577 95
3 96 132 133 34
3 97 516 517 26
3 98 700 701 61
3 99 238 238 55
3 100 943 944 27
3 101 444 444 41
3 102 505 506 83
3 103 683 684 58
3 104 656 657 42
3 105 53 54 74
3 106 24 25 39
3 107 535 536 80
3 108 718 719 39
3 109 982 983 10
3 110 659 660 16
3 111 27 28 94
3 112 667 668 40
3 113 371 371 8
3 114 182 183 17
3 115 516 517 7
3 116 247 247 55
3 117 69 70 98
3 118 252 253 12
3 119 390 391 66
4 61 301 302 1
4 62 784 785 32
4 63 616 617 31
4 64 462 463 98
4 65 147 148 3
4 66 180 181 25
4 67 428 429 57
4 68 767 768 98
4 69 830 831 96
4 70 685 686 83
4 71 501 502 97
4 72 222 223 9
4 73 988 989 2
4 74 923 924 41
4 75 117 118 16
4 76 78 79 19
4 77 993 994 83
4 78 571 572 87
4 79 776 777 68
4 80 309 310 24
4 81 547 548 82
4 82 515 515 31
4 83 823 824 56
4 84 644 644 78
4 85 549 550 25
4 86 441 441 83
4 87 1 2 24
4 88 763 764 75
4 89 512 513 12
4 90 573 574 83
4 91 493 494 13
4 92 443 443 74
4 93 685 686 51
4 94 363 364 58
4 95 297 298 8
4 96 714 715 49
4 97 204 205 82
4 98 747 748 60
4 99 606 607 84
4 100 739 740 40
4 101 568 569 48
4 102 96 97 46
4 103 529 530 91
4 104 780 781 85
4 105 513 514 23
4 106 972 973 52
4 107 740 741 73
4 108 878 879 44
4 109 448 449 4
4 110 658 659 35
4 111 547 548 81
4 112 552 553 55
4 113 223 224 50
4 114 178 179 23
4 115 967 968 58
4 116 987 988 59
4 117 519 520 68
4 118 721 722 52
4 119 902 903 61
5 61 303 304 31
5 62 575 576 58
5 63 78 79 33
5 64 953 953 7
5 65 702 703 31
5 66 476 477 72
5 67 335 336 28
5 68 325 326 77
5 69 548 549 46
5 70 364 365 51
5 71 962 963 60
5 72 675 676 22
5 73 557 557 22
5 74 153 154 64
5 75 164 165 67
5 76 440 441 49
5 77 830 831 40
5 78 100 101 6
5 79 398 399 3
5 80 966 967 40
5 81 627 628 61
5 82 79 80 4
5 83 978 979 91
5 84 937 938 31
5 85 896 897 88
5 86 506 507 71
5 87 490 491 70
5 88 698 699 40
5 89 544 545 60
5 90 575 576 73
5 91 818 819 77
5 92 431 431 6
5 93 249 250 27
5 94 911 912 14
5 95 281 282 65
5 96 649 649 19
5 97 365 366 32
5 98 155 156 46
5 99 556 557 76
5 100 725 726 12
5 101 251 252 50
5 102 114 114 93
5 103 539 539 49
5 104 204 205 80
5 105 436 437 89
5 106 778 779 78
5 107 690 691 27
5 108 203 204 12
5 109 679 680 21
5 110 415 416 74
5 111 857 858 94
5 112 75 75 82
5 113 717 718 41
5 114 22 22 42
5 115 44 45 52
5 116 698 699 6
5 117 893 894 36
5 118 541 542 86
5 119 588 588 30
6 61 936 937 4
6 62 417 418 51
6 63 103 103 0
6 64 260 260 51
6 65 283 284 63
6 66 864 865 11
6 67 909 910 9
6 68 333 334 68
6 69 284 284 60
6 70 18 19 25
6 71 816 816 11
6 72 730 731 60
6 73 904 905 13
6 74 799 800 25
6 75 25 26 0
6 76 37 38 20
6 77 303 304 53
6 78 904 905 40
6 79 785 786 79
6 80 624 624 22
6 81 472 473 57
6 82 244 245 76
6 83 41 42 61
6 84 157 158 4
6 85 892 893 54
6 86 692 693 0
6 87 331 332 38
6 88 751 751 36
6 89 894 894 27
6 90 408 409 7
6 91 623 624 43
6 92 222 223 34
6 93 290 291 35
6 94 400 401 51
6 95 639 640 70
6 96 655 655 82
6 97 770 770 78
6 98 723 724 29
6 99 811 812 80
6 100 161 162 1
6 101 410 411 26
6 102 164 165 1
6 103 709 710 64
6 104 714 714 57
6 105 422 422 24
6 106 784 785 25
6 107 814 815 76
6 108 400 400 38
6 109 775 775 16
6 110 409 410 13
6 111 368 369 21
6 112 768 769 78
6 113 985 986 93
6 114 830 831 49
6 115 874 875 12
6 116 954 955 75
6 117 928 929 90
6 118 713 714 8
6 119 448 449 71
7 61 379 380 79
7 62 510 511 51
7 63 456 457 7
7 64 896 897 98
7 65 530 531 82
7 66 446 447 3
7 67 828 829 25
7 68 29 30 65
7 69 228 229 4
7 70 357 358 30
7 71 325 326 24
7 72 240 241 77
7 73 920 921 97
7 74 964 965 93
7 75 619 620 97
7 76 930 931 67
7 77 211 211 69
7 78 687 688 17
7 79 879 879 6
7 80 587 587 35
7 81 956 957 42
7 82 729 730 34
7 83 16 17 96
7 84 334 335 11
7 85 305 306 35
7 86 630 631 68
7 87 358 359 81
7 88 267 268 75
7 89 521 522 28
7 90 543 544 12
7 91 787 787 73
7 92 892 893 78
7 93 824 825 47
7 94 913 914 70
7 95 437 437 37
7 96 656 657 21
7 97 31 32 49
7 98 14 15 63
7 99 493 494 83
7 100 579 580 26
7 101 353 354 69
7 102 587 588 28
7 103 779 780 34
7 104 204 205 55
7 105 303 304 59
7 106 960 961 27
7 107 120 121 4
7 108 957 958 36
7 109 309 310 19
7 110 956 957 97
7 111 442 442 18
7 112 295 296 96
7 113 418 419 39
7 114 966 966 51
7 115 940 940 26
7 116 412 413 22
7 117 36 37 60
7 118 677 678 57
7 119 131 132 12
8 61 882 883 15
8 62 49 50 50
8 63 481 482 24
8 64 610 611 58
8 65 103 104 58
8 66 367 368 20
8 67 551 552 8
8 68 367 368 0
8 69 280 280 86
8 70 325 325 80
8 71 449 450 53
8 72 732 733 86
8 73 136 137 50
8 74 24 25 57
8 75 156 156 19
8 76 583 584 97
8 77 791 792 81
8 78 160 161 64
8 79 104 105 72
8 80 250 251 49
8 81 656 657 46
8 82 712 713 48
8 83 172 173 12
8 84 915 916 11
8 85 42 43 92
8 86 577 577 13
8 87 599 600 2
8 88 709 710 83
8 89 408 409 81
8 90 375 375 40
8 91 248 249 76
8 92 302 303 73
8 93 538 539 3
8 94 811 812 6
8 95 103 104 17
8 96 423 424 66
8 97 601 602 65
8 98 903 904 4
8 99 793 794 24
8 100 647 647 88
8 101 62 63 80
8 102 469 470 91
8 103 824 825 96
8 104 568 568 37
8 105 4 5 98
8 106 385 386 62
8 107 144 145 83
8 108 848 849 46
8 109 546 547 32
8 110 490 491 60
8 111 948 949 63
8 112 977 978 15
8 113 506 507 35
8 114 509 510 24
8 115 127 128 35
8 116 122 123 26
8 117 781 781 65
8 118 145 146 16
8 119 195 196 97
9 61 772 773 97
9 62 284 285 79
9 63 660 661 83
9 64 78 79 72
9 65 941 942 96
9 66 896 897 17
9 67 997 998 28
9 68 383 384 66
9 69 921 922 52
9 70 827 828 17
9 71 712 713 25
9 72 854 855 12
9 73 292 293 98
9 74 917 918 0
9 75 62 63 72
9 76 593 593 2
9 77 641 642 88
9 78 800 801 88
9 79 890 891 8
9 80 248 249 37
9 81 534 535 11
9 82 556 557 89
9 83 141 142 65
9 84 658 659 15
9 85 421 422 27
9 86 371 372 0
9 87 938 939 36
9 88 693 694 77
9 89 37 38 8
9 90 614 615 63
9 91 451 452 72
9 92 866 867 40
9 93 191 192 44
9 94 615 616 62
9 95 306 307 22
9 96 823 824 27
9 97 970 971 13
9 98 309 310 49
9 99 113 114 21
9 100 220 221 26
9 101 112 112 15
9 102 68 69 87
9 103 691 692 35
9 104 334 335 1
9 105 934 935 19
9 106 602 603 47
9 107 624 625 85
9 108 598 599 60
9 109 671 672 42
9 110 522 522 98
9 111 453 454 34
9 112 11 12 30
9 113 522 523 16
9 114 829 830 52
9 115 345 346 72
9 116 788 789 27
9 117 783 784 58
9 118 964 965 92
9 119 785 786 91
10 61 199 200 85
10 62 718 719 94
10 63 495 496 44
10 64 670 671 80
10 65 877 878 15
10 66 416 417 44
10 67 362 363 39
10 68 882 883 9
10 69 987 988 58
10 70 924 925 45
10 71 674 675 98
10 72 350 351 62
10 73 587 588 43
10 74 156 157 3
10 75 996 996 13
10 76 118 119 3
10 77 449 450 54
10 78 589 590 37
10 79 30 31 37
10 80 291 292 62
10 81 295 296 48
10 82 299 300 39
10 83 92 93 65
10 84 761 762 5
10 85 665 665 43
10 86 306 307 86
10 87 989 990 21
10 88 183 184 43
10 89 273 273 86
10 90 414 415 31
10 91 916 917 30
10 92 826 827 25
10 93 516 517 39
10 94 140 141 22
10 95 527 528 79
10 96 898 898 9
10 97 411 412 86
10 98 510 510 69
10 99 563 564 76
10 100 802 803 17
10 101 691 692 16
10 102 492 493 17
10 103 806 807 73
10 104 980 981 4
10 105 78 79 42
10 106 365 366 7
10 107 131 132 87
10 108 123 124 21
10 109 567 568 67
10 110 658 659 36
10 111 730 731 92
10 112 816 817 8
10 113 522 523 26
10 114 780 781 77
10 115 742 743 84
10 116 726 727 6
10 117 986 987 97
10 118 232 233 44
10 119 277 278 11
11 61 654 655 15
11 62 665 666 61
11 63 282 283 10
11 64 939 940 85
11 65 843 844 88
11 66 972 973 51
11 67 127 128 20
11 68 431 432 47
11 69 79 79 97
11 70 964 965 14
11 71 922 922 36
11 72 716 716 98
11 73 868 869 43
11 74 438 439 85
11 75 208 209 46
11 76 673 674 89
11 77 196 197 63
11 78 971 972 36
11 79 596 597 70
11 80 682 683 62
11 81 522 523 4
11 82 137 138 73
11 83 156 157 97
11 84 845 846 49
11 85 334 335 98
11 86 737 738 39
11 87 218 219 93
11 88 390 391 13
11 89 341 342 45
11 90 671 672 44
11 91 27 28 6
11 92 84 85 44
11 93 606 607 93
11 94 133 134 4
11 95 971 972 11
11 96 897 898 90
11 97 78 79 57
11 98 207 207 72
11 99 352 353 20
11 100 542 542 33
11 101 773 774 59
11 102 416 417 29
11 103 179 180 5
11 104 860 861 92
11 105 31 32 8
11 106 348 348 87
11 107 994 995 50
11 108 788 789 77
11 109 269 270 37
11 110 93 94 20
11 111 928 929 78
11 112 168 169 53
11 113 673 674 88
11 114 294 294 36
11 115 483 484 98
11 116 672 673 46
11 117 365 366 83
11 118 779 780 19
11 119 405 406 74
12 61 270 271 65
12 62 444 444 50
12 63 335 336 70
12 64 572 573 85
12 65 650 650 53
12 66 271 271 58
12 67 995 996 54
12 68 218 219 91
12 69 271 272 40
12 70 850 851 28
12 71 14 15 84
12 72 942 942 47
12 73 812 813 35
12 74 925 926 78
12 75 336 337 54
12 76 497 498 87
12 77 956 957 3
12 78 92 93 49
12 79 462 463 75
12 80 921 921 40
12 81 118 119 73
12 82 855 856 86
12 83 721 722 75
12 84 753 754 67
12 85 29 29 31
12 86 626 627 33
12 87 719 720 57
12 88 887 888 15
12 89 121 122 36
12 90 45 46 83
12 91 336 337 76
12 92 445 446 55
12 93 301 302 17
12 94 797 798 74
12 95 370 371 97
12 96 594 595 94
12 97 831 832 76
12 98 498 499 59
12 99 653 654 36
12 100 606 607 63
12 101 156 157 84
12 102 400 401 22
12 103 32 33 4
12 104 337 338 26
12 105 113 113 59
12 106 862 863 12
12 107 67 68 98
12 108 940 941 42
12 109 346 347 35
12 110 465 465 31
12 111 130 131 37
12 112 141 141 26
12 113 479 480 21
12 114 762 763 50
12 115 448 449 64
12 116 80 81 17
12 117 18 19 27
12 118 276 277 18
12 119 546 547 70
13 61 769 770 17
13 62 186 187 79
13 63 359 360 89
13 64 16 17 10
13 65 827 828 14
13 66 715 716 1
13 67 544 545 90
13 68 856 857 81
13 69 973 974 41
13 70 636 637 68
13 71 750 751 20
13 72 195 195 52
13 73 871 872 78
13 74 568 569 36
13 75 278 279 79
13 76 589 590 84
13 77 593 593 73
13 78 629 630 22
13 79 296 296 86
13 80 409 410 50
13 81 188 189 70
13 82 456 457 51
13 83 488 489 36
13 84 858 859 96
13 85 959 960 15
13 86 767 768 78
13 87 646 647 38
13 88 251 252 38
13 89 604 605 55
13 90 109 110 33
13 91 903 904 44
13 92 225 226 45
13 93 144 144 72
13 94 546 547 47
13 95 210 211 66
13 96 508 509 4
13 97 958 959 79
13 98 433 434 10
13 99 371 372 93
13 100 490 491 12
13 101 901 902 29
13 102 688 689 88
13 103 411 412 35
13 104 251 252 97
13 105 597 598 39
13 106 835 835 65
13 107 726 727 61
13 108 557 557 11
13 109 686 687 9
13 110 465 466 46
13 111 20 21 5
13 112 10 11 84
13 113 306 307 23
13 114 629 630 75
13 115 808 809 71
13 116 302 303 10
13 117 294 295 10
13 118 335 336 9
13 119 316 317 30
14 61 25 26 30
14 62 101 102 56
14 63 56 57 98
14 64 635 636 36
14 65 123 124 84
14 66 412 412 46
14 67 730 731 18
14 68 118 118 48
14 69 651 652 24
14 70 559 559 26
14 71 685 686 0
14 72 192 193 98
14 73 350 351 13
14 74 26 27 63
14 75 995 996 5
14 76 178 179 70
14 77 911 912 45
14 78 753 754 94
14 79 206 207 2
14 80 831 832 56
14 81 497 497 4
14 82 441 442 44
14 83 340 341 67
14 84 744 745 37
14 85 134 135 60
14 86 741 742 98
14 87 58 59 88
14 88 762 763 64
14 89 196 197 69
14 90 450 451 12
14 91 845 845 86
14 92 659 660 76
14 93 747 748 56
14 94 195 196 44
14 95 299 300 34
14 96 521 521 40
14 97 224 225 27
14 98 590 591 2
14 99 648 649 81
14 100 451 452 47
14 101 901 902 22
14 102 36 37 74
14 103 625 626 79
14 104 998 999 48
14 105 366 367 44
14 106 77 78 38
14 107 413 414 96
14 108 433 434 65
14 109 342 343 57
14 110 690 691 38
14 111 7 8 35
14 112 529 530 68
14 113 816 817 19
14 114 65 66 89
14 115 358 359 29
14 116 798 799 27
14 117 662 663 21
14 118 557 558 42
14 119 317 318 34
15 61 996 997 64
15 62 662 663 1
15 63 347 348 17
15 64 347 348 96
15 65 484 485 3
15 66 775 776 20
15 67 198 199 85
15 68 124 125 9
15 69 688 689 24
15 70 593 594 43
15 71 308 309 96
15 72 294 295 37
15 73 962 963 39
15 74 98 99 34
15 75 111 112 90
15 76 253 254 22
15 77 397 398 98
15 78 618 619 97
15 79 397 397 52
15 80 183 184 53
15 81 874 875 30
15 82 96 97 76
15 83 376 376 12
15 84 256 257 15
15 85 677 678 26
15 86 538 539 44
15 87 150 151 55
15 88 704 705 85
15 89 126 127 90
15 90 393 394 94
15 91 434 435 43
15 92 368 368 12
15 93 848 849 42
15 94 739 740 64
15 95 290 291 20
15 96 809 810 30
15 97 445 446 7
15 98 87 88 8
15 99 271 272 97
15 100 437 437 51
15 101 184 185 75
15 102 212 213 40
15 103 352 353 87
15 104 115 116 90
15 105 786 787 77
15 106 467 468 79
15 107 423 424 91
15 108 487 488 56
15 109 614 615 35
15 110 32 33 2
15 111 250 251 97
15 112 464 464 71
15 113 116 117 45
15 114 341 342 32
15 115 163 164 8
15 116 49 49 47
15 117 746 747 81
15 118 607 608 5
15 119 369 370 42
16 61 480 481 97
16 62 286 287 15
16 63 208 209 94
16 64 437 438 40
16 65 786 787 82
16 66 733 734 93
16 67 11 12 55
16 68 430 431 11
16 69 509 510 89
16 70 352 353 54
16 71 346 347 89
16 72 189 190 40
16 73 61 62 48
16 74 906 907 8
16 75 451 452 59
16 76 585 586 27
16 77 871 872 61
16 78 211 212 84
16 79 311 312 63
16 80 228 229 37
16 81 561 562 75
16 82 559 559 59
16 83 690 691 17
16 84 213 214 62
16 85 960 961 57
16 86 160 161 67
16 87 630 631 36
16 88 252 253 57
16 89 864 865 2
16 90 56 57 6
16 91 512 513 57
16 92 313 314 52
16 93 176 177 39
16 94 992 993 61
16 95 137 138 16
16 96 245 246 19
16 97 764 765 67
16 98 220 221 32
16 99 286 287 3
16 100 607 608 78
16 101 417 418 88
16 102 860 861 86
16 103 993 994 22
16 104 112 112 25
16 105 900 901 47
16 106 364 365 53
16 107 526 527 74
16 108 560 561 63
16 109 707 708 73
16 110 837 838 58
16 111 86 87 73
16 112 399 399 38
16 113 394 395 26
16 114 690 691 2
16 115 519 519 42
16 116 548 549 35
16 117 832 833 30
16 118 316 316 19
16 119 666 666 87
17 61 994 995 47
17 62 799 800 5
17 63 79 80 92
17 64 196 197 94
17 65 958 959 83
17 66 360 361 88
17 67 803 804 59
17 68 62 63 39
17 69 458 459 11
17 70 108 108 44
17 71 723 724 94
17 72 149 150 68
17 73 205 206 7
17 74 44 45 46
17 75 241 242 14
17 76 154 155 44
17 77 817 818 7
17 78 10 10 55
17 79 224 225 67
17 80 267 268 96
17 81 139 140 44
17 82 918 919 65
17 83 953 954 62
17 84 401 402 83
17 85 423 424 48
17 86 218 219 19
17 87 383 384 7
17 88 368 369 5
17 89 369 370 95
17 90 550 551 13
17 91 354 355 1
17 92 465 466 66
17 93 125 126 4
17 94 101 102 41
17 95 136 137 59
17 96 451 451 44
17 97 360 361 30
17 98 750 751 38
17 99 663 664 12
17 100 14 15 32
17 101 989 990 95
17 102 316 317 51
17 103 812 812 41
17 104 871 872 52
17 105 297 298 77
17 106 126 127 94
17 107 688 689 23
17 108 575 576 80
17 109 463 464 88
17 110 296 297 40
17 111 229 230 28
17 112 428 429 68
17 113 108 109 13
17 114 648 649 80
17 115 158 159 39
17 116 710 711 51
17 117 708 709 69
17 118 418 419 23
17 119 396 397 46
18 61 395 396 72
18 62 403 404 27
18 63 740 741 40
18 64 353 354 80
18 65 732 733 42
18 66 229 230 6
18 67 635 636 59
18 68 465 466 45
18 69 918 919 65
18 70 496 497 85
18 71 452 453 88
18 72 668 669 95
18 73 873 874 43
18 74 900 900 98
18 75 427 428 88
18 76 902 903 53
18 77 340 341 85
18 78 34 35 69
18 79 944 944 71
18 80 240 241 66
18 81 383 384 37
18 82 825 826 22
18 83 45 46 24
18 84 580 581 32
18 85 840 841 69
18 86 98 99 9
18 87 657 658 74
18 88 740 741 96
18 89 87 88 20
18 90 742 743 52
18 91 296 297 64
18 92 339 340 11
18 93 682 683 44
18 94 995 996 5
18 95 409 410 60
18 96 546 546 1
18 97 250 251 62
18 98 275 276 75
18 99 343 344 62
18 100 389 390 6
18 101 387 388 54
18 102 420 421 37
18 103 649 649 48
18 104 995 996 56
18 105 440 440 6
18 106 873 874 90
18 107 402 403 13
18 108 562 563 31
18 109 61 61 34
18 110 488 489 56
18 111 929 930 27
18 112 785 786 71
18 113 555 556 9
18 114 66 67 2
18 115 697 698 92
18 116 20 21 3
18 117 487 487 12
18 118 126 126 67
18 119 394 395 10
19 61 67 68 21
19 62 987 988 15
19 63 630 631 91
19 64 702 703 31
19 65 971 972 17
19 66 924 924 52
19 67 408 409 2
19 68 182 183 24
19 69 780 781 73
19 70 723 724 61
19 71 614 615 82
19 72 627 628 15
19 73 377 378 26
19 74 36 37 42
19 75 342 343 70
19 76 981 981 36
19 77 203 204 13
19 78 826 827 40
19 79 739 740 92
19 80 815 816 39
19 81 974 975 2
19 82 920 920 0
19 83 811 812 13
19 84 665 666 20
19 85 899 900 40
19 86 449 450 73
19 87 495 496 72
19 88 541 542 91
19 89 445 446 80
19 90 202 203 42
19 91 590 591 26
19 92 618 619 61
19 93 660 661 64
19 94 19 20 45
19 95 394 395 30
19 96 172 172 69
19 97 132 133 96
19 98 433 434 66
19 99 218 219 89
19 100 297 298 94
19 101 286 287 85
19 102 167 168 61
19 103 214 215 45
19 104 198 199 41
19 105 750 751 10
19 106 888 889 91
19 107 854 855 67
19 108 864 865 79
19 109 772 773 56
19 110 831 832 48
19 111 947 948 71
19 112 860 861 46
19 113 708 709 12
19 114 887 888 19
19 115 76 77 5
19 116 816 817 19
19 117 470 471 40
19 118 811 812 90
19 119 738 739 24
20 61 479 480 23
20 62 135 136 32
20 63 968 969 42
20 64 508 509 13
20 65 705 706 13
20 66 653 654 54
20 67 101 102 9
20 68 676 677 57
20 69 320 321 84
20 70 815 816 10
20 71 674 675 87
20 72 457 458 36
20 73 612 613 46
20 74 683 684 92
20 75 286 287 64
20 76 659 660 26
20 77 920 921 25
20 78 981 981 80
20 79 352 353 2
20 80 394 395 8
20 81 939 940 17
20 82 495 496 49
20 83 103 104 18
20 84 791 792 39
20 85 880 881 67
20 86 411 412 29
20 87 385 385 59
20 88 433 434 2
20 89 198 199 0
20 90 539 540 19
20 91 0 1 8
20 92 570 571 94
20 93 337 337 50
20 94 754 755 41
20 95 153 154 27
20 96 279 280 57
20 97 719 720 54
20 98 801 802 90
20 99 843 844 82
20 100 196 197 11
20 101 452 453 42
20 102 930 931 34
20 103 422 423 55
20 104 701 702 4
20 105 670 670 60
20 106 432 432 25
20 107 865 866 58
20 108 454 455 37
20 109 506 507 7
20 110 925 926 86
20 111 218 219 6
20 112 324 325 67
20 113 621 622 94
20 114 851 851 26
20 115 371 372 19
20 116 953 954 55
20 117 68 69 98
20 118 652 653 44
20 119 151 152 26
21 61 188 189 63
21 62 244 245 50
21 63 297 298 87
21 64 529 530 53
21 65 687 688 67
21 66 18 19 94
21 67 47 48 18
21 68 205 206 48
21 69 152 153 81
21 70 805 806 88
21 71 237 238 41
21 72 700 700 32
21 73 592 593 74
21 74 415 416 66
21 75 167 168 72
21 76 909 910 38
21 77 447 448 56
21 78 792 793 27
21 79 383 384 82
21 80 607 608 16
21 81 646 647 37
21 82 587 588 90
21 83 519 520 97
21 84 664 665 71
21 85 315 316 19
21 86 550 551 68
21 87 632 632 92
21 88 585 586 9
21 89 265 266 28
21 90 998 999 94
21 91 381 381 67
21 92 304 304 57
21 93 261 262 51
21 94 537 538 66
21 95 16 17 33
21 96 988 989 43
21 97 98 98 75
21 98 811 812 39
21 99 213 213 91
21 100 724 724 89
21 101 525 525 10
21 102 490 491 26
21 103 715 716 49
21 104 513 514 5
21 105 354 355 77
21 106 977 978 42
21 107 438 439 47
21 108 679 680 42
21 109 806 807 50
21 110 521 522 49
21 111 535 536 39
21 112 296 297 94
21 113 739 740 28
21 114 875 875 37
21 115 849 850 4
21 116 713 714 0
21 117 191 192 33
21 118 911 912 5
21 119 782 783 27
22 61 475 476 29
22 62 405 406 12
22 63 864 864 67
22 64 632 632 35
22 65 116 117 26
22 66 954 955 21
22 67 974 975 52
22 68 121 122 17
22 69 123 124 77
22 70 961 961 94
22 71 386 387 24
22 72 228 229 16
22 73 695 696 70
22 74 416 417 57
22 75 918 919 87
22 76 137 137 30
22 77 969 970 34
22 78 889 890 96
22 79 291 291 13
22 80 965 966 4
22 81 197 198 8
22 82 274 275 39
22 83 944 945 34
22 84 968 969 38
22 85 101 102 34
22 86 317 318 62
22 87 2 3 67
22 88 389 390 20
22 89 6 7 27
22 90 697 698 75
22 91 39 40 78
22 92 397 398 81
22 93 457 458 3
22 94 207 208 6
22 95 9 10 91
22 96 588 589 4
22 97 475 476 40
22 98 957 958 26
22 99 137 138 24
22 100 883 884 67
22 101 293 294 37
22 102 54 55 50
22 103 33 34 50
22 104 756 757 62
22 105 717 718 42
22 106 224 225 41
22 107 385 385 2
22 108 489 490 68
22 109 676 677 36
22 110 686 687 57
22 111 124 125 80
22 112 126 127 8
22 113 6 7 10
22 114 428 429 79
22 115 72 73 6
22 116 682 683 96
22 117 573 574 62
22 118 349 350 39
22 119 681 681 60
23 61 994 995 77
23 62 869 870 24
23 63 120 121 11
23 64 190 191 74
23 65 654 654 75
23 66 561 561 40
23 67 582 583 57
23 68 858 859 0
23 69 818 819 47
23 70 117 118 39
23 71 37 38 17
23 72 460 461 7
23 73 494 495 87
23 74 11 11 90
23 75 537 538 15
23 76 192 193 76
23 77 78 79 28
23 78 6 7 95
23 79 966 967 73
23 80 36 37 8
23 81 675 676 22
23 82 322 323 13
23 83 847 848 30
23 84 92 93 7
23 85 912 913 49
23 86 570 571 57
23 87 298 299 15
23 88 294 295 88
23 89 758 759 3
23 90 415 415 87
23 91 186 187 3
23 92 6 7 55
23 93 600 601 36
23 94 176 176 94
23 95 204 205 97
23 96 164 165 85
23 97 880 881 3
23 98 901 902 33
23 99 362 363 61
23 100 521 522 82
23 101 736 737 69
23 102 163 163 1
23 103 651 651 41
23 104 990 991 32
23 105 458 459 51
23 106 867 868 90
23 107 720 721 7
23 108 149 150 23
23 109 857 858 30
23 110 163 164 50
23 111 273 274 61
23 112 398 399 55
23 113 445 446 22
23 114 747 748 48
23 115 398 399 33
23 116 731 732 15
23 117 931 932 38
23 118 201 202 92
23 119 462 463 93
24 61 84 85 23
24 62 427 428 17
24 63 414 415 3
24 64 28 29 45
24 65 995 996 53
24 66 296 297 74
24 67 254 254 79
24 68 237 237 94
24 69 449 450 15
24 70 787 788 31
24 71 276 277 61
24 72 227 228 59
24 73 424 425 90
24 74 680 681 90
24 75 652 652 35
24 76 565 566 41
24 77 927 928 43
24 78 736 737 5
24 79 607 608 74
24 80 461 462 90
24 81 810 811 67
24 82 605 606 10
24 83 171 172 64
24 84 160 161 12
24 85 383 384 1
24 86 937 938 68
24 87 408 409 15
24 88 978 979 30
24 89 657 658 82
24 90 944 945 8
24 91 828 829 93
24 92 415 416 57
24 93 65 66 56
24 94 305 306 71
24 95 503 504 89
24 96 763 764 6
24 97 976 977 11
24 98 553 554 90
24 99 976 977 51
24 100 963 964 56
24 101 382 383 75
24 102 936 937 95
24 103 566 567 85
24 104 242 243 40
24 105 142 143 36
24 106 298 299 53
24 107 704 705 86
24 108 469 470 59
24 109 88 89 93
24 110 598 599 67
24 111 358 358 60
24 112 839 840 79
24 113 230 230 48
24 114 451 452 26
24 115 630 631 27
24 116 30 30 28
24 117 751 752 13
24 118 902 903 36
24 119 912 913 66
25 61 307 308 33
25 62 407 408 54
25 63 558 558 12
25 64 529 530 71
25 65 38 39 46
25 66 245 246 45
25 67 856 857 69
25 68 468 469 10
25 69 824 825 70
25 70 195 196 45
25 71 691 691 10
25 72 900 901 17
25 73 439 440 33
25 74 914 915 88
25 75 501 502 9
25 76 804 804 53
25 77 854 855 36
25 78 636 637 87
25 79 156 157 24
25 80 56 57 34
25 81 898 899 34
25 82 136 137 44
25 83 935 936 26
25 84 97 98 56
25 85 478 479 34
25 86 81 82 61
25 87 209 210 63
25 88 756 757 64
25 89 664 665 8
25 90 415 416 66
25 91 477 478 69
25 92 179 180 40
25 93 26 27 0
25 94 596 597 25
25 95 765 766 27
25 96 3 4 73
25 97 290 291 95
25 98 248 248 57
25 99 697 698 87
25 100 244 245 10
25 101 562 563 71
25 102 750 751 34
25 103 950 951 73
25 104 436 437 21
25 105 872 873 71
25 106 917 918 86
25 107 348 349 49
25 108 637 638 96
25 109 359 359 32
25 110 480 481 75
25 111 672 672 88
25 112 594 595 91
25 113 308 309 97
25 114 655 656 66
25 115 88 89 46
25 116 182 183 50
25 117 691 692 58
25 118 651 652 65
25 119 241 242 27
26 61 149 150 36
26 62 160 161 49
26 63 669 670 49
26 64 180 181 87
26 65 817 818 61
26 66 622 623 37
26 67 760 761 57
26 68 941 942 50
26 69 559 560 79
26 70 283 284 38
26 71 315 316 65
26 72 59 60 73
26 73 151 152 23
26 74 713 714 88
26 75 888 889 13
26 76 419 419 50
26 77 607 608 40
26 78 86 87 20
26 79 576 577 9
26 80 885 886 71
26 81 329 330 29
26 82 973 974 56
26 83 868 868 88
26 84 180 181 57
26 85 592 593 7
26 86 468 469 83
26 87 309 309 40
26 88 178 179 59
26 89 127 128 17
26 90 868 869 6
26 91 381 382 74
26 92 595 596 44
26 93 26 27 36
26 94 837 838 45
26 95 660 661 54
26 96 149 150 76
26 97 283 284 37
26 98 503 504 97
26 99 284 285 68
26 100 78 79 2
26 101 894 895 5
26 102 513 514 5
26 103 69 69 58
26 104 22 23 46
26 105 590 591 64
26 106 93 94 48
26 107 938 938 77
26 108 265 266 25
26 109 590 591 83
26 110 58 59 17
26 111 761 762 4
26 112 206 207 98
26 113 528 528 52
26 114 993 994 82
26 115 375 376 72
26 116 867 868 60
26 117 169 170 61
26 118 297 298 20
26 119 914 915 56
27 61 14 15 71
27 62 523 524 15
27 63 787 788 77
27 64 22 23 66
27 65 933 934 62
27 66 754 755 91
27 67 559 560 84
27 68 145 146 88
27 69 367 368 98
27 70 648 649 59
27 71 157 158 78
27 72 399 399 35
27 73 553 554 26
27 74 89 90 98
27 75 92 93 23
27 76 750 750 28
27 77 587 588 98
27 78 879 880 35
27 79 207 208 23
27 80 914 915 84
27 81 880 881 11
27 82 175 176 98
27 83 843 844 2
27 84 426 427 35
27 85 489 490 31
27 86 499 500 48
27 87 866 867 36
27 88 962 963 37
27 89 994 995 51
27 90 830 831 71
27 91 867 868 31
27 92 903 904 12
27 93 251 252 59
27 94 114 114 86
27 95 608 609 18
27 96 782 783 72
27 97 1 2 53
27 98 781 782 66
27 99 342 343 55
27 100 805 805 63
27 101 739 740 88
27 102 136 137 3
27 103 689 690 27
27 104 25 26 95
27 105 589 589 83
27 106 303 303 46
27 107 517 518 15
27 108 750 751 79
27 109 600 601 92
27 110 188 189 21
27 111 638 639 35
27 112 914 915 46
27 113 200 200 37
27 114 4 5 64
27 115 649 650 10
27 116 907 908 67
27 117 829 830 35
27 118 888 889 86
27 119 888 888 84
28 61 203 204 49
28 62 283 284 4
28 63 694 695 89
28 64 98 99 40
28 65 91 92 18
28 66 465 466 74
28 67 29 30 59
28 68 873 874 24
28 69 182 183 89
28 70 462 463 10
28 71 476 477 57
28 72 819 820 41
28 73 169 170 5
28 74 783 784 49
28 75 819 820 30
28 76 121 122 35
28 77 930 931 46
28 78 562 563 60
28 79 385 386 63
28 80 363 363 2
28 81 310 311 25
28 82 527 528 63
28 83 69 70 89
28 84 586 587 50
28 85 649 650 38
28 86 314 314 59
28 87 636 637 94
28 88 68 69 74
28 89 922 923 81
28 90 170 171 52
28 91 961 962 20
28 92 508 509 43
28 93 292 293 32
28 94 764 765 15
28 95 33 33 2
28 96 759 760 65
28 97 910 911 91
28 98 777 778 35
28 99 243 244 44
28 100 976 977 33
28 101 660 661 70
28 102 828 829 46
28 103 822 822 95
28 104 541 542 23
28 105 612 613 44
28 106 869 870 57
28 107 154 155 86
28 108 327 328 44
28 109 730 731 41
28 110 233 234 67
28 111 261 262 4
28 112 894 895 2
28 113 285 286 88
28 114 983 984 19
28 115 224 225 94
28 116 171 172 81
28 117 751 752 92
28 118 924 925 51
28 119 712 713 39
29 61 309 309 23
29 62 809 810 63
29 63 304 305 95
29 64 902 903 86
29 65 556 557 78
29 66 804 805 75
29 67 392 393 4
29 68 967 967 25
29 69 305 306 23
29 70 177 178 59
29 71 994 995 36
29 72 884 885 37
29 73 228 228 33
29 74 506 507 28
29 75 531 532 0
29 76 651 652 47
29 77 372 373 77
29 78 431 432 24
29 79 748 749 61
29 80 980 981 0
29 81 563 564 38
29 82 194 195 97
29 83 209 210 29
29 84 13 14 55
29 85 223 224 27
29 86 451 452 2
29 87 201 202 38
29 88 903 904 75
29 89 362 363 91
29 90 933 934 2
29 91 888 889 11
29 92 23 24 79
29 93 426 427 84
29 94 287 288 11
29 95 712 713 48
29 96 437 438 8
29 97 946 947 97
29 98 700 701 21
29 99 196 197 9
29 100 0 1 13
29 101 272 272 27
29 102 323 324 58
29 103 540 541 42
29 104 928 929 18
29 105 253 254 60
29 106 623 624 33
29 107 316 317 28
29 108 947 948 13
29 109 328 329 80
29 110 536 537 95
29 111 557 558 82
29 112 521 522 85
29 113 699 700 53
29 114 473 474 90
29 115 714 715 0
29 116 568 569 36
29 117 308 309 90
29 118 664 665 6
29 119 259 260 71
30 61 345 346 55
30 62 742 743 86
30 63 58 59 19
30 64 910 910 57
30 65 744 745 33
30 66 397 398 78
30 67 460 461 29
30 68 953 954 66
30 69 984 985 88
30 70 509 510 58
30 71 554 554 74
30 72 130 131 94
30 73 789 790 57
30 74 580 580 84
30 75 164 165 36
30 76 687 688 89
30 77 504 505 52
30 78 596 597 93
30 79 68 69 20
30 80 78 79 10
30 81 543 544 25
30 82 578 579 3
30 83 457 457 21
30 84 582 583 12
30 85 82 82 40
30 86 225 225 67
30 87 567 567 51
30 88 660 661 52
30 89 6 6 5
30 90 799 800 2
30 91 165 166 51
30 92 159 159 41
30 93 798 799 38
30 94 279 280 22
30 95 374 375 54
30 96 76 77 33
30 97 902 903 53
30 98 46 47 27
30 99 280 281 34
30 100 971 972 80
30 101 806 807 20
30 102 926 927 65
30 103 560 561 98
30 104 760 760 43
30 105 301 302 79
30 106 302 303 4
30 107 364 365 45
30 108 628 629 86
30 109 587 588 89
30 110 183 183 63
30 111 279 280 78
30 112 633 634 49
30 113 421 422 54
30 114 369 370 12
30 115 337 338 70
30 116 425 426 16
30 117 885 885 48
30 118 548 549 11
30 119 629 629 75
31 61 735 736 81
31 62 256 257 50
31 63 656 657 61
31 64 345 346 97
31 65 516 516 43
31 66 967 968 18
31 67 93 94 98
31 68 209 209 78
31 69 92 93 0
31 70 670 671 25
31 71 811 812 45
31 72 852 853 52
31 73 95 96 88
31 74 551 551 77
31 75 260 261 68
31 76 525 526 18
31 77 969 970 61
31 78 192 192 37
31 79 821 822 87
31 80 508 509 53
31 81 865 866 16
31 82 305 306 61
31 83 256 257 41
31 84 10 11 58
31 85 342 342 69
31 86 183 184 5
31 87 333 334 74
31 88 705 706 21
31 89 373 373 28
31 90 4 5 76
31 91 388 389 54
31 92 890 891 16
31 93 852 853 3
31 94 397 398 98
31 95 989 990 75
31 96 676 677 16
31 97 27 28 42
31 98 402 403 67
31 99 617 618 66
31 100 580 581 21
31 101 813 814 41
31 102 306 307 68
31 103 286 287 48
31 104 127 128 16
31 105 500 501 62
31 106 484 485 19
31 107 959 960 64
31 108 946 947 13
31 109 858 859 77
31 110 199 200 20
31 111 209 210 36
31 112 26 27 32
31 113 361 362 28
31 114 634 635 86
31 115 511 512 52
31 116 469 470 68
31 117 483 484 16
31 118 813 814 13
31 119 254 255 51
32 61 471 472 63
32 62 26 27 56
32 63 430 431 74
32 64 386 387 20
32 65 270 270 82
32 66 2 3 56
32 67 125 126 5
32 68 296 297 40
32 69 319 320 83
32 70 306 307 78
32 71 41 42 49
32 72 970 971 18
32 73 813 814 74
32 74 176 177 65
32 75 752 753 39
32 76 446 446 45
32 77 209 210 69
32 78 50 51 48
32 79 20 21 89
32 80 319 320 98
32 81 861 862 27
32 82 845 846 40
32 83 976 977 56
32 84 154 155 47
32 85 200 201 67
32 86 617 618 47
32 87 935 936 66
32 88 722 723 62
32 89 174 175 79
32 90 722 723 57
32 91 141 142 49
32 92 765 766 2
32 93 165 166 97
32 94 441 442 83
32 95 700 701 78
32 96 797 798 77
32 97 537 538 50
32 98 25 25 3
32 99 752 753 66
32 100 920 921 52
32 101 976 977 89
32 102 587 588 61
32 103 899 900 7
32 104 888 889 96
32 105 158 159 82
32 106 803 804 1
32 107 35 36 27
32 108 579 580 43
32 109 283 284 66
32 110 153 154 58
32 111 655 656 15
32 112 556 557 62
32 113 232 232 59
32 114 729 730 22
32 115 261 262 5
32 116 425 426 16
32 117 766 767 51
32 118 58 59 70
32 119 719 720 88
33 61 283 284 88
33 62 799 800 20
33 63 338 339 81
33 64 921 922 23
33 65 649 650 81
33 66 930 930 29
33 67 449 450 57
33 68 805 806 11
33 69 493 494 39
33 70 539 540 45
33 71 450 451 24
33 72 975 976 7
33 73 125 126 4
33 74 809 810 32
33 75 718 719 72
33 76 449 450 68
33 77 419 420 92
33 78 711 712 58
33 79 864 864 97
33 80 560 561 54
33 81 662 663 48
33 82 987 988 67
33 83 137 138 83
33 84 805 806 9
33 85 967 968 93
33 86 634 634 72
33 87 462 463 16
33 88 173 174 60
33 89 940 941 29
33 90 234 235 85
33 91 493 494 65
33 92 346 347 24
33 93 737 738 92
33 94 399 400 77
33 95 460 461 1
33 96 448 449 74
33 97 770 771 42
33 98 295 296 76
33 99 338 339 4
33 100 816 817 72
33 101 730 731 67
33 102 581 582 62
33 103 116 117 25
33 104 105 106 90
33 105 487 488 84
33 106 289 290 17
33 107 929 930 67
33 108 706 707 46
33 109 836 837 39
33 110 718 719 66
33 111 982 983 29
33 112 121 122 78
33 113 286 287 60
33 114 507 508 48
33 115 715 716 80
33 116 735 736 67
33 117 231 232 78
33 118 28 29 85
33 119 76 77 36
34 61 753 754 53
34 62 542 543 78
34 63 574 574 81
34 64 577 578 71
34 65 792 793 27
34 66 244 245 84
34 67 878 879 1
34 68 367 368 49
34 69 10 11 77
34 70 680 681 35
34 71 170 171 64
34 72 244 245 16
34 73 960 961 55
34 74 613 614 71
34 75 278 279 48
34 76 783 784 32
34 77 838 839 14
34 78 39 40 79
34 79 41 42 62
34 80 70 71 70
34 81 374 375 40
34 82 186 187 21
34 83 509 510 34
34 84 861 862 88
34 85 357 358 93
34 86 891 892 76
34 87 947 948 85
34 88 214 215 82
34 89 91 92 73
34 90 180 181 47
34 91 988 989 77
34 92 756 757 22
34 93 352 353 44
34 94 612 613 48
34 95 65 66 62
34 96 582 582 2
34 97 186 187 36
34 98 581 582 20
34 99 60 61 92
34 100 723 724 79
34 101 904 905 43
34 102 244 244 6
34 103 853 854 31
34 104 920 921 64
34 105 538 539 30
34 106 164 165 5
34 107 398 399 12
34 108 59 60 92
34 109 254 255 6
34 110 588 589 73
34 111 839 839 91
34 112 372 373 79
34 113 237 238 29
34 114 973 974 67
34 115 99 100 49
34 116 822 823 92
34 117 596 597 26
34 118 301 302 92
34 119 25 26 73
35 61 42 43 92
35 62 907 908 89
35 63 494 495 78
35 64 940 941 87
35 65 69 70 31
35 66 241 242 35
35 67 455 456 18
35 68 675 676 56
35 69 701 702 38
35 70 503 504 78
35 71 138 139 3
35 72 82 83 22
35 73 808 809 71
35 74 880 881 14
35 75 245 246 96
35 76 719 720 21
35 77 501 502 85
35 78 776 777 56
35 79 26 27 71
35 80 94 95 24
35 81 936 936 76
35 82 514 515 33
35 83 398 399 45
35 84 773 774 41
35 85 683 684 65
35 86 231 231 82
35 87 781 782 53
35 88 817 818 56
35 89 104 105 78
35 90 478 479 36
35 91 724 725 1
35 92 311 312 10
35 93 64 64 84
35 94 295 296 67
35 95 6 7 98
35 96 227 228 14
35 97 431 432 45
35 98 543 544 55
35 99 528 529 67
35 100 453 454 4
35 101 205 206 38
35 102 639 640 61
35 103 997 998 79
35 104 999 1000 13
35 105 982 982 24
35 106 540 541 68
35 107 315 316 49
35 108 296 297 87
35 109 507 508 91
35 110 513 514 75
35 111 148 149 20
35 112 597 598 11
35 113 559 560 76
35 114 465 466 94
35 115 350 350 72
35 116 618 619 55
35 117 235 236 67
35 118 909 910 48
35 119 579 580 4
36 61 909 910 59
36 62 27 28 7
36 63 28 29 20
36 64 753 754 87
36 65 292 293 6
36 66 686 687 7
36 67 53 54 40
36 68 627 628 80
36 69 810 811 13
36 70 410 411 66
36 71 759 760 71
36 72 830 831 70
36 73 62 63 54
36 74 518 519 27
36 75 34 35 75
36 76 14 15 51
36 77 483 484 52
36 78 62 63 55
36 79 100 100 20
36 80 470 471 0
36 81 265 266 96
36 82 306 307 64
36 83 205 206 13
36 84 707 708 46
36 85 827 828 58
36 86 151 151 6
36 87 803 804 23
36 88 634 635 27
36 89 463 464 88
36 90 877 878 0
36 91 206 207 62
36 92 718 719 88
36 93 241 241 25
36 94 295 295 58
36 95 421 422 7
36 96 827 827 40
36 97 304 305 76
36 98 774 774 76
36 99 63 64 28
36 100 421 422 44
36 101 495 496 2
36 102 191 192 19
36 103 779 780 85
36 104 818 819 1
36 105 86 86 67
36 106 680 681 7
36 107 585 586 0
36 108 499 500 60
36 109 591 591 80
36 110 175 176 9
36 111 158 158 15
36 112 343 344 81
36 113 385 386 21
36 114 651 652 61
36 115 924 925 81
36 116 192 193 94
36 117 784 785 15
36 118 320 321 0
36 119 72 73 87
37 61 132 133 81
37 62 82 82 5
37 63 608 609 49
37 64 138 139 43
37 65 398 399 25
37 66 524 525 75
37 67 765 766 38
37 68 449 450 62
37 69 770 770 40
37 70 67 68 55
37 71 504 505 86
37 72 356 357 31
37 73 605 606 53
37 74 244 244 58
37 75 573 574 50
37 76 338 339 32
37 77 26 27 27
37 78 957 958 9
37 79 116 117 46
37 80 35 36 95
37 81 614 615 94
37 82 457 458 6
37 83 369 370 51
37 84 700 701 35
37 85 485 486 26
37 86 800 801 43
37 87 445 446 7
37 88 895 896 73
37 89 706 706 51
37 90 852 853 84
37 91 827 828 18
37 92 968 969 90
37 93 108 109 4
37 94 101 102 73
37 95 508 509 71
37 96 178 179 96
37 97 507 507 74
37 98 390 391 94
37 99 140 141 69
37 100 520 520 82
37 101 559 560 68
37 102 918 919 75
37 103 434 435 97
37 104 580 581 38
37 105 473 474 24
37 106 632 633 15
37 107 740 741 29
37 108 92 93 81
37 109 144 144 16
37 110 492 493 57
37 111 96 96 90
37 112 744 745 9
37 113 366 366 95
37 114 907 908 85
37 115 4 5 66
37 116 557 558 96
37 117 760 761 60
37 118 574 575 55
37 119 440 441 97
38 61 189 190 70
38 62 274 275 56
38 63 800 801 34
38 64 47 48 36
38 65 340 341 68
38 66 368 369 55
38 67 992 993 79
38 68 809 809 95
38 69 109 110 9
38 70 710 711 52
38 71 784 785 26
38 72 508 508 2
38 73 659 660 3
38 74 17 18 97
38 75 576 577 85
38 76 278 279 45
38 77 0 1 22
38 78 707 708 15
38 79 620 621 69
38 80 492 493 45
38 81 545 546 38
38 82 939 940 29
38 83 353 354 0
38 84 46 47 52
38 85 688 689 68
38 86 451 452 45
38 87 612 613 47
38 88 897 898 63
38 89 945 946 49
38 90 185 185 10
38 91 316 317 59
38 92 772 773 8
38 93 262 263 36
38 94 534 535 90
38 95 11 12 86
38 96 204 205 58
38 97 347 348 92
38 98 946 947 0
38 99 913 914 13
38 100 360 361 23
38 101 99 99 51
38 102 894 895 13
38 103 105 106 68
38 104 573 574 3
38 105 41 41 90
38 106 584 585 4
38 107 609 610 43
38 108 595 596 35
38 109 495 495 37
38 110 906 906 32
38 111 14 14 74
38 112 14 15 11
38 113 818 819 39
38 114 868 869 26
38 115 126 126 32
38 116 774 774 19
38 117 996 997 90
38 118 109 110 73
38 119 93 94 69
39 61 175 176 73
39 62 1 1 77
39 63 926 927 96
39 64 89 90 65
39 65 962 963 79
39 66 954 955 18
39 67 440 440 85
39 68 253 254 27
39 69 674 675 7
39 70 302 302 70
39 71 417 418 93
39 72 570 571 75
39 73 392 393 26
39 74 468 469 84
39 75 27 28 61
39 76 297 298 85
39 77 192 193 65
39 78 690 691 45
39 79 852 853 55
39 80 274 275 11
39 81 97 98 45
39 82 633 634 24
39 83 215 215 32
39 84 8 9 43
39 85 873 874 59
39 86 414 415 58
39 87 465 466 63
39 88 475 476 58
39 89 166 167 49
39 90 643 643 74
39 91 269 270 60
39 92 788 789 93
39 93 118 119 47
39 94 172 173 0
39 95 233 234 36
39 96 37 38 95
39 97 609 610 23
39 98 490 491 47
39 99 167 167 20
39 100 911 912 0
39 101 450 451 26
39 102 435 436 40
39 103 45 46 93
39 104 121 121 76
39 105 521 522 48
39 106 384 385 45
39 107 925 926 49
39 108 992 993 97
39 109 299 300 2
39 110 782 783 6
39 111 30 31 19
39 112 138 139 64
39 113 113 114 26
39 114 758 759 8
39 115 464 464 13
39 116 713 714 49
39 117 485 486 47
39 118 453 454 2
39 119 652 653 94
40 61 214 215 95
40 62 264 265 75
40 63 525 526 3
40 64 474 475 31
40 65 987 988 21
40 66 623 624 59
40 67 58 59 71
40 68 737 738 46
40 69 688 689 77
40 70 769 770 28
40 71 173 173 44
40 72 435 436 16
40 73 520 521 6
40 74 138 139 84
40 75 292 293 75
40 76 174 175 51
40 77 41 42 36
40 78 979 980 9
40 79 400 401 63
40 80 325 326 75
40 81 671 672 86
40 82 520 521 45
40 83 342 342 40
40 84 940 941 58
40 85 921 922 89
40 86 49 50 1
40 87 671 672 98
40 88 103 104 22
40 89 554 555 26
40 90 650 651 53
40 91 976 976 13
40 92 964 965 71
40 93 777 778 65
40 94 259 260 97
40 95 850 851 43
40 96 116 117 56
40 97 594 595 10
40 98 968 968 6
40 99 643 644 77
40 100 223 224 36
40 101 955 956 50
40 102 274 275 51
40 103 227 228 8
40 104 653 654 44
40 105 928 929 7
40 106 268 269 68
40 107 800 801 86
40 108 301 302 14
40 109 719 720 82
40 110 79 80 93
40 111 683 684 45
40 112 346 347 84
40 113 428 429 87
40 114 791 792 53
40 115 777 778 54
40 116 792 793 34
40 117 727 728 80
40 118 771 772 60
40 119 19 20 88
41 61 196 197 55
41 62 105 106 65
41 63 321 322 76
41 64 333 334 67
41 65 857 858 38
41 66 747 748 4
41 67 423 424 91
41 68 979 979 47
41 69 972 973 54
41 70 431 432 80
41 71 819 820 3
41 72 527 528 40
41 73 321 321 17
41 74 829 830 64
41 75 181 182 22
41 76 725 726 25
41 77 540 541 24
41 78 671 672 27
41 79 680 681 90
41 80 808 809 16
41 81 769 770 29
41 82 397 398 54
41 83 588 589 64
41 84 553 554 86
41 85 420 421 69
41 86 513 514 4
41 87 198 199 7
41 88 647 648 87
41 89 642 642 3
41 90 740 741 37
41 91 454 455 73
41 92 298 299 56
41 93 421 422 53
41 94 328 329 16
41 95 297 298 37
41 96 30 30 73
41 97 100 101 41
41 98 788 789 52
41 99 181 182 3
41 100 191 192 52
41 101 969 970 90
41 102 404 405 11
41 103 920 921 92
41 104 159 160 18
41 105 49 49 94
41 106 758 759 74
41 107 857 858 42
41 108 889 890 65
41 109 736 737 19
41 110 901 902 44
41 111 132 133 83
41 112 242 243 42
41 113 74 75 37
41 114 930 930 0
41 115 354 355 52
41 116 179 180 66
41 117 899 900 67
41 118 254 255 89
41 119 215 215 3
42 61 592 593 14
42 62 232 233 20
42 63 833 833 75
42 64 427 428 76
42 65 924 925 63
42 66 76 77 5
42 67 798 799 90
42 68 994 995 80
42 69 723 724 76
42 70 380 381 20
42 71 949 950 64
42 72 804 805 49
42 73 310 311 79
42 74 883 884 78
42 75 800 800 40
42 76 933 934 33
42 77 674 675 1
42 78 574 575 69
42 79 502 503 51
42 80 54 55 85
42 81 561 562 82
42 82 729 730 41
42 83 851 851 0
42 84 234 235 1
42 85 184 185 75
42 86 97 98 77
42 87 94 95 75
42 88 842 843 60
42 89 111 112 48
42 90 520 521 66
42 91 665 665 66
42 92 929 930 65
42 93 405 406 41
42 94 620 621 35
42 95 957 958 15
42 96 633 633 77
42 97 929 930 57
42 98 144 145 45
42 99 708 709 59
42 100 980 981 71
42 101 378 379 58
42 102 1 2 14
42 103 197 198 1
42 104 484 485 21
42 105 848 849 33
42 106 874 875 77
42 107 59 60 63
42 108 140 141 10
42 109 520 521 13
42 110 377 378 44
42 111 974 975 67
42 112 908 909 97
42 113 428 429 17
42 114 928 929 50
42 115 672 673 93
42 116 977 978 17
42 117 793 794 62
42 118 796 796 88
42 119 745 746 46
43 61 898 899 67
43 62 287 288 78
43 63 634 635 97
43 64 76 77 7
43 65 45 46 40
43 66 261 262 11
43 67 13 14 96
43 68 216 217 87
43 69 632 633 60
43 70 194 194 67
43 71 153 154 53
43 72 632 633 50
43 73 440 441 96
43 74 653 654 29
43 75 115 115 55
43 76 812 813 33
43 77 493 494 80
43 78 166 167 3
43 79 950 951 92
43 80 701 702 39
43 81 436 437 28
43 82 66 67 16
43 83 624 625 12
43 84 700 701 13
43 85 172 173 94
43 86 331 331 89
43 87 51 52 49
43 88 132 133 84
43 89 969 970 34
43 90 685 686 84
43 91 285 286 1
43 92 124 125 89
43 93 524 525 18
43 94 491 492 88
43 95 673 674 41
43 96 734 735 51
43 97 649 650 89
43 98 416 417 0
43 99 235 236 51
43 100 563 564 34
43 101 904 904 76
43 102 982 983 13
43 103 551 552 63
43 104 532 533 52
43 105 173 174 64
43 106 51 52 38
43 107 795 796 78
43 108 994 994 41
43 109 256 257 59
43 110 239 239 63
43 111 808 809 77
43 112 399 400 81
43 113 333 334 14
43 114 527 528 2
43 115 565 566 67
43 116 59 60 80
43 117 748 749 66
43 118 725 726 11
43 119 740 741 91
44 61 616 617 90
44 62 739 740 68
44 63 253 254 58
44 64 60 61 46
44 65 622 623 90
44 66 567 568 34
44 67 657 658 95
44 68 525 526 24
44 69 504 504 93
44 70 447 448 5
44 71 814 815 20
44 72 495 496 38
44 73 332 333 5
44 74 241 242 51
44 75 942 942 88
44 76 171 172 45
44 77 983 984 13
44 78 131 132 8
44 79 460 461 66
44 80 192 193 9
44 81 559 560 15
44 82 811 812 65
44 83 963 964 73
44 84 455 456 31
44 85 208 209 67
44 86 263 264 16
44 87 735 735 98
44 88 599 600 2
44 89 880 881 74
44 90 391 391 75
44 91 449 450 70
44 92 251 252 77
44 93 891 892 89
44 94 125 126 64
44 95 344 345 29
44 96 231 232 51
44 97 479 480 43
44 98 492 493 6
44 99 107 107 0
44 100 391 392 18
44 101 96 97 88
44 102 62 63 93
44 103 480 481 16
44 104 384 385 96
44 105 13 14 58
44 106 588 589 81
44 107 104 105 83
44 108 156 157 26
44 109 178 179 40
44 110 578 579 77
44 111 616 616 33
44 112 378 379 74
44 113 172 173 54
44 114 816 817 74
44 115 546 547 75
44 116 51 52 1
44 117 800 801 31
44 118 971 972 8
44 119 442 443 70
45 61 511 512 0
45 62 5 6 11
45 63 234 235 52
45 64 730 731 46
45 65 454 454 50
45 66 341 342 19
45 67 121 122 83
45 68 654 654 83
45 69 528 529 38
45 70 319 320 52
45 71 145 146 97
45 72 240 241 86
45 73 853 854 44
45 74 376 377 50
45 75 662 663 89
45 76 53 54 69
45 77 342 343 62
45 78 942 943 64
45 79 40 41 37
45 80 118 119 61
45 81 874 875 71
45 82 691 692 2
45 83 235 236 50
45 84 408 408 86
45 85 505 506 95
45 86 416 416 65
45 87 79 80 38
45 88 117 118 95
45 89 141 142 81
45 90 464 465 66
45 91 120 121 77
45 92 481 482 14
45 93 164 165 47
45 94 264 265 12
45 95 31 31 2
45 96 101 101 97
45 97 839 840 5
45 98 966 967 74
45 99 871 872 13
45 100 495 496 39
45 101 62 63 29
45 102 383 384 30
45 103 296 297 43
45 104 376 377 24
45 105 650 651 68
45 106 591 592 54
45 107 872 873 45
45 108 861 862 91
45 109 961 962 67
45 110 69 70 0
45 111 773 774 58
45 112 247 248 78
45 113 237 238 1
45 114 484 485 22
45 115 133 134 21
45 116 571 572 13
45 117 878 879 91
45 118 956 956 70
45 119 254 255 74
46 61 418 418 46
46 62 116 117 12
46 63 870 871 28
46 64 990 991 43
46 65 834 835 60
46 66 109 110 23
46 67 803 803 10
46 68 916 917 2
46 69 324 325 70
46 70 813 814 79
46 71 686 687 13
46 72 597 597 61
46 73 796 797 48
46 74 561 562 41
46 75 294 295 97
46 76 257 258 51
46 77 684 685 67
46 78 131 131 8
46 79 69 70 31
46 80 859 860 35
46 81 776 777 34
46 82 681 681 41
46 83 500 501 53
46 84 884 884 56
46 85 139 140 71
46 86 542 543 75
46 87 364 364 87
46 88 456 457 7
46 89 529 530 33
46 90 416 416 79
46 91 374 375 93
46 92 383 384 79
46 93 812 813 23
46 94 520 521 79
46 95 308 309 26
46 96 710 711 39
46 97 335 336 74
46 98 445 446 7
46 99 614 615 48
46 100 643 644 1
46 101 702 703 94
46 102 96 97 63
46 103 734 735 48
46 104 677 678 55
46 105 404 405 97
46 106 673 674 88
46 107 60 60 90
46 108 258 258 0
46 109 714 714 54
46 110 498 499 20
46 111 827 828 76
46 112 15 16 59
46 113 127 128 78
46 114 95 96 9
46 115 954 955 20
46 116 779 780 17
46 117 59 60 61
46 118 772 773 6
46 119 60 61 44
47 61 540 541 52
47 62 251 252 0
47 63 191 192 70
47 64 336 337 72
47 65 121 122 16
47 66 40 40 6
47 67 513 514 21
47 68 217 218 36
47 69 326 327 26
47 70 736 737 58
47 71 721 722 71
47 72 143 144 77
47 73 116 117 19
47 74 459 460 82
47 75 329 330 86
47 76 261 262 56
47 77 102 103 47
47 78 479 480 10
47 79 591 592 82
47 80 537 537 49
47 81 685 686 40
47 82 404 405 7
47 83 869 869 15
47 84 192 193 39
47 85 508 509 34
47 86 785 786 41
47 87 642 643 94
47 88 999 999 8
47 89 324 324 96
47 90 654 655 54
47 91 455 456 49
47 92 610 611 93
47 93 266 267 16
47 94 391 392 1
47 95 355 356 75
47 96 657 658 53
47 97 276 277 22
47 98 696 697 59
47 99 103 104 14
47 100 350 351 87
47 101 736 737 80
47 102 99 100 45
47 103 571 572 90
47 104 152 153 59
47 105 85 86 48
47 106 899 900 35
47 107 999 1000 32
47 108 35 36 70
47 109 480 480 11
47 110 101 102 38
47 111 426 427 30
47 112 734 735 22
47 113 233 234 93
47 114 306 307 31
47 115 447 448 44
47 116 412 413 33
47 117 195 196 2
47 118 542 543 76
47 119 914 915 18
48 61 123 124 32
48 62 927 928 22
48 63 956 957 41
48 64 40 41 9
48 65 512 512 2
48 66 737 738 84
48 67 687 688 61
48 68 445 445 0
48 69 769 770 89
48 70 737 738 4
48 71 58 58 34
48 72 987 988 87
48 73 913 913 71
48 74 451 452 9
48 75 946 947 5
48 76 10 11 29
48 77 784 785 64
48 78 920 921 53
48 79 15 16 32
48 80 514 515 26
48 81 673 674 84
48 82 572 573 39
48 83 735 736 74
48 84 210 211 38
48 85 42 43 71
48 86 518 519 57
48 87 586 587 20
48 88 581 582 13
48 89 583 584 28
48 90 546 547 26
48 91 342 343 67
48 92 120 121 95
48 93 663 664 17
48 94 450 450 95
48 95 845 846 95
48 96 589 590 36
48 97 37 38 90
48 98 601 602 61
48 99 27 28 36
48 100 915 915 47
48 101 489 490 49
48 102 79 80 46
48 103 953 954 61
48 104 172 173 18
48 105 196 197 40
48 106 136 137 32
48 107 572 573 41
48 108 438 439 53
48 109 336 337 69
48 110 908 909 68
48 111 646 647 41
48 112 594 595 42
48 113 478 479 50
48 114 984 985 52
48 115 155 156 42
48 116 752 753 8
48 117 165 166 66
48 118 772 773 94
48 119 798 799 47
49 61 473 474 67
49 62 186 187 53
49 63 884 885 90
49 64 442 443 37
49 65 83 84 40
49 66 338 338 97
49 67 303 304 88
49 68 353 354 78
49 69 784 785 29
49 70 682 683 42
49 71 194 195 75
49 72 913 913 18
49 73 303 304 19
49 74 247 248 6
49 75 958 959 97
49 76 658 659 60
49 77 586 587 27
49 78 103 104 2
49 79 302 303 95
49 80 497 498 89
49 81 103 104 28
49 82 718 719 66
49 83 650 651 5
49 84 712 713 14
49 85 880 881 3
49 86 298 299 79
49 87 478 479 86
49 88 595 595 2
49 89 314 315 37
49 90 264 265 84
49 91 844 845 48
49 92 109 110 73
49 93 9 10 3
49 94 851 852 98
49 95 678 679 3
49 96 17 18 38
49 97 243 244 63
49 98 716 716 18
49 99 581 581 42
49 100 129 130 32
49 101 224 225 30
49 102 253 254 0
49 103 165 166 76
49 104 235 236 33
49 105 761 761 11
49 106 861 862 41
49 107 646 647 84
49 108 998 999 33
49 109 238 238 81
49 110 688 689 25
49 111 613 614 69
49 112 786 787 22
49 113 406 407 9
49 114 924 925 54
49 115 432 433 39
49 116 821 822 86
49 117 627 628 73
49 118 901 902 46
49 119 894 895 4
50 61 599 600 43
50 62 10 11 23
50 63 809 810 16
50 64 197 198 25
50 65 607 607 44
50 66 624 625 61
50 67 292 292 14
50 68 249 250 91
50 69 91 92 62
50 70 960 961 72
50 71 54 55 30
50 72 460 461 75
50 73 436 436 85
50 74 54 55 31
50 75 712 712 63
50 76 81 82 36
50 77 728 729 41
50 78 359 360 19
50 79 763 764 49
50 80 336 337 2
50 81 486 487 64
50 82 287 288 97
50 83 625 626 39
50 84 581 582 40
50 85 189 190 49
50 86 130 131 52
50 87 401 402 38
50 88 392 393 24
50 89 430 431 79
50 90 939 940 71
50 91 207 208 77
50 92 990 991 85
50 93 629 630 97
50 94 800 801 55
50 95 194 195 58
50 96 215 216 7
50 97 693 694 86
50 98 435 436 32
50 99 605 606 6
50 100 838 839 6
50 101 841 842 31
50 102 907 908 69
50 103 918 919 96
50 104 37 38 74
50 105 923 924 50
50 106 105 106 71
50 107 98 99 92
50 108 894 895 47
50 109 48 49 37
50 110 19 20 31
50 111 999 1000 32
50 112 298 298 19
50 113 249 250 27
50 114 277 278 37
50 115 201 202 33
50 116 102 103 23
50 117 540 541 6
50 118 907 908 10
50 119 142 143 37
51 61 513 514 83
51 62 610 611 95
51 63 840 841 57
51 64 449 450 67
51 65 144 145 37
51 66 231 232 24
51 67 330 331 26
51 68 658 659 17
51 69 594 595 49
51 70 917 918 14
51 71 412 413 50
51 72 36 37 43
51 73 764 764 19
51 74 289 290 3
51 75 442 443 57
51 76 262 263 90
51 77 486 487 0
51 78 620 621 22
51 79 593 594 36
51 80 908 909 10
51 81 636 637 26
51 82 931 932 50
51 83 276 277 37
51 84 771 772 2
51 85 190 191 74
51 86 496 496 75
51 87 368 369 12
51 88 88 89 51
51 89 225 226 47
51 90 823 824 72
51 91 985 985 34
51 92 825 826 76
51 93 932 933 12
51 94 585 586 25
51 95 202 203 38
51 96 778 779 63
51 97 347 348 83
51 98 868 869 20
51 99 562 563 20
51 100 58 59 9
51 101 719 720 77
51 102 217 217 25
51 103 369 370 0
51 104 451 452 52
51 105 732 733 25
51 106 613 614 71
51 107 239 240 35
51 108 958 959 91
51 109 137 138 81
51 110 409 410 82
51 111 278 279 55
51 112 948 949 91
51 113 260 261 10
51 114 266 267 43
51 115 819 820 22
51 116 126 127 79
51 117 820 820 81
51 118 353 354 49
51 119 336 337 74
52 61 574 575 3
52 62 77 78 70
52 63 868 869 55
52 64 533 534 67
52 65 212 213 93
52 66 935 936 77
52 67 428 428 40
52 68 282 283 71
52 69 194 195 73
52 70 439 440 74
52 71 85 86 17
52 72 375 376 21
52 73 168 169 61
52 74 285 286 89
52 75 144 144 98
52 76 813 814 11
52 77 561 562 18
52 78 364 365 41
52 79 68 69 62
52 80 658 659 93
52 81 956 957 91
52 82 702 703 22
52 83 553 554 97
52 84 144 145 9
52 85 412 413 79
52 86 29 30 56
52 87 556 557 15
52 88 950 951 65
52 89 264 265 94
52 90 610 611 23
52 91 334 335 72
52 92 342 343 32
52 93 100 101 53
52 94 706 707 68
52 95 429 430 0
52 96 566 567 58
52 97 214 215 32
52 98 892 893 20
52 99 361 362 98
52 100 951 952 59
52 101 850 851 67
52 102 949 950 78
52 103 344 345 78
52 104 729 730 9
52 105 614 615 7
52 106 908 909 55
52 107 867 868 5
52 108 325 326 56
52 109 999 1000 89
52 110 830 831 3
52 111 367 368 36
52 112 137 138 29
52 113 594 595 89
52 114 739 740 98
52 115 468 469 17
52 116 488 489 23
52 117 643 644 69
52 118 431 432 46
52 119 921 922 96
53 61 823 824 47
53 62 2 3 88
53 63 834 835 54
53 64 262 263 54
53 65 161 162 30
53 66 185 186 27
53 67 240 241 42
53 68 569 570 83
53 69 948 949 41
53 70 359 360 48
53 71 786 787 48
53 72 458 459 43
53 73 698 699 49
53 74 513 514 73
53 75 483 484 87
53 76 959 960 4
53 77 504 505 60
53 78 99 100 91
53 79 588 589 16
53 80 705 706 91
53 81 875 876 62
53 82 707 707 69
53 83 985 986 72
53 84 996 997 88
53 85 502 503 27
53 86 359 360 94
53 87 426 427 57
53 88 419 420 74
53 89 989 990 68
53 90 834 835 19
53 91 730 730 85
53 92 634 635 56
53 93 741 742 43
53 94 235 236 9
53 95 915 916 2
53 96 650 650 85
53 97 953 954 67
53 98 501 502 9
53 99 960 961 10
53 100 40 41 19
53 101 231 232 57
53 102 560 560 5
53 103 58 59 47
53 104 174 175 1
53 105 161 162 38
53 106 799 800 78
53 107 36 37 17
53 108 625 626 28
53 109 429 430 48
53 110 552 553 68
53 111 638 639 82
53 112 58 59 93
53 113 813 814 0
53 114 87 88 22
53 115 301 302 31
53 116 901 902 50
53 117 728 729 74
53 118 51 51 28
53 119 626 627 16
54 61 53 54 89
54 62 479 480 68
54 63 791 792 45
54 64 879 880 94
54 65 581 582 93
54 66 393 394 23
54 67 315 316 16
54 68 893 894 67
54 69 624 625 46
54 70 263 264 89
54 71 105 106 45
54 72 761 762 15
54 73 443 444 54
54 74 48 49 37
54 75 576 577 76
54 76 922 923 70
54 77 350 351 80
54 78 598 598 68
54 79 244 244 27
54 80 981 982 1
54 81 654 655 18
54 82 615 616 44
54 83 675 676 3
54 84 825 826 45
54 85 14 15 32
54 86 342 343 83
54 87 82 82 71
54 88 867 868 81
54 89 337 338 85
54 90 871 872 53
54 91 927 927 15
54 92 747 748 66
54 93 634 635 63
54 94 638 639 84
54 95 244 245 25
54 96 677 678 23
54 97 500 501 44
54 98 545 546 57
54 99 906 907 76
54 100 425 426 20
54 101 394 395 94
54 102 482 483 82
54 103 667 668 36
54 104 691 692 23
54 105 993 994 70
54 106 646 646 15
54 107 319 320 45
54 108 516 517 44
54 109 440 441 77
54 110 880 881 31
54 111 232 232 27
54 112 311 312 96
54 113 743 744 77
54 114 558 559 16
54 115 630 631 65
54 116 229 230 56
54 117 973 973 11
54 118 579 580 78
54 119 324 325 2
55 61 618 619 50
55 62 249 249 92
55 63 908 909 42
55 64 321 322 93
55 65 885 886 71
55 66 810 811 85
55 67 531 532 32
55 68 0 1 93
55 69 540 541 38
55 70 511 512 77
55 71 655 656 14
55 72 825 826 67
55 73 318 319 5
55 74 855 856 78
55 75 922 923 87
55 76 709 710 47
55 77 111 111 20
55 78 522 522 82
55 79 425 426 16
55 80 85 86 3
55 81 359 360 69
55 82 286 286 72
55 83 495 496 60
55 84 764 765 43
55 85 867 868 84
55 86 203 203 42
55 87 603 604 27
55 88 121 122 38
55 89 83 84 47
55 90 488 489 15
55 91 725 726 95
55 92 294 294 54
55 93 178 179 82
55 94 659 660 5
55 95 894 895 17
55 96 419 419 12
55 97 985 986 63
55 98 614 615 26
55 99 605 606 71
55 100 20 21 44
55 101 804 805 30
55 102 652 653 97
55 103 258 259 51
55 104 502 503 76
55 105 460 461 35
55 106 984 985 28
55 107 439 440 88
55 108 438 439 98
55 109 835 836 14
55 110 782 782 41
55 111 169 170 65
55 112 251 252 51
55 113 355 356 14
55 114 576 577 28
55 115 84 85 43
55 116 223 224 0
55 117 176 177 66
55 118 730 731 83
55 119 245 246 39
56 61 306 307 13
56 62 233 234 19
56 63 494 495 19
56 64 901 902 92
56 65 87 88 32
56 66 715 716 50
56 67 977 978 87
56 68 805 806 52
56 69 860 861 25
56 70 606 607 51
56 71 924 925 40
56 72 156 157 10
56 73 878 879 33
56 74 886 887 13
56 75 277 278 43
56 76 42 43 33
56 77 755 756 0
56 78 427 427 97
56 79 139 140 58
56 80 113 114 14
56 81 375 376 73
56 82 993 994 33
56 83 605 606 31
56 84 511 512 83
56 85 880 881 2
56 86 721 721 21
56 87 916 917 92
56 88 902 902 6
56 89 145 146 80
56 90 614 614 63
56 91 636 637 9
56 92 595 596 9
56 93 427 428 91
56 94 913 914 44
56 95 543 544 80
56 96 306 307 73
56 97 951 952 96
56 98 622 623 43
56 99 994 995 44
56 100 465 466 16
56 101 61 62 0
56 102 460 461 13
56 103 774 775 70
56 104 633 634 98
56 105 768 769 73
56 106 585 586 17
56 107 889 890 88
56 108 776 777 13
56 109 16 17 41
56 110 108 109 51
56 111 66 67 67
56 112 337 338 44
56 113 423 424 12
56 114 865 866 33
56 115 976 977 70
56 116 466 467 90
56 117 580 581 73
56 118 128 129 5
56 119 764 765 0
57 61 821 822 29
57 62 147 148 30
57 63 638 639 21
57 64 386 386 56
57 65 384 385 93
57 66 339 340 82
57 67 738 739 65
57 68 804 805 38
57 69 293 293 90
57 70 982 983 66
57 71 66 67 73
57 72 119 120 12
57 73 314 315 76
57 74 661 662 9
57 75 108 109 96
57 76 812 813 40
57 77 98 98 42
57 78 33 34 37
57 79 853 854 2
57 80 144 145 38
57 81 147 148 46
57 82 331 332 18
57 83 309 310 27
57 84 124 125 38
57 85 886 887 4
57 86 405 406 16
57 87 345 346 85
57 88 726 727 15
57 89 434 434 1
57 90 415 416 98
57 91 560 561 51
57 92 423 424 65
57 93 329 329 35
57 94 764 765 48
57 95 391 392 8
57 96 523 524 1
57 97 721 722 44
57 98 50 51 6
57 99 173 174 3
57 100 596 597 21
57 101 60 61 41
57 102 893 894 23
57 103 135 136 78
57 104 374 375 59
57 105 945 946 94
57 106 844 845 39
57 107 493 494 26
57 108 300 301 59
57 109 1 2 84
57 110 98 99 58
57 111 954 955 43
57 112 778 779 35
57 113 459 460 81
57 114 902 903 52
57 115 688 689 27
57 116 58 59 39
57 117 920 921 64
57 118 996 997 43
57 119 715 716 86
58 61 607 608 49
58 62 663 664 26
58 63 530 531 14
58 64 921 922 17
58 65 885 886 91
58 66 67 68 94
58 67 380 381 0
58 68 97 97 11
58 69 743 744 50
58 70 104 104 9
58 71 184 185 90
58 72 64 65 41
58 73 87 88 35
58 74 497 498 71
58 75 82 83 7
58 76 69 70 12
58 77 705 706 92
58 78 565 566 33
58 79 946 947 82
58 80 943 944 93
58 81 888 889 20
58 82 405 406 23
58 83 305 306 28
58 84 377 378 42
58 85 680 681 55
58 86 864 865 68
58 87 544 545 78
58 88 285 286 25
58 89 994 995 23
58 90 984 985 43
58 91 945 946 13
58 92 102 103 54
58 93 452 453 95
58 94 554 555 74
58 95 452 453 67
58 96 196 197 34
58 97 222 223 64
58 98 289 290 27
58 99 227 228 7
58 100 900 901 41
58 101 126 127 49
58 102 876 877 34
58 103 750 751 75
58 104 413 414 42
58 105 829 830 77
58 106 35 36 73
58 107 496 497 15
58 108 957 958 54
58 109 367 368 49
58 110 230 231 50
58 111 455 456 43
58 112 402 403 65
58 113 839 840 3
58 114 223 224 96
58 115 848 849 96
58 116 385 385 18
58 117 353 354 9
58 118 203 204 48
58 119 921 922 40
59 61 522 523 68
59 62 142 143 25
59 63 468 469 8
59 64 230 231 5
59 65 322 323 28
59 66 476 477 14
59 67 890 891 52
59 68 325 326 19
59 69 56 57 2
59 70 891 892 52
59 71 869 870 95
59 72 993 994 47
59 73 792 793 31
59 74 369 370 74
59 75 301 302 60
59 76 835 836 8
59 77 299 300 38
59 78 990 991 26
59 79 795 796 84
59 80 764 765 7
59 81 733 734 6
59 82 537 538 5
59 83 685 686 97
59 84 708 709 32
59 85 198 199 80
59 86 801 802 66
59 87 53 54 94
59 88 70 71 76
59 89 162 163 17
59 90 685 686 40
59 91 859 860 63
59 92 618 619 87
59 93 441 442 75
59 94 397 398 66
59 95 918 919 69
59 96 602 603 56
59 97 503 504 68
59 98 47 48 90
59 99 535 536 63
59 100 445 445 34
59 101 717 718 96
59 102 731 732 12
59 103 295 296 12
59 104 143 144 63
59 105 614 614 36
59 106 782 783 39
59 107 956 956 29
59 108 983 984 44
59 109 955 956 32
59 110 891 892 44
59 111 975 976 92
59 112 599 600 97
59 113 487 488 87
59 114 5 6 67
59 115 985 986 27
59 116 424 424 73
59 117 276 276 47
59 118 807 808 60
59 119 809 810 51
61 122 26958 26959 35
62 122 22607 22607 3
63 122 30684 30685 29
64 122 27554 27555 51
65 122 31616 31617 84
66 122 29907 29908 33
67 122 29143 29144 53
68 122 28811 28811 87
69 122 31848 31849 64
70 122 31320 31321 59
71 122 28636 28637 54
72 122 31027 31028 5
73 122 31156 31156 89
74 122 28089 28089 61
75 122 26046 26047 79
76 122 28114 28115 36
77 122 31865 31865 55
78 122 29330 29331 30
79 122 27798 27799 87
80 122 28337 28337 75
81 122 33716 33717 50
82 122 30220 30221 3
83 122 29644 29645 78
84 122 31252 31253 29
85 122 30245 30246 68
86 122 26727 26728 46
87 122 27637 27638 77
88 122 31469 31470 87
89 122 26598 26599 97
90 122 33264 33265 46
91 122 32143 32144 16
92 122 29584 29585 49
93 122 25572 25572 5
94 122 28447 28448 62
95 122 25370 25371 88
96 122 28583 28584 45
97 122 30165 30166 2
98 122 32000 32001 7
99 122 27530 27531 74
100 122 31635 31636 68
101 122 31041 31042 85
102 122 26916 26917 7
103 122 30574 30575 61
104 122 29114 29115 75
105 122 29348 29349 73
106 122 33399 33400 15
107 122 31510 31510 80
108 122 33566 33567 72
109 122 29843 29844 78
110 122 27942 27943 14
111 122 28844 28845 1
112 122 26130 26131 34
113 122 24995 24996 4
114 122 33963 33964 93
115 122 28848 28849 61
116 122 30841 30841 73
117 122 33699 33700 52
118 122 32860 32861 45
119 122 29158 29159 13
42 399 41 42
41 1 9196 9197 22
41 2 9219 9220 43
41 3 10808 10809 31
41 4 7314 7315 46
41 5 9861 9862 17
41 6 7839 7840 70
41 7 8334 8335 6
41 8 9466 9467 66
41 9 7014 7015 79
41 10 9885 9886 18
41 11 9037 9038 28
41 12 9468 9469 5
41 13 12121 12122 65
41 14 10466 10467 37
41 15 8978 8978 37
41 16 9225 9226 8
41 17 11443 11444 66
41 18 8436 8437 76
41 19 11524 11525 44
1 21 522 523 23
1 22 612 613 72
1 23 528 529 55
1 24 498 499 7
1 25 217 218 94
1 26 63 64 32
1 27 943 944 87
1 28 79 80 27
1 29 669 670 9
1 30 813 814 53
1 31 553 554 44
1 32 336 336 74
1 33 351 352 84
1 34 715 716 73
1 35 468 469 63
1 36 762 763 27
1 37 640 640 52
1 38 394 395 31
1 39 24 25 82
2 21 912 913 63
2 22 18 19 45
2 23 709 710 81
2 24 626 627 25
2 25 328 329 4
2 26 301 302 2
2 27 76 77 76
2 28 52 53 92
2 29 571 572 0
2 30 875 876 22
2 31 356 357 69
2 32 858 859 8
2 33 649 650 13
2 34 508 509 95
2 35 596 597 36
2 36 271 272 62
2 37 467 468 49
2 38 851 852 19
2 39 185 186 98
3 21 782 783 98
3 22 607 608 94
3 23 903 904 22
3 24 875 876 41
3 25 769 770 3
3 26 120 121 43
3 27 475 476 37
3 28 502 503 81
3 29 214 215 16
3 30 884 885 31
3 31 310 311 18
3 32 738 739 13
3 33 580 581 49
3 34 356 357 88
3 35 740 741 41
3 36 324 325 74
3 37 731 732 22
3 38 590 591 9
3 39 299 300 8
4 21 619 620 51
4 22 385 386 87
4 23 22 23 63
4 24 198 199 65
4 25 563 564 70
4 26 70 71 79
4 27 601 602 52
4 28 46 47 77
4 29 349 350 9
4 30 769 770 35
4 31 465 466 5
4 32 828 828 56
4 33 37 38 57
4 34 224 225 39
4 35 877 878 58
4 36 664 665 84
4 37 490 491 56
4 38 84 85 40
4 39 14 15 82
5 21 286 287 52
5 22 954 955 78
5 23 467 468 69
5 24 98 99 13
5 25 835 836 12
5 26 268 269 32
5 27 620 621 35
5 28 380 381 54
5 29 380 381 6
5 30 548 549 83
5 31 518 519 17
5 32 226 227 95
5 33 600 601 51
5 34 522 523 81
5 35 554 555 17
5 36 758 758 23
5 37 793 793 37
5 38 403 404 54
5 39 644 645 15
6 21 366 367 67
6 22 223 224 28
6 23 183 184 84
6 24 422 423 71
6 25 613 614 62
6 26 12 13 25
6 27 89 90 27
6 28 142 143 23
6 29 95 96 53
6 30 289 290 66
6 31 755 756 67
6 32 683 684 30
6 33 80 81 46
6 34 896 897 43
6 35 719 720 0
6 36 347 348 2
6 37 326 327 13
6 38 800 801 86
6 39 791 792 6
7 21 735 736 66
7 22 66 67 59
7 23 996 997 24
7 24 277 278 26
7 25 589 589 26
7 26 867 868 83
7 27 268 269 42
7 28 308 309 8
7 29 630 631 33
7 30 268 269 91
7 31 659 660 65
7 32 253 254 2
7 33 358 359 47
7 34 57 58 35
7 35 815 816 93
7 36 98 98 3
7 37 319 320 27
7 38 109 110 26
7 39 652 653 77
8 21 200 201 27
8 22 862 863 73
8 23 87 88 89
8 24 729 730 23
8 25 613 613 87
8 26 292 293 6
8 27 768 769 11
8 28 729 730 58
8 29 134 135 72
8 30 894 895 1
8 31 103 104 42
8 32 868 869 80
8 33 195 195 94
8 34 438 439 31
8 35 38 39 21
8 36 491 492 15
8 37 560 561 18
8 38 928 929 79
8 39 530 530 66
9 21 448 449 77
9 22 110 111 19
9 23 69 70 49
9 24 190 191 7
9 25 180 181 19
9 26 336 337 87
9 27 675 676 19
9 28 169 170 3
9 29 678 679 3
9 30 943 944 48
9 31 91 92 17
9 32 75 76 27
9 33 843 844 2
9 34 71 72 70
9 35 258 259 21
9 36 828 829 42
9 37 88 89 89
9 38 624 625 78
9 39 329 330 60
10 21 373 374 72
10 22 130 131 80
10 23 613 614 24
10 24 461 462 63
10 25 117 118 85
10 26 87 88 16
10 27 288 289 12
10 28 319 320 71
10 29 838 839 80
10 30 922 923 33
10 31 524 525 72
10 32 597 598 13
10 33 846 847 9
10 34 666 666 37
10 35 681 682 48
10 36 712 713 36
10 37 782 783 26
10 38 124 125 96
10 39 796 797 90
11 21 676 677 80
11 22 46 46 92
11 23 821 822 69
11 24 949 950 56
11 25 594 595 16
11 26 710 711 16
11 27 65 66 17
11 28 23 23 69
11 29 657 658 7
11 30 606 606 64
11 31 319 319 89
11 32 732 733 47
11 33 57 58 47
11 34 112 113 51
11 35 290 291 28
11 36 726 727 75
11 37 551 552 94
11 38 673 674 1
11 39 425 426 95
12 21 494 495 13
12 22 892 893 92
12 23 396 397 97
12 24 959 960 66
12 25 217 218 97
12 26 118 119 71
12 27 598 599 47
12 28 69 70 86
12 29 158 159 74
12 30 13 14 28
12 31 915 916 30
12 32 643 644 33
12 33 858 859 78
12 34 287 288 92
12 35 184 185 95
12 36 867 868 91
12 37 732 733 7
12 38 461 462 57
12 39 599 600 64
13 21 182 183 81
13 22 529 530 30
13 23 932 933 83
13 24 166 167 76
13 25 524 525 30
13 26 265 266 48
13 27 892 892 73
13 28 512 513 87
13 29 785 786 52
13 30 656 657 48
13 31 820 821 13
13 32 922 923 15
13 33 930 931 12
13 34 318 318 1
13 35 748 749 59
13 36 719 720 58
13 37 892 893 40
13 38 768 769 4
13 39 554 555 13
14 21 421 422 89
14 22 950 951 73
14 23 60 61 30
14 24 814 815 15
14 25 845 846 21
14 26 970 971 96
14 27 897 898 22
14 28 590 591 28
14 29 927 928 77
14 30 56 57 52
14 31 989 990 27
14 32 11 12 35
14 33 12 13 70
14 34 907 908 83
14 35 444 445 60
14 36 641 641 10
14 37 331 332 76
14 38 425 426 3
14 39 168 169 82
15 21 331 332 14
15 22 556 557 43
15 23 807 808 39
15 24 436 436 60
15 25 5 6 40
15 26 168 169 29
15 27 35 36 41
15 28 719 720 28
15 29 400 400 92
15 30 967 968 69
15 31 393 394 8
15 32 455 456 89
15 33 889 890 98
15 34 328 329 20
15 35 455 456 32
15 36 756 757 86
15 37 802 803 47
15 38 445 446 21
15 39 24 25 92
16 21 905 906 85
16 22 744 745 64
16 23 540 541 72
16 24 12 13 20
16 25 102 103 91
16 26 412 413 2
16 27 231 232 49
16 28 870 871 47
16 29 705 706 60
16 30 194 195 56
16 31 773 774 29
16 32 358 359 82
16 33 768 769 97
16 34 789 789 95
16 35 7 8 7
16 36 701 702 9
16 37 16 16 22
16 38 992 993 14
16 39 99 100 13
17 21 787 788 39
17 22 970 971 90
17 23 206 207 77
17 24 917 918 57
17 25 748 749 63
17 26 176 177 59
17 27 724 725 6
17 28 721 722 85
17 29 110 111 79
17 30 996 997 68
17 31 586 587 34
17 32 202 203 78
17 33 805 806 57
17 34 258 259 30
17 35 365 366 90
17 36 366 367 88
17 37 744 745 43
17 38 769 770 20
17 39 984 985 69
18 21 527 527 39
18 22 553 554 33
18 23 166 166 29
18 24 614 615 1
18 25 620 621 73
18 26 41 42 29
18 27 9 10 91
18 28 762 763 11
18 29 846 847 80
18 30 658 659 17
18 31 198 199 46
18 32 519 520 74
18 33 252 253 13
18 34 154 155 52
18 35 493 494 34
18 36 144 145 52
18 37 495 496 71
18 38 399 400 32
18 39 978 979 8
19 21 274 275 17
19 22 615 616 15
19 23 829 830 18
19 24 686 687 41
19 25 852 853 45
19 26 756 757 58
19 27 698 699 62
19 28 948 949 16
19 29 614 615 6
19 30 133 133 8
19 31 875 876 57
19 32 141 142 81
19 33 895 895 10
19 34 717 718 2
19 35 284 285 32
19 36 533 534 62
19 37 78 79 33
19 38 776 777 18
19 39 812 812 88
21 42 9848 9849 5
22 42 9832 9833 6
23 42 9342 9343 96
24 42 9936 9937 51
25 42 9338 9339 38
26 42 6041 6042 76
27 42 8959 8960 43
28 42 7948 7949 7
29 42 9768 9769 48
30 42 11492 11493 21
31 42 10210 10211 84
32 42 9453 9454 75
33 42 10012 10013 29
34 42 8330 8331 24
35 42 9026 9027 3
36 42 10716 10717 34
37 42 9843 9844 23
38 42 10624 10625 8
39 42 8915 8915 53
22 99 21 22
21 1 4732 4732 14
21 2 4745 4745 97
21 3 3502 3503 18
21 4 4020 4021 78
21 5 4509 4510 85
21 6 4113 4114 89
21 7 4574 4575 52
21 8 3847 3848 19
21 9 4550 4551 73
1 11 189 190 52
1 12 475 476 48
1 13 17 18 46
1 14 708 709 86
1 15 971 972 26
1 16 149 150 90
1 17 770 771 3
1 18 471 472 37
1 19 977 978 4
2 11 688 688 83
2 12 52 53 92
2 13 920 921 16
2 14 408 409 72
2 15 700 701 43
2 16 762 763 88
2 17 346 347 86
2 18 699 700 15
2 19 166 167 31
3 11 946 947 17
3 12 372 373 0
3 13 306 307 73
3 14 208 209 12
3 15 45 46 71
3 16 427 428 54
3 17 433 434 28
3 18 422 423 43
3 19 339 340 26
4 11 388 389 31
4 12 170 170 7
4 13 75 76 89
4 14 541 542 95
4 15 411 412 18
4 16 943 944 87
4 17 770 771 55
4 18 345 346 12
4 19 375 376 38
5 11 617 618 91
5 12 389 390 32
5 13 538 539 73
5 14 594 595 31
5 15 300 301 44
5 16 25 26 65
5 17 877 878 19
5 18 926 926 75
5 19 240 241 91
6 11 184 185 39
6 12 93 94 0
6 13 971 972 95
6 14 753 754 53
6 15 534 535 49
6 16 584 585 96
6 17 842 842 68
6 18 8 9 5
6 19 141 142 3
7 11 56 56 48
7 12 326 327 58
7 13 985 986 58
7 14 802 803 9
7 15 803 804 45
7 16 301 302 82
7 17 451 451 42
7 18 77 78 70
7 19 771 772 57
8 11 868 869 62
8 12 810 811 55
8 13 516 517 70
8 14 30 31 40
8 15 184 185 41
8 16 200 201 84
8 17 112 113 55
8 18 567 568 2
8 19 557 558 27
9 11 904 904 55
9 12 254 254 6
9 13 180 181 54
9 14 171 172 67
9 15 642 643 37
9 16 536 537 86
9 17 158 159 56
9 18 900 900 65
9 19 802 803 29
11 22 4843 4844 98
12 22 2945 2945 55
13 22 4511 4512 80
14 22 4220 4221 71
15 22 4592 4593 87
16 22 3931 3932 39
17 22 4762 4763 34
18 22 4417 4418 33
19 22 4372 4373 51
10 15 9 10
9 1 16 18 4
9 2 12 13 13
9 3 11 12 49
1 5 3 4 2
1 6 6 7 52
1 7 9 10 38
2 5 8 9 39
2 6 2 3 19
2 7 1 2 31
3 5 3 4 74
3 6 1 2 32
3 7 6 7 50
5 10 16 16 4
6 10 10 10 51
7 10 14 15 35
10 15 9 10
9 1 16 18 92
9 2 12 13 3
9 3 11 12 57
1 5 3 4 87
1 6 6 7 26
1 7 9 10 15
2 5 8 9 92
2 6 2 3 21
2 7 0 1 11
3 5 3 4 75
3 6 1 2 60
3 7 6 7 78
5 10 16 16 33
6 10 10 11 19
7 10 14 15 27
