82 1599 81 82
81 1 17843 17844 83
81 2 20343 20344 6
81 3 19760 19761 10
81 4 20773 20774 47
81 5 18711 18712 72
81 6 19083 19084 61
81 7 19214 19215 0
81 8 18799 18800 33
81 9 21908 21909 74
81 10 19697 19698 16
81 11 19825 19826 73
81 12 18853 18853 72
81 13 20067 20068 51
81 14 20581 20582 48
81 15 21360 21361 26
81 16 17895 17896 26
81 17 18212 18213 46
81 18 21532 21533 19
81 19 18046 18047 71
81 20 20560 20561 29
81 21 19267 19267 76
81 22 20581 20582 67
81 23 17632 17632 81
81 24 18155 18156 62
81 25 18473 18474 50
81 26 17481 17482 42
81 27 18243 18244 10
81 28 17900 17901 66
81 29 17370 17371 76
81 30 18326 18327 73
81 31 19728 19729 59
81 32 17251 17252 47
81 33 19382 19382 91
81 34 20024 20025 79
81 35 20307 20308 64
81 36 16253 16254 75
81 37 18590 18591 64
81 38 20146 20147 19
81 39 18716 18717 71
1 41 561 562 71
1 42 374 375 20
1 43 231 232 29
1 44 80 80 85
1 45 748 749 40
1 46 288 289 39
1 47 466 467 12
1 48 241 242 32
1 49 804 805 60
1 50 14 15 58
1 51 700 701 13
1 52 674 675 56
1 53 747 748 96
1 54 42 43 45
1 55 80 81 86
1 56 6 7 71
1 57 972 972 27
1 58 547 548 68
1 59 925 926 70
1 60 92 93 78
1 61 66 67 70
1 62 139 140 44
1 63 382 383 49
1 64 714 714 95
1 65 17 18 95
1 66 719 720 52
1 67 508 509 61
1 68 896 897 90
1 69 379 380 98
1 70 818 819 40
1 71 575 576 10
1 72 329 330 73
1 73 285 286 28
1 74 643 644 89
1 75 425 426 37
1 76 813 814 34
1 77 263 264 48
1 78 443 443 44
1 79 819 820 13
2 41 409 410 78
2 42 607 608 28
2 43 216 217 22
2 44 589 590 13
2 45 302 303 57
2 46 294 295 18
2 47 964 965 63
2 48 187 188 36
2 49 678 679 44
2 50 634 635 39
2 51 590 591 65
2 52 947 948 18
2 53 946 947 44
2 54 450 451 22
2 55 880 881 41
2 56 136 137 3
2 57 879 880 83
2 58 694 695 23
2 59 895 896 60
2 60 105 106 40
2 61 252 252 94
2 62 204 205 68
2 63 471 472 19
2 64 530 531 56
2 65 878 879 19
2 66 124 125 33
2 67 941 942 65
2 68 594 595 56
2 69 508 509 37
2 70 549 550 25
2 71 290 290 59
2 72 44 45 37
2 73 987 988 73
2 74 365 366 69
2 75 7 7 84
2 76 335 336 43
2 77 651 652 71
2 78 397 398 68
2 79 795 796 80
3 41 182 183 45
3 42 832 833 82
3 43 594 595 26
3 44 710 711 28
3 45 592 593 88
3 46 290 291 66
3 47 910 911 23
3 48 442 443 44
3 49 144 145 83
3 50 909 909 54
3 51 981 982 20
3 52 565 566 22
3 53 678 679 78
3 54 178 179 71
3 55 361 362 85
3 56 785 786 79
3 57 997 998 98
3 58 220 221 59
3 59 390 391 14
3 60 612 613 46
3 61 747 748 79
3 62 164 165 94
3 63 926 927 42
3 64 32 33 42
3 65 388 389 97
3 66 597 598 65
3 67 870 871 24
3 68 211 212 6
3 69 655 655 3
3 70 129 130 85
3 71 87 87 69
3 72 216 217 2
3 73 255 256 66
3 74 34 35 2
3 75 590 591 13
3 76 980 981 56
3 77 524 525 61
3 78 778 779 85
3 79 189 190 18
4 41 218 219 89
4 42 80 81 62
4 43 316 317 68
4 44 864 865 72
4 45 48 49 51
4 46 906 907 8
4 47 808 809 96
4 48 304 305 94
4 49 96 97 59
4 50 822 822 98
4 51 579 580 76
4 52 780 781 94
4 53 152 152 31
4 54 507 508 69
4 55 629 629 90
4 56 563 564 21
4 57 786 787 4
4 58 179 180 24
4 59 409 410 32
4 60 531 532 28
4 61 804 805 54
4 62 655 656 59
4 63 832 832 66
4 64 12 13 90
4 65 825 826 93
4 66 985 986 74
4 67 471 471 53
4 68 278 279 23
4 69 319 319 60
4 70 95 96 84
4 71 452 453 31
4 72 647 648 2
4 73 751 751 68
4 74 999 1000 31
4 75 765 766 23
4 76 942 943 65
4 77 440 441 71
4 78 781 782 33
4 79 129 130 28
5 41 643 644 87
5 42 196 197 53
5 43 311 312 45
5 44 332 333 89
5 45 372 372 94
5 46 905 906 37
5 47 346 347 62
5 48 367 367 94
5 49 778 778 27
5 50 753 754 21
5 51 434 435 69
5 52 46 47 89
5 53 138 139 12
5 54 75 76 9
5 55 286 287 54
5 56 937 938 68
5 57 669 670 48
5 58 768 769 84
5 59 329 330 66
5 60 172 173 22
5 61 392 393 73
5 62 495 496 54
5 63 434 435 78
5 64 735 736 15
5 65 796 796 16
5 66 433 433 38
5 67 805 806 5
5 68 766 767 50
5 69 431 432 78
5 70 525 526 14
5 71 752 752 31
5 72 810 811 14
5 73 66 67 6
5 74 190 191 18
5 75 847 848 43
5 76 238 239 50
5 77 97 98 32
5 78 368 369 85
5 79 656 657 63
6 41 995 996 62
6 42 741 742 75
6 43 54 55 26
6 44 480 481 12
6 45 213 213 84
6 46 101 102 6
6 47 767 767 56
6 48 652 653 98
6 49 307 308 27
6 50 241 242 6
6 51 876 877 58
6 52 97 98 60
6 53 859 860 28
6 54 54 55 83
6 55 964 965 69
6 56 660 661 38
6 57 899 900 32
6 58 461 462 45
6 59 809 810 7
6 60 786 787 20
6 61 985 986 17
6 62 932 933 91
6 63 704 705 22
6 64 578 579 50
6 65 69 69 82
6 66 411 412 36
6 67 100 101 68
6 68 430 431 25
6 69 137 138 46
6 70 32 33 21
6 71 420 421 7
6 72 446 447 54
6 73 744 744 30
6 74 4 5 27
6 75 120 121 10
6 76 333 334 46
6 77 228 229 2
6 78 443 444 35
6 79 936 937 94
7 41 474 475 78
7 42 582 583 64
7 43 224 225 72
7 44 830 831 60
7 45 15 16 97
7 46 794 794 25
7 47 303 304 61
7 48 263 264 41
7 49 902 903 28
7 50 369 370 61
7 51 921 922 26
7 52 38 39 51
7 53 615 616 34
7 54 165 166 20
7 55 659 660 76
7 56 224 225 47
7 57 403 404 13
7 58 576 577 47
7 59 368 369 11
7 60 265 266 79
7 61 445 446 39
7 62 790 791 97
7 63 106 107 74
7 64 21 22 45
7 65 803 804 83
7 66 462 463 19
7 67 733 734 88
7 68 840 841 27
7 69 553 554 91
7 70 565 566 58
7 71 341 342 25
7 72 791 792 29
7 73 318 319 51
7 74 627 628 87
7 75 266 267 7
7 76 229 230 95
7 77 894 895 38
7 78 700 701 3
7 79 723 724 21
8 41 79 80 16
8 42 510 511 84
8 43 952 953 69
8 44 0 1 39
8 45 664 665 0
8 46 115 115 29
8 47 507 508 97
8 48 983 984 6
8 49 253 254 51
8 50 523 524 8
8 51 85 86 9
8 52 312 313 12
8 53 474 474 85
8 54 426 427 58
8 55 572 573 62
8 56 400 401 97
8 57 284 285 50
8 58 271 272 75
8 59 613 614 39
8 60 250 251 16
8 61 644 644 86
8 62 157 158 91
8 63 79 80 5
8 64 817 817 92
8 65 923 924 75
8 66 674 675 41
8 67 616 617 86
8 68 400 401 11
8 69 216 217 26
8 70 691 692 67
8 71 838 839 82
8 72 122 123 65
8 73 180 180 47
8 74 918 919 16
8 75 536 537 4
8 76 978 979 11
8 77 311 312 45
8 78 422 423 5
8 79 986 987 17
9 41 349 350 47
9 42 40 41 3
9 43 315 316 1
9 44 964 965 46
9 45 163 163 63
9 46 832 833 78
9 47 223 224 80
9 48 707 708 29
9 49 609 610 96
9 50 703 704 81
9 51 938 939 23
9 52 582 582 78
9 53 954 955 10
9 54 654 655 61
9 55 239 240 7
9 56 706 707 28
9 57 49 50 56
9 58 540 541 58
9 59 877 878 52
9 60 647 648 36
9 61 505 506 36
9 62 626 627 76
9 63 216 217 91
9 64 930 931 22
9 65 85 86 2
9 66 254 255 2
9 67 405 406 3
9 68 929 930 1
9 69 448 449 20
9 70 291 292 38
9 71 593 594 86
9 72 33 33 80
9 73 894 895 67
9 74 751 752 81
9 75 842 843 27
9 76 731 732 28
9 77 529 530 43
9 78 828 829 12
9 79 908 909 21
10 41 339 339 22
10 42 278 279 73
10 43 392 392 10
10 44 813 814 93
10 45 64 65 16
10 46 933 933 18
10 47 837 838 80
10 48 50 51 23
10 49 303 304 48
10 50 60 61 28
10 51 698 699 13
10 52 880 881 54
10 53 128 129 95
10 54 613 614 80
10 55 136 137 28
10 56 427 428 38
10 57 775 776 14
10 58 883 884 26
10 59 606 606 53
10 60 939 940 98
10 61 787 788 73
10 62 153 154 83
10 63 765 766 86
10 64 298 299 21
10 65 163 164 27
10 66 299 300 26
10 67 100 101 78
10 68 480 481 96
10 69 524 525 6
10 70 99 100 70
10 71 637 638 98
10 72 559 560 17
10 73 924 924 0
10 74 869 870 28
10 75 78 79 12
10 76 751 752 26
10 77 675 676 9
10 78 587 588 37
10 79 778 779 32
11 41 915 915 47
11 42 805 806 22
11 43 27 28 20
11 44 374 375 82
11 45 786 787 91
11 46 921 922 8
11 47 372 373 88
11 48 580 581 23
11 49 671 672 57
11 50 789 790 82
11 51 172 173 38
11 52 155 156 85
11 53 569 570 27
11 54 151 152 28
11 55 453 454 73
11 56 740 741 60
11 57 827 827 72
11 58 269 270 30
11 59 699 700 84
11 60 790 791 89
11 61 293 294 87
11 62 862 862 16
11 63 480 481 11
11 64 212 213 9
11 65 482 483 32
11 66 375 376 55
11 67 464 465 52
11 68 874 875 77
11 69 528 529 30
11 70 648 649 2
11 71 237 238 8
11 72 443 444 67
11 73 83 84 7
11 74 836 837 35
11 75 740 741 39
11 76 622 622 19
11 77 83 83 79
11 78 436 437 1
11 79 46 46 50
12 41 637 637 62
12 42 601 602 19
12 43 540 541 88
12 44 921 922 31
12 45 205 206 90
12 46 958 959 83
12 47 444 445 48
12 48 860 861 4
12 49 376 377 88
12 50 851 852 34
12 51 633 634 92
12 52 310 311 95
12 53 302 303 25
12 54 890 891 51
12 55 346 347 76
12 56 360 361 83
12 57 191 192 74
12 58 292 293 46
12 59 147 148 18
12 60 222 223 42
12 61 275 276 5
12 62 769 770 88
12 63 597 598 24
12 64 282 282 19
12 65 954 955 91
12 66 419 420 54
12 67 332 333 14
12 68 73 74 87
12 69 420 421 87
12 70 571 572 7
12 71 536 537 87
12 72 516 517 4
12 73 371 372 7
12 74 99 100 19
12 75 445 446 28
12 76 16 17 96
12 77 908 909 71
12 78 458 459 37
12 79 707 708 8
13 41 967 968 37
13 42 986 987 59
13 43 659 660 16
13 44 150 151 58
13 45 965 966 14
13 46 34 35 0
13 47 566 567 13
13 48 262 263 94
13 49 579 580 48
13 50 600 601 84
13 51 757 758 64
13 52 384 385 46
13 53 223 224 86
13 54 625 626 0
13 55 176 177 53
13 56 220 221 88
13 57 810 811 8
13 58 742 743 75
13 59 634 635 59
13 60 382 382 16
13 61 353 354 69
13 62 592 593 57
13 63 738 739 32
13 64 629 630 64
13 65 349 350 35
13 66 230 231 76
13 67 819 820 70
13 68 71 72 28
13 69 731 732 22
13 70 337 338 41
13 71 965 966 28
13 72 594 595 58
13 73 517 518 83
13 74 192 193 19
13 75 690 691 50
13 76 868 869 0
13 77 647 648 89
13 78 4 5 43
13 79 1 1 66
14 41 980 981 56
14 42 594 595 11
14 43 542 543 89
14 44 262 263 15
14 45 79 80 40
14 46 932 932 70
14 47 420 420 78
14 48 679 680 53
14 49 132 133 93
14 50 222 223 56
14 51 696 697 44
14 52 593 594 18
14 53 225 225 33
14 54 989 990 81
14 55 344 345 12
14 56 921 922 87
14 57 44 45 11
14 58 890 890 76
14 59 511 511 50
14 60 876 877 12
14 61 834 835 53
14 62 186 187 91
14 63 410 411 18
14 64 63 64 66
14 65 915 916 43
14 66 870 871 97
14 67 308 309 73
14 68 231 232 93
14 69 147 148 30
14 70 724 725 67
14 71 611 611 86
14 72 187 188 78
14 73 787 788 37
14 74 244 245 31
14 75 273 274 98
14 76 341 342 43
14 77 839 840 28
14 78 892 893 78
14 79 772 773 68
15 41 981 981 83
15 42 334 335 20
15 43 837 838 93
15 44 14 15 83
15 45 542 543 46
15 46 413 414 90
15 47 235 236 17
15 48 502 503 40
15 49 839 840 74
15 50 491 492 94
15 51 705 705 6
15 52 661 662 67
15 53 691 692 2
15 54 70 71 2
15 55 883 884 87
15 56 665 666 33
15 57 185 186 37
15 58 325 326 83
15 59 770 771 83
15 60 726 727 91
15 61 421 421 23
15 62 804 805 89
15 63 644 645 90
15 64 872 873 79
15 65 805 806 90
15 66 284 285 92
15 67 985 986 8
15 68 666 667 78
15 69 612 613 21
15 70 656 656 75
15 71 799 800 88
15 72 410 411 2
15 73 243 244 15
15 74 136 137 33
15 75 823 824 97
15 76 282 283 41
15 77 579 579 81
15 78 418 418 52
15 79 37 38 69
16 41 273 274 42
16 42 596 596 69
16 43 532 533 65
16 44 140 141 50
16 45 744 745 25
16 46 610 611 21
16 47 196 197 5
16 48 712 713 87
16 49 790 791 29
16 50 378 379 95
16 51 96 97 89
16 52 346 347 91
16 53 220 221 95
16 54 849 850 35
16 55 198 199 58
16 56 7 8 98
16 57 417 418 75
16 58 614 615 12
16 59 989 990 66
16 60 658 659 92
16 61 976 977 58
16 62 75 76 39
16 63 906 907 81
16 64 965 966 78
16 65 213 213 27
16 66 167 168 88
16 67 308 309 84
16 68 732 733 88
16 69 235 236 20
16 70 183 184 83
16 71 96 97 14
16 72 650 651 26
16 73 481 482 28
16 74 377 378 19
16 75 879 880 55
16 76 762 763 79
16 77 441 442 79
16 78 55 56 71
16 79 11 12 29
17 41 408 409 67
17 42 319 320 52
17 43 842 843 69
17 44 421 422 52
17 45 573 574 17
17 46 952 953 71
17 47 421 422 53
17 48 145 145 49
17 49 798 799 32
17 50 32 32 38
17 51 526 527 26
17 52 40 40 84
17 53 949 950 79
17 54 843 844 25
17 55 648 648 12
17 56 581 582 80
17 57 623 624 22
17 58 141 142 93
17 59 915 916 18
17 60 162 163 10
17 61 732 733 40
17 62 458 459 85
17 63 218 219 35
17 64 152 153 2
17 65 19 20 73
17 66 335 335 17
17 67 52 53 42
17 68 90 91 84
17 69 451 452 15
17 70 582 583 51
17 71 373 374 81
17 72 699 700 75
17 73 627 627 0
17 74 174 175 61
17 75 626 627 57
17 76 571 572 50
17 77 579 580 4
17 78 465 466 63
17 79 656 657 21
18 41 6 7 9
18 42 616 617 22
18 43 348 349 41
18 44 69 70 86
18 45 956 957 57
18 46 468 469 12
18 47 987 988 25
18 48 101 102 74
18 49 290 291 41
18 50 780 781 90
18 51 75 76 68
18 52 726 726 88
18 53 464 464 27
18 54 912 913 67
18 55 685 686 61
18 56 397 398 38
18 57 905 906 83
18 58 166 166 93
18 59 426 427 36
18 60 575 576 28
18 61 111 112 56
18 62 472 473 24
18 63 849 850 13
18 64 521 522 93
18 65 828 829 81
18 66 873 874 52
18 67 658 659 25
18 68 161 161 31
18 69 738 739 45
18 70 572 573 43
18 71 919 920 74
18 72 994 994 0
18 73 827 828 18
18 74 445 446 97
18 75 614 615 66
18 76 156 157 21
18 77 106 107 79
18 78 902 903 78
18 79 817 818 64
19 41 281 281 84
19 42 560 561 64
19 43 668 669 49
19 44 973 974 23
19 45 457 457 57
19 46 64 65 41
19 47 903 904 35
19 48 734 735 31
19 49 351 352 21
19 50 828 829 57
19 51 733 734 65
19 52 426 427 22
19 53 282 283 42
19 54 269 270 55
19 55 472 473 16
19 56 537 538 2
19 57 77 78 77
19 58 815 815 14
19 59 499 500 90
19 60 460 461 21
19 61 263 264 33
19 62 426 427 81
19 63 449 450 72
19 64 91 92 69
19 65 491 492 75
19 66 506 507 93
19 67 350 351 90
19 68 765 766 7
19 69 545 546 29
19 70 8 9 32
19 71 92 92 19
19 72 819 820 7
19 73 724 725 21
19 74 464 465 88
19 75 367 368 65
19 76 485 486 38
19 77 115 116 53
19 78 657 658 39
19 79 25 26 53
20 41 108 109 36
20 42 792 793 27
20 43 775 776 54
20 44 47 48 65
20 45 695 696 23
20 46 659 660 17
20 47 508 509 57
20 48 715 716 54
20 49 631 632 13
20 50 463 464 24
20 51 459 460 78
20 52 776 777 80
20 53 114 115 35
20 54 132 133 78
20 55 827 828 90
20 56 953 954 75
20 57 139 140 68
20 58 52 53 60
20 59 323 324 84
20 60 850 851 22
20 61 512 513 64
20 62 919 920 78
20 63 800 801 76
20 64 260 261 14
20 65 867 868 80
20 66 583 584 86
20 67 528 528 84
20 68 270 271 97
20 69 570 571 6
20 70 323 324 76
20 71 627 628 94
20 72 983 984 80
20 73 392 393 79
20 74 352 353 28
20 75 684 685 42
20 76 749 750 65
20 77 673 674 95
20 78 276 277 59
20 79 156 157 15
21 41 617 618 46
21 42 889 890 97
21 43 26 27 45
21 44 712 713 12
21 45 592 593 78
21 46 542 543 63
21 47 817 818 54
21 48 982 983 86
21 49 908 909 84
21 50 73 74 52
21 51 964 965 81
21 52 172 173 77
21 53 241 242 15
21 54 562 563 48
21 55 35 36 14
21 56 233 234 62
21 57 712 713 95
21 58 217 218 65
21 59 88 89 3
21 60 362 363 56
21 61 992 993 7
21 62 109 110 28
21 63 92 93 0
21 64 438 439 62
21 65 24 25 20
21 66 552 553 22
21 67 744 745 15
21 68 410 410 25
21 69 862 863 37
21 70 953 953 4
21 71 852 853 47
21 72 158 159 69
21 73 442 443 42
21 74 297 298 73
21 75 955 956 74
21 76 374 375 89
21 77 452 453 41
21 78 47 48 13
21 79 748 749 19
22 41 546 547 68
22 42 594 595 75
22 43 589 590 64
22 44 899 900 92
22 45 567 568 89
22 46 811 812 86
22 47 624 625 80
22 48 38 39 49
22 49 675 676 23
22 50 671 672 39
22 51 507 508 6
22 52 161 161 17
22 53 189 190 46
22 54 461 462 45
22 55 61 62 14
22 56 507 508 69
22 57 939 940 85
22 58 620 621 25
22 59 174 174 85
22 60 62 63 0
22 61 889 890 36
22 62 561 562 45
22 63 974 975 25
22 64 491 491 31
22 65 73 74 46
22 66 71 72 46
22 67 151 152 13
22 68 596 597 69
22 69 862 863 16
22 70 474 475 24
22 71 549 550 96
22 72 743 744 3
22 73 560 561 20
22 74 372 373 74
22 75 693 694 5
22 76 914 915 66
22 77 171 172 74
22 78 857 858 53
22 79 868 869 90
23 41 993 994 69
23 42 183 184 74
23 43 978 979 70
23 44 459 460 5
23 45 34 35 91
23 46 921 922 27
23 47 221 222 65
23 48 306 307 82
23 49 114 115 1
23 50 129 130 88
23 51 323 324 93
23 52 993 994 47
23 53 557 558 18
23 54 746 747 47
23 55 641 642 55
23 56 328 328 40
23 57 913 914 33
23 58 613 614 54
23 59 535 536 4
23 60 129 130 45
23 61 371 372 6
23 62 743 744 35
23 63 164 165 75
23 64 353 354 39
23 65 466 467 9
23 66 446 447 9
23 67 217 218 53
23 68 315 315 31
23 69 679 680 0
23 70 264 265 20
23 71 361 362 27
23 72 309 310 18
23 73 507 508 31
23 74 588 589 19
23 75 88 89 59
23 76 480 481 27
23 77 625 626 21
23 78 15 16 9
23 79 505 506 16
24 41 572 573 63
24 42 0 1 81
24 43 88 89 81
24 44 533 534 68
24 45 594 595 50
24 46 90 91 26
24 47 916 917 63
24 48 739 739 25
24 49 456 457 45
24 50 687 688 46
24 51 339 340 85
24 52 251 252 10
24 53 297 298 65
24 54 395 396 83
24 55 201 202 21
24 56 178 179 44
24 57 610 610 75
24 58 499 500 13
24 59 478 479 86
24 60 489 490 30
24 61 462 463 65
24 62 484 485 10
24 63 742 743 48
24 64 693 694 15
24 65 347 348 9
24 66 645 646 67
24 67 178 179 40
24 68 841 842 25
24 69 58 59 89
24 70 168 168 11
24 71 613 614 34
24 72 855 856 44
24 73 739 740 95
24 74 173 174 73
24 75 816 817 60
24 76 803 804 44
24 77 711 712 90
24 78 142 143 3
24 79 255 256 25
25 41 417 418 14
25 42 717 718 44
25 43 532 533 36
25 44 962 963 21
25 45 945 946 7
25 46 870 871 24
25 47 321 322 26
25 48 804 805 85
25 49 482 483 73
25 50 392 393 46
25 51 276 276 56
25 52 847 848 90
25 53 700 701 71
25 54 62 63 83
25 55 232 233 35
25 56 118 119 15
25 57 69 70 24
25 58 230 231 24
25 59 317 318 77
25 60 89 90 10
25 61 925 925 30
25 62 66 67 76
25 63 582 583 96
25 64 941 942 80
25 65 969 969 90
25 66 0 1 25
25 67 257 258 7
25 68 394 395 2
25 69 836 837 60
25 70 930 931 28
25 71 810 810 49
25 72 467 468 3
25 73 81 82 75
25 74 15 16 47
25 75 320 320 41
25 76 42 42 20
25 77 803 804 80
25 78 376 377 30
25 79 263 264 74
26 41 201 202 73
26 42 734 735 3
26 43 387 388 5
26 44 612 613 62
26 45 825 826 41
26 46 443 444 88
26 47 892 893 24
26 48 748 749 39
26 49 287 288 13
26 50 87 88 57
26 51 359 360 28
26 52 517 518 35
26 53 74 75 82
26 54 180 181 87
26 55 759 760 25
26 56 99 100 31
26 57 607 608 59
26 58 927 928 95
26 59 770 771 10
26 60 493 494 87
26 61 53 54 68
26 62 416 417 0
26 63 218 219 77
26 64 573 574 86
26 65 873 873 6
26 66 758 759 61
26 67 478 479 78
26 68 236 237 70
26 69 523 524 31
26 70 88 89 67
26 71 31 32 54
26 72 411 412 94
26 73 727 728 61
26 74 437 438 72
26 75 596 597 13
26 76 171 172 18
26 77 69 70 43
26 78 461 462 42
26 79 342 343 85
27 41 167 168 3
27 42 297 298 64
27 43 965 966 13
27 44 517 518 98
27 45 156 157 87
27 46 268 269 95
27 47 831 832 57
27 48 9 10 38
27 49 872 873 91
27 50 137 137 17
27 51 655 656 93
27 52 241 242 16
27 53 272 273 89
27 54 409 410 10
27 55 480 481 97
27 56 160 161 20
27 57 296 297 59
27 58 712 713 76
27 59 621 622 18
27 60 779 780 66
27 61 615 616 6
27 62 733 734 84
27 63 680 681 50
27 64 132 133 26
27 65 576 577 75
27 66 798 799 65
27 67 711 712 16
27 68 474 475 42
27 69 770 771 85
27 70 154 155 87
27 71 882 883 36
27 72 726 727 23
27 73 313 314 33
27 74 45 46 31
27 75 70 71 88
27 76 568 569 22
27 77 531 532 50
27 78 423 424 74
27 79 181 182 41
28 41 72 73 73
28 42 435 436 75
28 43 141 142 35
28 44 467 468 20
28 45 294 295 19
28 46 66 67 63
28 47 694 695 56
28 48 578 579 34
28 49 258 259 89
28 50 457 457 34
28 51 304 304 93
28 52 696 697 90
28 53 276 277 54
28 54 713 714 98
28 55 617 618 95
28 56 612 613 56
28 57 126 127 34
28 58 483 484 25
28 59 214 215 33
28 60 60 61 63
28 61 325 326 71
28 62 608 609 98
28 63 968 969 47
28 64 450 451 24
28 65 436 437 53
28 66 90 91 54
28 67 41 42 5
28 68 850 851 77
28 69 296 297 92
28 70 552 553 13
28 71 675 676 25
28 72 222 223 94
28 73 821 822 48
28 74 638 639 3
28 75 610 610 28
28 76 826 827 5
28 77 655 655 5
28 78 267 268 25
28 79 989 990 25
29 41 880 881 32
29 42 330 331 80
29 43 922 923 97
29 44 121 122 65
29 45 390 390 22
29 46 643 643 90
29 47 330 331 75
29 48 502 503 65
29 49 531 532 61
29 50 845 846 27
29 51 174 175 74
29 52 928 929 45
29 53 373 373 46
29 54 301 302 92
29 55 733 734 63
29 56 551 552 80
29 57 758 759 8
29 58 246 247 52
29 59 554 555 20
29 60 951 952 17
29 61 674 675 67
29 62 334 335 16
29 63 213 214 35
29 64 545 546 40
29 65 26 26 14
29 66 279 280 41
29 67 17 17 17
29 68 384 385 45
29 69 45 46 72
29 70 438 438 67
29 71 116 117 68
29 72 293 294 16
29 73 938 939 67
29 74 111 111 51
29 75 170 171 61
29 76 252 253 38
29 77 263 264 51
29 78 240 241 36
29 79 954 955 34
30 41 332 333 76
30 42 701 702 89
30 43 433 434 11
30 44 143 144 74
30 45 739 740 19
30 46 153 154 87
30 47 707 708 4
30 48 345 346 57
30 49 95 96 30
30 50 548 549 32
30 51 318 319 53
30 52 610 611 96
30 53 286 287 28
30 54 756 757 48
30 55 697 698 6
30 56 193 194 52
30 57 168 169 94
30 58 282 283 48
30 59 550 551 88
30 60 954 955 79
30 61 760 761 70
30 62 50 50 48
30 63 907 908 11
30 64 236 237 55
30 65 686 687 13
30 66 454 455 60
30 67 186 187 13
30 68 297 298 57
30 69 399 400 92
30 70 955 956 11
30 71 737 738 56
30 72 690 691 42
30 73 668 668 97
30 74 770 771 9
30 75 491 492 53
30 76 433 434 2
30 77 63 64 5
30 78 288 289 9
30 79 230 231 14
31 41 724 725 29
31 42 105 106 24
31 43 719 720 90
31 44 195 196 52
31 45 313 314 78
31 46 711 712 36
31 47 698 699 3
31 48 553 554 84
31 49 21 22 67
31 50 528 529 51
31 51 597 598 87
31 52 122 123 88
31 53 451 452 78
31 54 808 809 22
31 55 923 924 53
31 56 868 869 47
31 57 867 868 23
31 58 169 170 86
31 59 446 447 77
31 60 289 289 42
31 61 552 553 37
31 62 653 654 42
31 63 259 260 36
31 64 496 497 33
31 65 721 722 40
31 66 988 989 81
31 67 3 4 36
31 68 698 699 80
31 69 1 2 53
31 70 468 468 90
31 71 515 516 31
31 72 406 407 40
31 73 71 72 0
31 74 772 772 73
31 75 708 709 26
31 76 37 38 0
31 77 567 568 81
31 78 969 970 70
31 79 716 717 12
32 41 382 383 86
32 42 607 608 58
32 43 297 298 55
32 44 427 428 74
32 45 403 404 95
32 46 427 428 18
32 47 290 291 51
32 48 359 360 4
32 49 355 355 1
32 50 401 401 76
32 51 588 588 91
32 52 849 850 33
32 53 238 239 69
32 54 30 31 77
32 55 483 484 36
32 56 350 351 54
32 57 956 957 51
32 58 151 152 42
32 59 318 319 66
32 60 814 815 33
32 61 118 119 77
32 62 193 194 46
32 63 371 372 92
32 64 488 488 70
32 65 155 156 10
32 66 969 970 62
32 67 369 370 74
32 68 413 414 23
32 69 621 622 12
32 70 196 197 40
32 71 259 260 1
32 72 176 176 52
32 73 353 354 53
32 74 945 946 72
32 75 460 460 33
32 76 844 845 92
32 77 882 883 25
32 78 114 115 30
32 79 582 583 46
33 41 670 671 14
33 42 943 944 4
33 43 311 311 96
33 44 177 178 64
33 45 983 983 87
33 46 536 537 89
33 47 211 212 74
33 48 210 211 56
33 49 484 485 92
33 50 941 942 10
33 51 701 702 30
33 52 138 139 74
33 53 701 702 12
33 54 200 201 89
33 55 431 432 21
33 56 107 108 66
33 57 945 946 37
33 58 782 783 60
33 59 315 316 83
33 60 86 87 6
33 61 576 577 17
33 62 337 338 59
33 63 337 338 14
33 64 560 561 24
33 65 296 297 0
33 66 481 482 35
33 67 482 482 30
33 68 384 385 2
33 69 73 73 76
33 70 198 199 53
33 71 665 666 65
33 72 674 675 28
33 73 553 554 95
33 74 896 897 95
33 75 988 989 33
33 76 15 16 27
33 77 249 250 47
33 78 768 769 54
33 79 959 960 49
34 41 307 308 22
34 42 605 606 72
34 43 428 429 13
34 44 705 706 61
34 45 6 7 10
34 46 848 849 28
34 47 470 471 21
34 48 294 295 42
34 49 92 93 3
34 50 773 774 43
34 51 973 973 38
34 52 691 692 97
34 53 429 430 33
34 54 792 793 89
34 55 499 500 73
34 56 45 46 80
34 57 301 302 74
34 58 675 676 24
34 59 398 399 95
34 60 210 211 24
34 61 125 126 58
34 62 185 186 7
34 63 72 73 11
34 64 846 847 97
34 65 944 945 52
34 66 319 320 58
34 67 326 326 28
34 68 672 673 9
34 69 103 104 88
34 70 733 734 70
34 71 132 133 72
34 72 987 988 42
34 73 629 630 83
34 74 738 739 16
34 75 472 472 78
34 76 653 654 65
34 77 636 637 63
34 78 981 981 85
34 79 914 915 36
35 41 507 508 89
35 42 126 127 19
35 43 709 710 93
35 44 499 500 97
35 45 531 532 15
35 46 589 590 6
35 47 570 571 68
35 48 731 732 46
35 49 760 761 45
35 50 996 996 24
35 51 529 530 95
35 52 120 121 3
35 53 810 811 19
35 54 283 284 84
35 55 636 637 11
35 56 142 143 92
35 57 43 43 21
35 58 615 616 10
35 59 664 665 5
35 60 194 194 61
35 61 988 989 18
35 62 287 288 37
35 63 837 838 54
35 64 750 751 17
35 65 694 695 15
35 66 113 114 27
35 67 522 523 38
35 68 281 281 30
35 69 345 346 41
35 70 819 820 12
35 71 518 519 36
35 72 827 828 55
35 73 880 881 72
35 74 394 395 78
35 75 176 177 92
35 76 45 46 5
35 77 882 883 14
35 78 606 607 57
35 79 272 273 28
36 41 343 343 27
36 42 3 4 30
36 43 540 541 72
36 44 459 460 78
36 45 48 49 36
36 46 41 42 50
36 47 611 612 50
36 48 499 500 62
36 49 434 435 52
36 50 256 257 51
36 51 63 64 23
36 52 668 668 37
36 53 611 611 66
36 54 174 175 28
36 55 33 34 51
36 56 113 113 50
36 57 589 590 18
36 58 24 25 54
36 59 845 846 72
36 60 285 286 52
36 61 447 448 1
36 62 35 36 60
36 63 35 36 11
36 64 722 723 75
36 65 890 891 63
36 66 603 604 18
36 67 463 464 68
36 68 374 375 39
36 69 916 916 32
36 70 944 945 49
36 71 137 138 5
36 72 872 873 89
36 73 497 498 26
36 74 444 445 80
36 75 213 214 60
36 76 448 449 33
36 77 197 198 87
36 78 583 583 25
36 79 780 780 3
37 41 764 765 82
37 42 283 284 2
37 43 403 404 29
37 44 281 281 51
37 45 260 261 55
37 46 841 842 20
37 47 624 625 76
37 48 724 725 89
37 49 495 496 52
37 50 234 235 64
37 51 841 842 65
37 52 67 68 76
37 53 899 900 70
37 54 410 411 37
37 55 293 294 68
37 56 844 845 8
37 57 9 10 50
37 58 166 167 3
37 59 23 24 74
37 60 749 750 16
37 61 727 728 33
37 62 33 33 64
37 63 766 767 46
37 64 221 222 50
37 65 732 733 23
37 66 200 201 12
37 67 141 142 66
37 68 911 912 58
37 69 96 96 21
37 70 199 200 52
37 71 196 197 25
37 72 774 775 79
37 73 505 506 40
37 74 481 482 11
37 75 950 951 14
37 76 643 644 90
37 77 751 752 53
37 78 229 230 11
37 79 809 810 74
38 41 57 58 94
38 42 537 538 3
38 43 651 652 4
38 44 625 626 77
38 45 330 331 27
38 46 693 694 97
38 47 531 531 89
38 48 606 607 79
38 49 423 423 28
38 50 876 876 49
38 51 870 871 72
38 52 561 562 15
38 53 52 52 81
38 54 971 972 66
38 55 931 932 94
38 56 547 547 96
38 57 282 283 80
38 58 132 133 43
38 59 612 613 14
38 60 997 998 74
38 61 683 684 73
38 62 619 620 96
38 63 838 838 41
38 64 25 26 1
38 65 961 962 3
38 66 177 177 48
38 67 133 134 13
38 68 584 585 89
38 69 143 144 64
38 70 837 838 25
38 71 269 270 37
38 72 122 123 3
38 73 415 416 98
38 74 174 175 89
38 75 962 963 46
38 76 9 10 42
38 77 874 875 47
38 78 538 539 40
38 79 481 482 23
39 41 542 543 80
39 42 867 867 84
39 43 970 971 13
39 44 533 534 34
39 45 331 332 32
39 46 93 94 61
39 47 763 764 30
39 48 299 300 25
39 49 335 336 72
39 50 592 593 67
39 51 894 895 13
39 52 277 278 20
39 53 69 70 18
39 54 888 889 46
39 55 617 618 13
39 56 979 980 67
39 57 365 366 74
39 58 398 399 73
39 59 85 86 68
39 60 494 495 95
39 61 537 538 58
39 62 389 390 37
39 63 366 367 59
39 64 539 540 5
39 65 569 570 16
39 66 493 494 13
39 67 190 191 50
39 68 598 599 58
39 69 704 705 30
39 70 20 21 96
39 71 994 995 98
39 72 84 85 7
39 73 821 822 33
39 74 120 121 73
39 75 91 92 24
39 76 368 369 7
39 77 755 756 41
39 78 367 368 82
39 79 302 303 12
41 82 18914 18915 66
42 82 19417 19418 13
43 82 19481 19481 63
44 82 18376 18377 41
45 82 17539 17540 76
46 82 21070 21071 30
47 82 22322 22323 50
48 82 18829 18830 19
49 82 18425 18426 60
50 82 20101 20101 43
51 82 21946 21947 82
52 82 18262 18263 11
53 82 17270 17271 10
54 82 18054 18055 48
55 82 19155 19156 4
56 82 17215 17216 42
57 82 20503 20504 32
58 82 17404 17405 42
59 82 20161 20162 34
60 82 18602 18603 66
61 82 21233 21234 67
62 82 16734 16735 35
63 82 20443 20444 66
64 82 18228 18229 69
65 82 21325 21326 24
66 82 18055 18056 66
67 82 15976 15977 77
68 82 19488 19489 17
69 82 17497 17498 71
70 82 17806 17807 80
71 82 19568 19569 9
72 82 20105 20106 96
73 82 20992 20993 41
74 82 17147 17148 28
75 82 20463 20464 12
76 82 19126 19127 84
77 82 19738 19739 90
78 82 18600 18601 65
79 82 21317 21318 97
22 99 21 22
21 1 4732 4732 60
21 2 4745 4745 55
21 3 3502 3503 74
21 4 4020 4021 2
21 5 4509 4510 29
21 6 4113 4114 65
21 7 4574 4575 7
21 8 3847 3848 94
21 9 4550 4551 56
1 11 189 190 43
1 12 475 476 74
1 13 17 18 45
1 14 708 709 67
1 15 971 972 59
1 16 149 150 75
1 17 770 771 82
1 18 471 472 50
1 19 977 978 64
2 11 688 688 85
2 12 52 53 60
2 13 920 921 68
2 14 408 409 65
2 15 700 701 7
2 16 762 763 38
2 17 346 347 67
2 18 699 700 79
2 19 166 167 3
3 11 946 947 33
3 12 372 373 44
3 13 306 307 28
3 14 208 209 1
3 15 45 46 31
3 16 427 428 81
3 17 433 434 97
3 18 422 423 6
3 19 339 340 91
4 11 388 389 27
4 12 170 170 29
4 13 75 76 4
4 14 541 542 76
4 15 411 412 82
4 16 943 944 73
4 17 770 771 86
4 18 345 346 12
4 19 375 376 31
5 11 617 618 80
5 12 389 390 87
5 13 538 539 10
5 14 594 595 30
5 15 300 301 28
5 16 25 26 64
5 17 877 878 71
5 18 926 926 5
5 19 240 241 85
6 11 184 185 4
6 12 93 94 4
6 13 971 972 0
6 14 753 754 19
6 15 534 535 92
6 16 584 585 39
6 17 842 842 72
6 18 8 9 16
6 19 141 142 35
7 11 56 56 29
7 12 326 327 24
7 13 985 986 42
7 14 802 803 49
7 15 803 804 91
7 16 301 302 52
7 17 451 451 28
7 18 77 78 32
7 19 771 772 48
8 11 868 869 96
8 12 810 811 67
8 13 516 517 18
8 14 30 31 84
8 15 184 185 79
8 16 200 201 36
8 17 112 113 31
8 18 567 568 38
8 19 557 558 97
9 11 904 904 25
9 12 254 254 50
9 13 180 181 47
9 14 171 172 0
9 15 642 643 92
9 16 536 537 72
9 17 158 159 70
9 18 900 900 70
9 19 802 803 13
11 22 4843 4844 25
12 22 2945 2945 19
13 22 4511 4512 64
14 22 4220 4221 35
15 22 4592 4593 90
16 22 3931 3932 5
17 22 4762 4763 21
18 22 4417 4418 52
19 22 4372 4373 87
10 15 9 10
9 1 16 18 27
9 2 12 13 1
9 3 11 12 51
1 5 3 4 4
1 6 6 7 42
1 7 9 10 73
2 5 8 9 80
2 6 2 3 82
2 7 1 2 97
3 5 3 4 82
3 6 1 2 87
3 7 6 7 88
5 10 16 16 3
6 10 10 10 39
7 10 14 15 73
10 15 9 10
9 1 16 18 61
9 2 12 13 4
9 3 11 12 70
1 5 3 4 1
1 6 6 7 37
1 7 9 10 40
2 5 8 9 52
2 6 2 3 17
2 7 0 1 0
3 5 3 4 52
3 6 1 2 63
3 7 6 7 33
5 10 16 16 8
6 10 10 11 4
7 10 14 15 9
