100 491 64 68
97 1 381
42 59 606
52 59 820
46 82 246
84 98 49
95 85 575
50 51 490
71 91 597
16 5 403
79 16 175
32 66 342
42 94 590
100 83 631
34 98 335
31 69 732
68 13 367
70 25 862
60 91 311
65 15 433
32 59 300
97 23 331
90 82 162
24 35 803
74 91 955
42 92 888
6 80 370
30 11 989
72 43 858
39 45 370
97 67 734
71 67 117
53 50 813
39 74 455
29 98 478
72 7 803
51 99 96
14 57 902
56 85 383
53 24 107
19 79 445
85 65 893
34 99 764
7 75 968
57 75 458
63 47 538
61 13 261
18 36 611
54 40 476
29 68 432
59 34 584
75 97 202
73 82 938
48 71 571
22 50 929
20 57 585
32 87 748
19 19 108
11 65 977
78 18 182
64 71 62
12 94 320
93 1 394
15 41 419
64 39 466
72 46 39
58 63 558
28 92 442
44 91 912
61 42 322
83 74 452
76 15 715
76 79 326
68 67 370
59 54 136
4 14 699
18 93 622
9 4 79
51 38 58
93 29 302
18 50 914
32 86 97
62 81 372
80 72 1000
85 77 519
50 45 829
43 36 484
98 36 201
35 16 762
65 22 756
51 88 725
83 82 309
55 3 870
31 43 502
28 42 638
15 47 288
3 70 330
18 1 527
56 34 762
77 12 677
17 6 693
98 84 143
100 76 1026
42 99 32
35 6 562
34 15 989
3 66 904
55 63 706
88 46 775
51 44 1030
57 6 58
92 71 574
19 18 271
17 19 822
75 2 716
41 61 102
7 86 435
69 13 237
66 57 591
61 8 931
66 35 333
88 79 141
5 71 633
75 63 703
77 100 472
89 71 546
74 76 886
38 34 792
94 47 112
1 47 929
35 1 889
65 12 1007
36 14 746
50 86 103
49 79 77
19 94 905
46 2 193
80 15 518
78 49 555
24 99 400
76 10 700
87 86 187
100 1 51
38 73 238
16 72 187
62 46 935
15 61 906
81 48 503
81 25 934
80 94 111
89 16 286
26 24 762
78 96 648
3 4 900
74 12 189
71 17 956
31 44 69
31 68 735
55 72 716
100 52 148
15 8 227
90 91 867
86 8 44
89 29 122
100 87 876
63 51 371
31 56 854
2 93 584
5 10 790
64 59 841
54 47 408
14 61 997
42 4 982
29 49 922
93 67 974
95 59 41
2 82 56
94 87 786
56 46 839
66 9 295
12 86 59
72 52 212
75 56 77
23 47 819
41 90 947
52 53 91
33 30 585
20 37 487
17 45 832
25 9 387
62 89 52
14 23 1016
21 69 587
67 57 914
9 25 488
13 85 929
78 48 364
74 1 383
34 58 152
23 31 128
45 16 690
13 25 803
22 8 475
46 65 541
83 15 1001
26 16 513
73 2 806
73 6 283
82 27 808
65 25 942
32 84 64
56 8 60
15 52 624
32 14 545
98 37 443
14 19 377
20 51 826
99 29 950
75 40 984
10 25 948
17 54 531
20 47 587
85 14 53
21 26 684
92 72 82
90 95 847
40 90 313
68 61 184
7 14 582
31 31 308
36 32 317
83 40 85
96 62 704
73 68 741
96 71 813
90 87 756
31 21 345
91 74 185
5 78 52
87 55 211
70 42 693
61 96 529
75 22 663
42 84 610
64 66 782
50 92 229
22 6 470
47 60 300
24 34 342
31 14 846
24 28 785
71 26 954
92 10 967
27 89 141
93 92 834
84 90 97
41 29 98
86 62 665
51 29 641
78 83 323
56 59 998
65 95 368
6 57 812
49 60 38
39 78 182
19 45 265
21 85 658
34 19 810
97 25 397
55 92 1026
1 82 481
9 63 98
68 22 103
45 74 951
41 60 841
25 87 212
95 18 684
28 34 217
52 52 978
96 48 74
77 50 780
91 17 680
12 41 940
37 62 659
97 24 255
35 57 795
53 10 719
86 96 366
90 44 993
37 39 596
86 89 791
3 90 619
43 100 509
56 28 173
32 53 409
88 69 157
98 58 692
45 93 144
88 7 281
79 72 822
67 33 58
8 73 144
7 4 498
87 46 192
39 76 500
7 3 583
16 16 622
60 81 271
66 83 716
38 75 255
22 2 933
46 67 499
49 86 307
46 100 265
22 21 651
76 73 41
91 64 200
23 5 815
5 90 927
79 66 792
33 69 681
51 89 354
89 17 400
88 52 648
8 24 946
32 35 967
47 4 894
51 40 684
92 36 858
58 50 962
78 52 493
66 28 125
83 97 1027
86 66 315
9 81 854
95 69 113
50 32 644
42 37 391
29 64 593
30 48 937
82 10 646
9 56 623
57 52 688
22 89 822
55 12 259
75 95 620
7 60 914
95 72 1016
59 35 357
6 41 185
67 56 615
22 100 648
25 57 256
13 1 864
25 81 737
71 70 791
30 54 666
2 91 224
88 17 118
80 23 528
87 59 385
86 76 151
94 53 272
94 86 97
75 93 261
96 5 237
49 92 107
91 37 189
7 77 842
82 74 629
40 29 160
16 1 346
68 95 131
6 13 524
50 43 670
6 50 796
50 26 491
86 36 992
62 47 282
88 97 41
68 26 422
68 41 361
62 93 828
74 87 696
17 78 853
18 43 654
43 55 859
31 16 160
77 20 398
26 82 659
51 73 498
44 3 565
36 53 333
22 18 746
51 92 520
93 15 588
100 95 805
67 77 599
86 44 129
67 72 558
91 92 483
46 26 33
98 80 876
67 96 112
58 37 585
24 94 936
70 68 280
46 36 79
89 87 646
13 14 583
4 66 902
81 20 992
61 66 537
8 99 686
44 5 752
89 62 261
56 12 484
43 12 306
29 79 151
59 55 756
79 68 611
96 27 191
94 82 503
50 4 262
12 34 957
38 15 600
17 87 595
52 100 875
6 25 969
25 5 327
51 18 305
33 42 452
88 26 497
21 52 347
60 67 258
26 88 184
13 4 821
64 49 489
45 35 797
14 62 622
8 83 72
33 50 156
84 66 595
2 45 916
42 50 627
45 40 1005
93 99 169
31 8 532
66 27 820
27 18 317
9 11 830
10 89 537
27 53 669
71 90 505
20 87 158
12 61 199
62 51 544
69 52 36
47 94 319
64 80 984
75 79 1010
15 38 170
67 76 580
57 2 258
95 30 729
7 98 200
57 63 463
8 21 624
1 9 745
80 62 591
11 93 755
48 84 981
75 33 395
77 13 913
58 11 69
7 32 515
70 17 521
90 10 929
98 24 537
11 85 189
3 61 821
86 63 231
71 79 630
83 61 304
45 52 432
28 88 141
44 79 248
54 77 969
29 35 310
65 46 207
25 36 669
39 88 323
100 1388 30 87
12 52 347
66 34 360
28 30 411
45 10 298
35 5 1028
14 10 657
42 39 791
80 55 788
72 32 223
2 70 562
53 87 148
39 68 712
20 100 1029
81 19 456
86 17 453
95 43 387
85 55 601
40 65 694
71 57 74
92 89 97
30 58 750
97 91 955
96 89 445
15 15 464
31 37 345
25 45 882
31 15 928
95 31 813
4 74 252
44 92 74
1 12 465
44 36 95
32 50 291
98 35 787
34 1 553
31 52 235
97 50 811
27 84 41
100 5 388
44 100 43
55 34 186
42 50 638
91 11 81
25 19 865
78 93 62
81 97 448
30 77 378
13 39 126
69 48 653
20 60 704
6 67 347
55 75 301
65 77 842
35 63 384
27 47 361
23 64 438
51 63 818
90 58 400
37 32 964
49 6 85
15 22 804
41 93 909
70 56 464
84 10 80
30 92 867
45 99 993
7 38 368
17 7 770
48 93 211
53 47 400
27 72 348
71 3 914
26 36 707
87 37 776
78 25 659
28 40 741
66 77 85
24 68 744
16 49 460
14 18 559
38 87 364
40 70 542
27 46 1012
63 43 289
88 24 728
27 34 657
55 40 485
74 53 702
22 34 677
91 15 345
77 48 758
99 59 395
39 50 112
14 47 1027
47 74 66
38 80 544
91 51 150
76 49 623
90 63 497
89 43 787
90 15 214
92 96 909
38 92 347
63 27 860
94 92 158
96 11 648
45 4 338
7 70 713
49 78 655
60 63 143
74 46 394
69 77 683
13 93 974
91 75 964
83 54 278
45 71 372
48 30 267
69 65 611
99 89 70
61 53 370
59 16 229
87 21 102
79 16 423
5 1 187
11 49 77
81 42 311
63 30 656
27 63 55
67 2 976
71 41 174
39 92 486
59 63 96
26 7 882
27 62 169
20 94 979
49 71 912
11 96 274
64 93 452
5 36 70
96 43 240
10 9 1030
17 60 388
79 94 666
92 33 444
86 81 970
56 62 641
3 57 989
95 30 652
30 69 315
73 31 671
33 30 918
92 40 128
86 27 396
70 40 526
50 31 918
64 41 203
20 51 710
2 72 113
70 9 707
52 49 989
34 37 413
25 86 45
51 51 88
90 46 1025
20 85 994
12 9 944
62 89 107
34 71 78
42 99 279
42 57 101
78 39 104
15 53 289
65 11 1013
63 5 263
99 69 804
8 34 575
96 62 186
18 61 948
16 62 833
73 84 126
63 57 467
16 16 97
78 98 111
34 83 228
2 8 942
87 53 140
48 60 347
9 77 594
22 31 611
5 26 427
61 63 351
28 29 413
78 61 628
12 58 757
19 21 91
23 31 944
83 99 231
42 43 490
67 91 111
81 11 1015
61 94 628
22 91 855
31 18 384
52 78 95
34 43 114
32 43 336
94 43 918
89 2 129
79 35 770
90 19 288
83 68 769
25 93 629
42 46 302
71 11 985
66 46 236
8 3 869
2 43 552
56 41 146
90 32 286
60 41 664
28 31 953
20 30 535
17 53 712
79 7 505
24 64 328
79 54 93
21 76 1000
13 43 102
96 98 857
36 83 698
67 6 257
48 62 484
52 43 203
59 18 472
22 15 650
28 77 526
3 98 404
97 21 524
46 47 688
28 14 283
85 93 918
47 46 36
41 19 883
10 12 435
76 31 645
4 78 718
2 3 845
22 96 899
21 53 347
86 57 92
78 45 472
24 50 56
94 55 54
5 11 795
87 25 456
65 64 632
67 79 735
15 99 736
19 16 410
76 29 230
72 70 215
73 96 593
27 19 168
89 35 761
65 61 165
29 14 703
57 76 338
24 7 652
5 6 822
74 42 397
69 56 320
40 93 893
26 23 671
38 9 60
51 82 1024
21 22 252
48 29 262
54 50 571
11 94 494
4 12 798
60 2 924
4 64 544
27 56 683
87 85 161
20 31 698
42 52 249
70 36 221
72 76 968
17 39 573
28 59 235
29 52 138
44 65 549
100 70 253
36 100 331
66 67 917
70 37 389
5 79 530
80 68 351
70 10 474
28 66 690
31 74 718
48 92 198
17 14 994
68 66 745
86 53 832
75 63 898
53 14 219
21 34 675
30 30 454
48 41 75
21 28 955
64 48 985
30 11 32
95 77 100
99 78 967
61 97 1005
74 85 79
60 29 731
41 4 251
81 49 533
61 73 780
8 79 452
70 33 715
98 54 144
75 43 391
72 17 989
8 65 1002
37 17 927
92 38 86
92 92 978
16 41 559
95 14 219
79 98 478
84 64 947
26 76 44
94 86 570
58 57 393
75 54 701
64 61 489
55 9 180
47 89 524
60 77 739
9 24 485
24 92 763
99 57 699
37 96 524
93 59 918
98 29 927
59 39 253
19 88 116
7 81 722
35 42 468
58 96 479
1 81 440
57 49 815
52 42 966
10 81 202
90 78 846
28 100 444
68 38 754
100 29 372
93 67 530
89 67 64
69 28 773
17 13 573
10 100 829
91 71 432
20 86 394
71 51 383
8 74 563
37 67 82
55 66 433
21 99 326
1 93 214
65 35 534
64 85 602
86 87 911
71 50 53
22 54 572
47 38 43
14 89 550
79 44 786
30 39 892
22 74 965
9 29 765
45 100 429
31 80 244
32 3 1029
86 96 951
23 60 424
64 32 171
7 39 884
97 1 414
22 35 443
50 69 417
49 19 877
80 32 621
34 30 404
30 50 235
41 44 172
72 36 395
11 89 1010
11 24 68
97 89 216
65 75 637
35 73 538
66 15 138
47 88 317
48 45 451
43 86 432
78 2 624
18 81 196
42 70 958
30 55 420
56 13 516
80 20 332
94 27 266
34 66 883
78 38 181
63 39 80
65 32 623
97 49 652
67 76 1022
21 17 115
86 2 696
5 55 503
84 90 382
1 94 627
38 96 260
76 46 189
59 90 204
87 54 616
4 90 734
60 27 992
1 30 948
47 27 183
42 8 983
87 67 120
76 92 347
91 81 258
96 18 1017
86 22 903
40 98 306
19 59 63
48 76 474
26 29 126
34 81 872
52 23 566
43 39 552
75 66 480
92 52 322
13 77 717
10 4 102
68 88 494
96 31 1012
24 79 711
56 72 837
78 7 322
17 81 325
34 82 667
86 73 393
62 59 384
17 83 49
5 46 858
35 79 478
37 69 348
95 60 55
27 54 333
8 42 201
32 4 534
43 10 671
25 28 484
22 55 601
100 54 405
62 96 691
31 65 908
90 90 544
96 92 190
37 14 1017
93 17 176
54 10 608
81 63 702
41 59 147
88 72 998
53 49 59
94 14 489
37 73 931
50 11 326
18 57 1014
27 86 1006
26 4 91
37 72 678
8 39 270
56 19 309
69 30 761
93 30 706
56 25 742
12 60 391
49 36 509
5 16 87
31 76 206
21 67 42
39 45 101
68 28 556
49 3 976
25 15 520
85 75 175
20 5 438
87 14 886
15 63 542
42 90 201
8 1 683
53 23 603
32 100 342
34 97 61
48 87 310
75 83 734
31 91 318
59 62 628
48 84 742
1 37 84
75 9 243
75 72 147
71 55 878
9 34 112
34 29 637
83 87 768
28 48 73
16 53 973
24 65 125
48 34 599
2 81 273
75 95 304
3 1 647
77 75 563
76 69 206
80 63 685
45 57 300
30 78 976
10 72 375
24 37 176
70 63 714
22 79 988
12 29 343
38 13 784
6 40 612
69 47 188
77 16 267
54 13 63
78 57 44
14 54 354
28 37 129
7 95 898
87 59 619
99 64 382
90 45 571
36 54 229
4 43 649
16 27 925
25 41 331
78 16 108
15 14 373
61 33 401
82 25 145
78 17 595
84 15 684
26 33 420
52 80 423
44 80 990
59 9 114
72 51 292
4 73 558
77 1 518
53 67 188
69 31 321
84 37 850
68 26 933
47 70 510
26 81 614
86 65 257
37 78 116
61 5 639
14 44 695
80 53 223
63 95 575
99 14 995
24 17 978
45 96 846
25 79 492
41 58 570
18 95 155
74 3 943
69 19 304
21 11 69
15 7 648
81 72 310
97 19 708
44 86 583
75 100 679
84 39 604
78 15 496
32 28 914
51 53 439
91 92 995
61 21 475
47 26 423
98 74 318
88 99 392
2 65 575
81 100 304
85 8 836
27 85 538
39 35 250
30 51 869
2 95 711
27 39 372
1 26 370
99 88 519
15 84 1006
58 22 124
92 93 951
42 84 489
88 64 370
26 57 271
52 48 450
91 36 202
26 63 452
35 92 667
1 1 80
74 94 453
67 66 963
2 76 954
17 67 448
74 60 887
73 79 313
61 50 716
23 71 458
14 59 83
66 61 218
12 35 370
77 67 344
5 91 710
71 60 1011
82 16 927
60 50 152
61 35 377
84 14 89
94 67 911
54 6 177
89 45 542
55 58 453
56 21 186
24 70 508
25 43 390
60 89 601
25 47 314
91 80 949
48 26 142
93 89 296
2 64 184
43 15 90
63 22 587
84 51 794
67 85 842
14 68 353
45 38 177
22 49 720
62 14 167
91 31 165
64 87 59
15 50 873
28 89 857
31 26 449
68 24 814
82 2 231
53 34 293
83 20 769
21 48 460
62 17 889
13 21 817
90 91 280
14 27 563
78 6 582
31 59 450
65 21 432
84 59 736
84 40 718
90 43 611
62 81 473
52 83 737
36 66 940
14 39 1000
24 96 516
16 83 99
100 42 482
42 74 507
75 16 648
57 23 709
23 19 461
40 80 390
77 18 925
67 39 618
62 24 83
96 45 59
89 48 974
63 25 373
30 42 466
52 21 40
22 3 48
53 62 670
23 9 162
61 96 238
37 49 1005
81 29 518
28 72 114
4 14 102
98 1 64
70 11 794
72 80 997
85 20 371
93 3 823
89 10 797
89 36 558
69 24 294
40 7 426
5 78 405
5 64 61
47 45 227
18 37 198
81 48 727
69 75 767
92 90 807
50 37 875
79 12 914
94 94 970
72 21 126
69 17 393
86 39 60
34 35 231
60 71 563
2 99 31
53 78 975
46 17 254
66 13 399
82 27 471
69 39 491
8 20 447
94 20 133
65 4 1018
58 100 582
35 45 272
4 20 424
16 88 70
94 80 187
74 11 948
77 50 142
33 48 558
85 52 972
81 93 229
52 38 564
39 29 267
71 86 434
62 28 779
18 86 762
80 4 764
29 15 337
29 42 365
80 35 850
72 34 586
61 19 166
90 55 517
27 10 1007
54 58 77
39 89 891
94 74 808
60 32 340
53 18 768
88 37 748
21 92 127
91 79 850
45 65 311
6 94 252
63 92 478
3 52 931
28 82 821
59 91 67
76 28 426
65 98 131
8 94 418
87 66 190
51 46 980
96 67 376
88 66 133
39 66 295
72 8 649
62 44 576
42 92 86
32 31 677
97 42 485
12 40 273
94 58 208
54 28 198
49 73 170
83 62 424
13 9 162
6 15 446
100 55 94
39 49 388
32 39 251
41 16 780
68 84 225
92 23 378
71 75 627
85 69 718
93 100 401
59 67 765
13 31 323
13 40 1022
52 60 913
67 9 744
2 56 837
76 3 104
71 91 670
22 61 154
89 95 598
71 39 456
10 31 120
69 13 833
85 36 102
39 10 356
42 79 531
32 18 733
44 42 355
90 9 177
29 35 317
59 24 487
23 78 396
88 55 897
49 80 81
27 32 572
44 35 965
85 59 596
46 57 539
80 95 528
55 51 208
33 68 866
15 6 440
21 72 292
84 16 431
70 50 557
28 67 652
37 27 489
34 54 865
1 89 919
58 51 303
30 64 970
19 64 42
20 42 625
86 63 146
12 73 225
39 76 361
92 62 544
33 51 877
83 75 429
46 14 787
61 26 816
76 37 271
69 83 989
31 98 960
4 92 45
31 75 808
93 88 98
95 86 390
21 84 222
48 69 213
82 79 588
79 8 56
96 3 593
35 71 76
76 68 820
44 50 431
23 59 130
30 84 511
56 43 41
58 6 563
28 51 110
57 40 197
29 75 316
26 30 923
45 20 70
94 72 245
52 72 40
87 52 414
30 15 296
87 99 51
89 30 808
80 96 988
54 34 596
35 26 177
54 65 702
78 31 547
49 93 892
52 76 296
18 93 782
16 13 263
46 43 301
26 65 320
52 11 925
68 35 660
51 3 665
95 64 694
22 29 142
15 33 546
79 17 563
21 40 431
72 50 876
37 92 768
99 38 746
85 19 349
3 17 818
31 81 964
15 48 86
84 32 152
23 32 830
24 29 251
15 67 722
53 82 810
71 100 661
45 77 884
77 10 986
39 38 518
19 10 140
85 53 763
18 85 1030
69 67 482
6 81 804
34 86 632
43 41 276
60 79 552
49 83 327
86 70 485
47 31 75
100 15 294
36 14 878
2 17 248
20 44 473
90 62 749
72 10 260
93 64 60
90 72 444
55 71 995
72 40 1030
66 26 883
9 68 117
49 44 936
71 95 737
86 24 160
94 91 53
17 57 227
40 21 768
79 73 323
24 11 711
19 68 271
32 85 971
78 43 332
1 72 1002
44 46 787
100 95 733
96 76 92
21 43 923
3 15 501
87 55 419
81 56 402
52 79 679
98 88 632
27 64 326
3 26 149
45 70 945
20 17 917
86 40 151
93 28 553
48 52 91
79 100 471
18 1 823
59 97 872
74 92 815
99 63 741
20 77 295
37 63 492
76 83 1011
6 18 140
58 59 640
58 3 970
55 96 887
98 32 445
60 94 418
88 59 869
2 20 688
94 21 251
63 31 558
75 31 1020
22 87 130
53 53 136
47 92 333
5 82 545
76 40 332
79 37 934
99 58 470
81 85 815
72 69 677
2 59 498
40 58 124
92 63 46
84 17 398
65 83 596
56 85 552
93 40 79
2 31 157
38 15 608
6 61 188
16 80 212
25 26 265
39 41 205
56 60 796
26 99 696
65 48 851
61 3 96
22 13 933
53 46 891
78 80 606
18 54 531
30 72 121
7 72 976
5 37 1018
4 10 843
30 74 708
32 40 754
96 94 767
41 54 688
21 82 392
26 34 270
97 24 687
69 22 68
57 9 274
66 21 531
92 50 534
83 26 115
76 62 499
82 71 194
15 32 87
48 71 707
71 80 284
44 17 881
52 13 301
73 65 209
74 68 427
99 5 618
60 73 200
82 88 427
36 72 974
15 26 73
84 28 844
48 98 287
12 28 391
31 24 615
35 11 988
7 32 587
47 81 498
90 10 732
62 6 945
87 48 432
63 70 182
42 82 781
66 66 92
28 23 322
60 31 909
40 99 967
1 100 1013
6 66 103
54 19 616
66 87 102
87 90 467
68 40 981
33 1 174
56 45 739
86 23 967
36 59 378
87 42 369
52 14 69
71 99 775
9 22 880
99 10 845
38 12 632
91 55 599
35 64 684
57 52 139
15 51 576
56 89 112
21 27 798
71 23 902
44 72 472
53 39 32
64 92 1030
39 19 352
27 100 618
5 19 926
28 90 346
51 83 169
41 85 112
32 36 965
44 25 380
8 56 502
33 21 687
51 94 575
2 34 513
20 29 839
44 34 275
28 16 625
64 2 218
40 3 949
96 75 444
68 83 652
14 28 384
47 62 186
75 23 787
70 88 658
4 32 319
71 78 915
72 65 742
100 49 797
83 22 644
62 27 863
23 82 776
45 90 322
84 70 396
15 58 1018
45 42 973
9 6 343
96 84 766
18 15 643
45 48 225
68 37 912
37 2 309
46 41 392
40 83 759
97 95 1003
80 30 663
82 43 659
96 55 107
95 1 924
88 8 520
24 89 698
18 29 453
100 9 650
28 65 337
70 45 717
24 21 650
24 15 45
83 4 440
72 23 579
90 57 754
18 31 682
78 51 999
58 61 351
75 20 49
19 6 476
40 25 546
6 91 221
9 52 345
32 52 527
40 75 650
23 79 640
25 99 209
37 19 87
56 37 596
61 83 370
37 50 389
80 40 80
31 6 985
35 3 593
61 22 276
39 83 568
38 62 242
8 18 566
97 35 902
79 75 558
80 33 570
19 82 559
25 88 538
79 50 620
35 37 167
48 48 1005
51 6 802
25 33 98
9 25 228
42 53 707
29 12 77
31 1 653
13 87 821
47 51 220
52 74 136
37 41 486
61 90 611
65 18 571
76 64 713
28 39 693
4 91 723
68 47 752
7 89 669
57 30 981
82 35 279
74 91 731
63 23 919
80 15 31
95 49 595
85 12 822
76 56 949
74 30 1005
15 68 772
44 71 578
31 19 286
73 71 667
95 59 492
61 59 254
10 75 685
21 66 480
25 4 317
95 52 883
13 59 278
36 48 608
94 9 680
5 33 426
31 87 739
49 88 948
85 74 68
47 86 495
5 76 76
64 24 522
11 53 186
3 2 215
42 10 171
81 27 201
6 16 801
91 3 785
66 94 289
70 49 504
24 40 714
78 76 85
87 16 839
66 38 632
33 61 265
65 15 670
70 20 561
72 26 576
17 84 918
66 58 483
5 93 904
32 99 128
99 60 957
88 13 43
48 47 360
15 87 593
34 69 909
59 66 231
94 53 954
51 57 571
46 80 744
18 70 573
64 100 260
2 14 408
71 44 522
88 96 307
41 20 165
97 12 410
27 21 461
6 34 408
63 78 953
33 72 610
32 1 627
97 30 942
40 73 196
36 49 918
7 35 1005
70 15 345
90 97 94
23 26 772
23 27 192
75 75 224
57 39 607
29 4 903
30 91 695
64 17 182
26 47 609
3 88 998
51 87 872
29 49 775
56 94 249
94 71 523
39 59 560
55 10 89
38 19 104
36 97 634
24 16 811
62 57 1014
62 53 516
56 71 896
78 64 751
72 64 344
31 45 192
92 3 830
11 29 937
59 84 826
36 36 650
6 2 612
37 88 448
36 1 301
64 7 893
47 54 155
62 37 313
13 95 39
48 15 822
1 48 109
75 36 414
62 5 287
62 93 1023
62 16 503
20 78 490
74 54 353
62 88 751
57 97 465
71 88 477
18 66 976
9 57 403
53 1 716
97 85 139
2 60 658
90 80 283
86 14 545
25 12 353
42 56 992
51 80 448
51 65 408
76 11 612
13 19 980
72 99 428
17 17 871
85 83 80
92 44 721
71 13 462
35 90 912
46 72 63
16 73 90
14 22 454
17 73 125
33 13 528
24 38 96
6 39 923
2 29 660
79 78 560
3 90 805
24 13 173
97 60 586
61 57 354
99 22 639
37 66 762
30 20 372
23 63 238
53 92 345
42 19 275
65 68 552
73 92 700
46 52 261
64 83 359
10 23 747
29 65 116
91 24 545
5 34 724
84 53 622
27 23 639
78 53 111
12 33 809
87 1 272
3 87 481
26 53 510
15 42 952
100 87 338
31 73 442
83 65 758
100 491 64 68
97 1 381
42 59 606
52 59 820
46 82 246
84 98 49
95 85 575
50 51 490
71 91 597
16 5 403
79 16 175
32 66 342
42 94 590
100 83 631
34 98 335
31 69 732
68 13 367
70 25 862
60 91 311
65 15 433
32 59 300
97 23 331
90 82 162
24 35 803
74 91 955
42 92 888
6 80 370
30 11 989
72 43 858
39 45 370
97 67 734
71 67 117
53 50 813
39 74 455
29 98 478
72 7 803
51 99 96
14 57 902
56 85 383
53 24 107
19 79 445
85 65 893
34 99 764
7 75 968
57 75 458
63 47 538
61 13 261
18 36 611
54 40 476
29 68 432
59 34 584
75 97 202
73 82 938
48 71 571
22 50 929
20 57 585
32 87 748
19 19 108
11 65 977
78 18 182
64 71 62
12 94 320
93 1 394
15 41 419
64 39 466
72 46 39
58 63 558
28 92 442
44 91 912
61 42 322
83 74 452
76 15 715
76 79 326
68 67 370
59 54 136
4 14 699
18 93 622
9 4 79
51 38 58
93 29 302
18 50 914
32 86 97
62 81 372
80 72 1000
85 77 519
50 45 829
43 36 484
98 36 201
35 16 762
65 22 756
51 88 725
83 82 309
55 3 870
31 43 502
28 42 638
15 47 288
3 70 330
18 1 527
56 34 762
77 12 677
17 6 693
98 84 143
100 76 1026
42 99 32
35 6 562
34 15 989
3 66 904
55 63 706
88 46 775
51 44 1030
57 6 58
92 71 574
19 18 271
17 19 822
75 2 716
41 61 102
7 86 435
69 13 237
66 57 591
61 8 931
66 35 333
88 79 141
5 71 633
75 63 703
77 100 472
89 71 546
74 76 886
38 34 792
94 47 112
1 47 929
35 1 889
65 12 1007
36 14 746
50 86 103
49 79 77
19 94 905
46 2 193
80 15 518
78 49 555
24 99 400
76 10 700
87 86 187
100 1 51
38 73 238
16 72 187
62 46 935
15 61 906
81 48 503
81 25 934
80 94 111
89 16 286
26 24 762
78 96 648
3 4 900
74 12 189
71 17 956
31 44 69
31 68 735
55 72 716
100 52 148
15 8 227
90 91 867
86 8 44
89 29 122
100 87 876
63 51 371
31 56 854
2 93 584
5 10 790
64 59 841
54 47 408
14 61 997
42 4 982
29 49 922
93 67 974
95 59 41
2 82 56
94 87 786
56 46 839
66 9 295
12 86 59
72 52 212
75 56 77
23 47 819
41 90 947
52 53 91
33 30 585
20 37 487
17 45 832
25 9 387
62 89 52
14 23 1016
21 69 587
67 57 914
9 25 488
13 85 929
78 48 364
74 1 383
34 58 152
23 31 128
45 16 690
13 25 803
22 8 475
46 65 541
83 15 1001
26 16 513
73 2 806
73 6 283
82 27 808
65 25 942
32 84 64
56 8 60
15 52 624
32 14 545
98 37 443
14 19 377
20 51 826
99 29 950
75 40 984
10 25 948
17 54 531
20 47 587
85 14 53
21 26 684
92 72 82
90 95 847
40 90 313
68 61 184
7 14 582
31 31 308
36 32 317
83 40 85
96 62 704
73 68 741
96 71 813
90 87 756
31 21 345
91 74 185
5 78 52
87 55 211
70 42 693
61 96 529
75 22 663
42 84 610
64 66 782
50 92 229
22 6 470
47 60 300
24 34 342
31 14 846
24 28 785
71 26 954
92 10 967
27 89 141
93 92 834
84 90 97
41 29 98
86 62 665
51 29 641
78 83 323
56 59 998
65 95 368
6 57 812
49 60 38
39 78 182
19 45 265
21 85 658
34 19 810
97 25 397
55 92 1026
1 82 481
9 63 98
68 22 103
45 74 951
41 60 841
25 87 212
95 18 684
28 34 217
52 52 978
96 48 74
77 50 780
91 17 680
12 41 940
37 62 659
97 24 255
35 57 795
53 10 719
86 96 366
90 44 993
37 39 596
86 89 791
3 90 619
43 100 509
56 28 173
32 53 409
88 69 157
98 58 692
45 93 144
88 7 281
79 72 822
67 33 58
8 73 144
7 4 498
87 46 192
39 76 500
7 3 583
16 16 622
60 81 271
66 83 716
38 75 255
22 2 933
46 67 499
49 86 307
46 100 265
22 21 651
76 73 41
91 64 200
23 5 815
5 90 927
79 66 792
33 69 681
51 89 354
89 17 400
88 52 648
8 24 946
32 35 967
47 4 894
51 40 684
92 36 858
58 50 962
78 52 493
66 28 125
83 97 1027
86 66 315
9 81 854
95 69 113
50 32 644
42 37 391
29 64 593
30 48 937
82 10 646
9 56 623
57 52 688
22 89 822
55 12 259
75 95 620
7 60 914
95 72 1016
59 35 357
6 41 185
67 56 615
22 100 648
25 57 256
13 1 864
25 81 737
71 70 791
30 54 666
2 91 224
88 17 118
80 23 528
87 59 385
86 76 151
94 53 272
94 86 97
75 93 261
96 5 237
49 92 107
91 37 189
7 77 842
82 74 629
40 29 160
16 1 346
68 95 131
6 13 524
50 43 670
6 50 796
50 26 491
86 36 992
62 47 282
88 97 41
68 26 422
68 41 361
62 93 828
74 87 696
17 78 853
18 43 654
43 55 859
31 16 160
77 20 398
26 82 659
51 73 498
44 3 565
36 53 333
22 18 746
51 92 520
93 15 588
100 95 805
67 77 599
86 44 129
67 72 558
91 92 483
46 26 33
98 80 876
67 96 112
58 37 585
24 94 936
70 68 280
46 36 79
89 87 646
13 14 583
4 66 902
81 20 992
61 66 537
8 99 686
44 5 752
89 62 261
56 12 484
43 12 306
29 79 151
59 55 756
79 68 611
96 27 191
94 82 503
50 4 262
12 34 957
38 15 600
17 87 595
52 100 875
6 25 969
25 5 327
51 18 305
33 42 452
88 26 497
21 52 347
60 67 258
26 88 184
13 4 821
64 49 489
45 35 797
14 62 622
8 83 72
33 50 156
84 66 595
2 45 916
42 50 627
45 40 1005
93 99 169
31 8 532
66 27 820
27 18 317
9 11 830
10 89 537
27 53 669
71 90 505
20 87 158
12 61 199
62 51 544
69 52 36
47 94 319
64 80 984
75 79 1010
15 38 170
67 76 580
57 2 258
95 30 729
7 98 200
57 63 463
8 21 624
1 9 745
80 62 591
11 93 755
48 84 981
75 33 395
77 13 913
58 11 69
7 32 515
70 17 521
90 10 929
98 24 537
11 85 189
3 61 821
86 63 231
71 79 630
83 61 304
45 52 432
28 88 141
44 79 248
54 77 969
29 35 310
65 46 207
25 36 669
39 88 323


