67 2810 14 1
25 63 1014
49 18 994
9 29 40
25 30 317
45 6 724
61 11 495
12 19 852
39 36 396
12 7 768
56 51 33
9 63 732
15 10 417
21 36 961
49 21 711
56 11 539
26 27 132
46 4 801
16 56 753
23 8 442
67 32 928
45 62 911
30 38 257
37 56 681
10 57 731
62 53 690
61 28 86
5 21 607
16 22 67
64 23 220
62 30 741
22 47 92
21 53 1006
53 50 148
33 1 273
43 20 589
37 21 1008
19 37 448
10 30 493
54 25 87
19 11 738
29 6 515
13 11 408
52 50 94
11 9 665
51 55 435
14 27 457
33 23 207
33 48 430
34 1 285
2 57 451
16 36 604
58 46 1020
25 38 899
46 44 114
44 26 128
47 34 64
4 65 190
25 43 663
15 16 131
6 1 708
23 30 928
28 62 641
21 65 503
13 5 276
25 15 685
10 19 349
10 58 387
39 21 461
42 26 75
15 38 559
65 6 368
22 58 546
23 37 62
47 41 1017
30 48 345
44 29 585
32 50 800
28 67 476
1 16 943
3 32 190
64 7 961
52 17 646
64 13 1009
17 14 424
41 46 194
50 58 890
4 62 869
43 36 803
21 67 437
42 58 173
9 3 998
53 29 906
10 43 842
29 48 424
56 46 35
13 27 815
48 30 842
44 7 555
16 67 289
2 29 435
42 65 39
6 56 331
42 24 369
48 28 683
2 59 116
50 36 696
36 67 992
8 39 171
14 31 882
66 12 562
66 29 349
8 28 808
4 12 984
31 27 538
64 3 667
46 58 835
32 27 68
67 13 414
38 32 549
17 57 310
40 10 221
14 45 1003
21 61 337
46 29 1029
20 29 230
57 8 575
22 38 259
36 19 863
2 58 317
51 29 77
4 48 902
41 47 397
60 9 117
58 5 220
11 53 662
66 1 627
2 4 752
27 6 354
8 5 776
36 38 917
25 5 912
21 55 709
10 54 389
67 18 427
33 27 1008
38 54 387
9 6 707
25 45 441
66 32 645
62 39 811
58 28 206
16 21 41
55 60 762
24 13 427
24 64 236
17 13 574
63 4 258
49 6 220
28 5 445
12 9 49
22 43 943
1 60 261
56 67 252
64 66 189
39 58 351
14 54 497
49 13 83
41 67 669
46 17 865
55 47 124
6 53 1006
21 9 864
2 43 258
13 63 382
49 24 531
24 43 549
12 23 445
49 63 480
16 3 368
7 60 934
17 65 137
57 7 190
14 44 768
29 8 694
32 22 652
41 32 130
3 66 650
49 48 661
21 35 957
30 21 941
13 37 298
7 23 485
57 16 623
63 9 967
11 48 533
6 8 165
29 13 756
13 54 298
19 56 536
18 46 252
19 13 973
21 64 276
3 51 639
21 22 449
55 41 834
27 57 487
54 67 328
66 63 329
18 37 525
13 42 682
41 66 407
5 24 520
38 2 514
4 22 343
9 48 319
41 51 79
8 6 133
17 15 751
54 18 112
28 6 516
3 18 154
53 48 735
22 17 620
1 30 942
57 34 94
39 63 1018
38 45 695
42 13 219
17 1 565
27 36 205
19 24 498
9 41 934
57 21 980
41 10 82
39 28 871
8 21 290
34 21 808
17 16 335
39 45 997
49 12 718
11 43 310
14 57 32
10 48 916
43 55 837
52 46 949
47 64 641
15 60 281
47 22 155
22 55 581
56 15 646
59 36 510
47 43 804
23 57 802
55 44 868
30 22 954
61 52 835
43 14 74
21 37 220
8 42 539
60 34 394
1 55 471
7 48 610
10 56 454
3 15 603
31 2 985
67 55 668
65 64 348
52 39 895
13 44 667
35 36 88
35 47 558
8 52 308
30 59 353
23 28 368
57 47 983
49 52 485
31 6 216
53 54 338
11 17 101
47 67 435
16 24 541
9 60 219
12 61 641
28 26 807
7 4 361
12 65 905
42 48 533
29 9 613
38 64 570
16 25 335
57 6 580
45 32 339
15 6 416
12 31 434
66 36 696
53 7 103
48 2 391
50 6 636
40 20 404
19 29 593
49 34 170
42 33 287
33 55 765
25 46 107
13 31 449
4 14 277
19 25 45
64 65 808
35 37 93
19 14 863
52 48 610
18 25 369
13 20 244
22 45 667
25 48 672
40 21 747
61 64 156
39 47 905
52 2 647
2 56 116
22 48 532
6 31 680
55 51 303
19 23 916
32 36 708
1 56 580
54 47 56
42 17 90
16 6 511
49 23 147
42 35 238
13 55 59
28 39 754
52 47 338
65 16 321
3 59 904
45 47 750
30 57 67
6 15 398
67 33 60
11 54 701
48 67 364
32 26 449
26 39 647
43 22 1014
38 57 615
10 61 640
43 59 404
17 35 318
22 36 33
21 5 387
26 52 75
28 22 786
14 13 695
64 47 816
42 39 492
37 60 433
50 17 248
66 61 404
29 42 274
7 63 978
30 64 905
47 51 253
65 18 63
45 7 156
47 10 810
35 4 79
24 8 513
60 66 104
23 39 893
37 44 786
50 35 901
50 49 523
24 16 771
37 17 830
23 47 602
10 62 750
2 44 869
34 54 424
59 29 160
27 62 864
36 55 729
4 43 309
37 2 430
62 59 142
66 20 156
36 34 284
65 24 504
61 17 810
20 22 761
61 60 708
43 45 505
17 60 1015
19 9 447
25 37 628
51 16 980
55 25 789
25 39 525
35 38 938
1 10 524
45 37 747
60 44 531
20 21 335
36 29 591
23 9 590
49 20 972
34 9 913
22 15 276
24 25 226
44 39 950
25 49 785
46 62 434
20 47 366
55 56 693
12 60 151
29 44 931
18 66 69
33 9 322
2 37 967
44 62 474
64 12 109
26 21 245
19 67 317
56 54 524
33 24 954
40 4 150
22 4 767
15 9 427
49 66 971
50 2 273
64 38 772
39 41 282
44 38 878
18 2 844
45 26 157
26 10 973
55 7 455
13 1 460
51 64 492
15 34 908
12 45 661
12 8 697
62 35 835
64 17 393
5 14 767
1 28 953
55 8 176
29 4 1023
52 16 333
33 45 481
9 64 413
65 57 716
15 44 569
20 34 736
8 14 297
43 65 240
43 48 479
9 58 566
48 55 670
35 64 838
60 35 643
45 8 145
51 60 333
8 34 65
29 28 178
11 31 415
46 56 689
36 2 955
59 64 640
42 62 656
1 41 773
13 12 1025
6 20 711
24 38 137
44 55 1022
26 38 594
18 44 938
1 17 976
42 43 732
33 10 688
21 6 41
36 48 358
48 26 905
4 36 1016
41 57 384
63 25 362
35 61 356
28 45 658
48 4 221
2 67 971
30 26 608
14 11 313
19 57 182
15 20 596
47 61 563
8 17 672
26 44 268
56 38 849
54 46 840
27 56 889
40 46 463
20 45 555
55 11 1028
23 4 615
34 39 114
50 16 977
27 31 803
15 13 374
7 1 568
23 33 763
8 11 589
25 33 882
41 48 96
64 44 147
16 66 177
63 65 933
49 50 597
49 62 879
33 67 970
57 27 176
52 33 623
54 64 236
18 3 467
61 47 539
27 11 879
22 54 608
23 17 748
50 13 575
48 51 743
31 39 136
5 33 158
56 29 690
35 48 446
44 1 404
27 29 951
3 31 651
22 3 594
5 32 659
31 61 612
64 63 939
9 57 632
40 19 411
42 45 137
38 4 192
63 35 813
31 40 977
30 65 235
41 8 148
54 40 700
56 17 619
58 49 90
33 34 852
31 51 308
62 67 498
11 37 984
27 65 341
9 15 911
5 31 853
39 5 319
29 39 306
10 53 578
44 23 36
14 59 254
24 45 975
7 2 934
50 19 251
35 53 897
30 54 576
24 18 589
45 33 586
32 46 667
41 54 306
23 29 191
63 5 394
15 39 503
65 5 858
52 31 400
42 19 1003
55 48 45
67 27 752
57 36 370
60 1 388
7 45 954
46 7 851
42 37 931
39 14 806
67 65 815
19 31 200
45 21 584
26 18 800
61 15 940
8 19 381
8 20 54
33 17 95
30 2 344
57 62 433
62 57 654
31 29 1021
26 48 182
55 64 415
51 34 567
38 26 37
60 67 993
56 65 1001
62 7 303
32 21 519
13 7 910
57 56 1012
44 15 412
48 38 284
55 28 234
61 53 844
65 19 848
57 37 741
12 55 561
50 30 705
47 23 476
36 1 883
29 23 743
7 46 863
47 18 842
7 26 48
51 35 777
11 55 530
67 24 605
48 52 898
29 36 135
3 50 350
57 26 503
43 30 472
57 48 116
5 66 629
63 12 315
43 2 275
25 35 908
29 15 392
11 61 655
9 7 205
9 42 407
50 33 947
56 32 137
52 3 439
20 53 359
34 19 402
5 44 143
11 14 94
28 43 814
53 57 218
46 9 596
63 13 505
12 52 392
56 34 132
22 51 963
40 9 302
5 65 660
64 27 993
65 23 444
4 29 115
14 39 631
1 23 715
23 15 242
22 41 580
6 32 977
67 57 237
40 23 250
42 23 304
31 57 451
9 49 1002
46 18 102
38 49 530
22 18 690
66 19 99
4 1 553
55 46 444
65 1 352
14 28 300
17 38 579
3 34 532
11 35 508
56 33 1030
44 58 56
13 39 936
30 1 459
60 21 895
30 7 529
56 59 467
35 32 372
31 22 502
27 25 460
6 3 367
67 30 273
14 9 956
57 43 280
26 63 547
27 50 495
62 43 669
18 23 975
34 15 672
30 41 406
33 38 702
11 42 524
13 30 741
27 10 784
4 66 804
2 45 380
43 18 981
22 56 682
15 67 542
18 60 106
50 42 658
16 61 789
42 34 277
55 38 470
37 58 53
26 7 823
18 59 140
28 66 803
15 55 448
4 60 668
46 27 749
35 24 988
35 34 149
2 22 898
39 34 479
40 63 81
43 37 352
21 60 424
64 5 677
59 61 836
37 15 909
6 62 41
63 44 885
32 35 829
5 50 170
61 58 924
20 32 214
26 53 575
9 12 523
15 27 1019
7 13 319
21 27 510
7 41 907
41 26 982
27 66 352
49 29 881
42 63 285
47 11 89
26 50 369
37 46 773
17 24 1027
16 55 539
48 8 1018
6 46 356
23 58 144
51 8 985
26 12 571
18 64 814
33 3 463
35 33 97
58 16 731
67 48 380
50 44 603
13 34 440
5 59 584
13 36 130
24 53 989
3 2 572
32 61 654
62 10 200
26 54 843
11 18 927
13 14 497
61 9 646
13 28 1024
42 10 348
30 46 522
61 10 87
4 31 361
21 45 861
29 47 597
44 16 277
7 15 668
38 24 709
29 1 385
58 51 217
29 19 192
54 61 663
41 43 398
47 60 365
44 4 87
41 61 868
43 40 729
20 51 383
58 1 791
60 49 469
57 35 431
52 65 479
31 25 286
58 29 467
9 8 413
55 23 541
19 46 855
42 38 586
28 33 1013
57 1 279
62 21 244
67 1 786
53 15 166
18 16 468
24 36 69
20 43 785
1 3 114
39 9 198
28 17 835
40 1 453
25 28 473
12 34 175
3 60 416
30 58 207
22 61 214
67 35 297
61 19 93
39 57 419
53 67 342
15 21 487
57 30 818
39 54 1010
31 1 597
36 49 706
33 26 478
11 19 1005
34 10 829
30 40 699
26 4 867
15 7 323
24 50 437
53 21 538
2 42 125
3 26 629
28 9 483
41 18 1024
62 61 987
38 51 989
16 34 377
7 58 776
5 58 405
65 37 935
2 27 535
10 34 931
52 23 618
28 63 193
67 37 693
16 37 548
24 34 318
57 51 742
40 45 709
36 11 190
30 29 433
24 41 540
63 56 999
36 12 585
55 13 188
58 9 648
32 6 874
49 35 702
60 19 229
32 60 159
1 49 307
52 12 532
10 17 460
29 2 379
35 8 198
64 9 184
31 30 884
60 53 575
14 47 799
14 24 848
65 9 900
24 58 671
67 59 38
32 54 313
31 47 733
49 37 484
25 44 939
50 46 597
58 66 908
5 34 58
44 2 200
12 67 567
67 45 576
43 64 568
31 62 460
21 49 523
10 6 999
44 36 772
38 12 1010
41 37 708
44 28 1012
55 53 587
67 28 632
24 2 635
16 51 909
26 40 192
47 14 977
46 16 627
7 52 495
41 36 741
48 32 919
44 51 62
29 35 961
56 43 260
48 10 346
39 20 585
38 28 557
53 36 470
6 37 599
4 67 268
58 19 890
37 55 119
12 44 59
23 49 187
26 56 994
21 29 60
3 65 327
48 29 173
9 46 589
8 65 460
13 9 211
20 66 525
42 66 213
39 38 165
34 36 541
66 37 229
35 40 842
59 38 724
67 66 213
53 60 909
5 48 247
67 22 787
7 65 643
67 23 213
23 46 522
63 28 184
63 31 545
63 21 483
56 21 711
22 8 953
34 56 253
18 33 907
51 57 873
15 47 956
24 17 153
37 30 540
35 3 668
55 6 389
34 46 301
43 11 148
52 21 281
13 67 186
39 18 836
21 58 992
22 7 327
67 64 847
26 33 507
5 60 198
43 16 755
46 10 317
65 29 98
64 6 955
3 29 969
58 65 562
43 49 192
66 58 329
54 56 71
4 49 327
47 12 625
17 30 457
17 56 896
35 42 843
26 37 905
9 32 938
55 22 609
61 4 226
44 31 727
27 14 249
28 64 407
44 50 444
44 59 636
36 3 506
54 12 668
4 26 108
22 66 741
52 26 522
26 46 877
37 34 164
26 25 692
9 34 904
6 9 641
4 47 902
17 9 266
12 66 188
27 48 633
8 15 635
56 7 600
48 64 883
46 30 672
18 10 160
41 5 197
21 26 482
31 63 471
25 3 648
35 39 162
28 52 573
34 28 950
40 3 879
40 28 714
43 8 990
16 1 293
42 22 427
5 12 781
19 27 648
14 58 774
8 54 703
31 5 159
50 64 93
65 61 37
42 54 343
41 55 75
30 55 727
60 52 585
39 65 391
9 44 289
34 17 454
56 20 592
52 10 583
9 38 344
26 1 178
46 3 145
16 26 792
5 19 443
6 63 627
24 55 647
35 57 32
59 15 129
59 7 196
29 53 984
19 54 80
46 47 517
56 27 227
26 58 739
2 64 178
60 37 733
14 60 770
21 48 65
24 62 677
27 17 810
25 31 475
10 60 268
38 48 970
47 30 361
23 3 573
63 33 236
53 32 1020
59 49 1004
7 43 123
8 3 930
7 33 960
42 18 140
8 30 53
43 35 915
51 11 241
52 32 1007
15 26 933
21 38 567
58 53 107
35 46 705
61 44 699
61 37 81
14 3 105
46 21 557
20 41 542
51 30 289
54 20 773
13 19 779
32 7 959
47 65 795
58 31 383
1 48 290
13 45 720
27 35 944
62 66 414
54 50 83
44 18 238
54 27 465
12 51 757
4 25 718
50 10 115
47 66 527
17 37 738
27 33 998
33 50 93
55 26 538
5 13 587
11 39 545
31 20 211
7 32 990
6 54 231
11 62 497
59 10 220
32 42 578
63 18 806
28 49 692
50 65 738
5 63 374
35 15 927
61 49 886
1 38 966
12 33 452
40 29 748
67 51 934
60 45 111
39 19 80
19 8 284
1 52 560
66 18 184
65 11 141
10 59 412
50 25 168
45 3 361
22 29 319
34 41 335
35 58 657
2 35 641
64 18 269
27 28 337
43 47 498
60 64 174
9 53 165
62 45 1013
57 45 518
43 17 479
5 42 716
34 59 813
59 21 898
52 45 74
30 37 518
54 42 321
55 17 207
29 45 183
20 26 875
1 59 929
20 61 669
19 45 573
56 28 202
21 54 470
13 24 1006
7 30 385
58 34 357
20 6 397
63 6 595
15 53 65
4 11 511
36 54 948
62 32 726
41 25 422
39 55 671
37 3 688
31 18 749
22 63 258
14 6 954
45 42 170
7 66 957
6 52 351
35 25 593
31 28 212
28 15 210
52 29 717
27 63 966
33 41 634
54 14 354
61 22 182
57 63 433
40 11 160
51 43 763
7 53 405
21 14 837
59 24 462
32 15 570
64 36 461
39 23 988
56 62 263
54 19 592
32 3 211
28 18 723
38 19 508
13 49 50
20 42 824
27 22 271
13 26 532
40 36 263
63 16 473
7 39 427
63 11 933
40 66 354
63 47 625
10 25 548
66 17 729
6 61 735
36 61 245
38 11 627
60 12 703
37 62 323
13 58 97
34 64 919
20 36 890
45 48 465
9 20 65
18 50 474
58 20 727
61 39 1004
41 39 566
7 40 627
8 66 336
67 62 339
50 32 38
2 38 140
9 67 138
43 13 601
1 32 664
65 48 476
36 60 108
49 5 144
10 21 317
15 33 258
3 6 100
4 5 725
4 46 644
59 66 525
36 41 816
43 60 337
65 47 979
28 44 363
45 43 734
37 39 687
45 31 845
28 14 961
47 8 205
62 42 597
61 18 963
42 52 335
24 59 672
19 30 164
31 50 873
7 22 1017
5 4 198
62 64 677
20 37 799
65 45 403
27 61 405
48 13 909
18 11 887
65 36 213
1 67 475
25 65 280
49 67 241
64 24 60
8 57 493
26 49 683
9 28 717
38 9 172
58 41 50
27 5 545
58 55 505
22 11 587
67 3 436
33 57 363
32 12 326
61 25 190
56 63 473
56 42 247
34 67 926
44 12 424
48 35 412
8 49 396
24 27 798
37 47 214
46 42 348
39 35 227
57 15 830
67 60 502
66 2 114
17 41 678
53 47 478
62 20 862
66 50 720
13 52 711
13 66 379
27 45 589
45 38 61
18 26 221
63 46 177
47 6 154
37 42 672
33 7 754
1 7 624
44 60 90
53 42 819
11 2 271
47 53 618
60 29 454
57 5 729
15 46 131
11 29 696
31 37 37
44 27 898
26 32 550
10 66 161
11 6 134
23 50 953
47 28 734
18 62 181
30 47 817
24 33 298
63 42 475
42 57 194
12 43 153
49 38 1000
1 35 395
3 58 527
58 6 256
51 56 414
65 33 399
46 57 1019
63 58 854
55 27 794
29 18 88
43 26 896
28 23 927
10 36 471
14 16 358
50 31 563
61 42 756
31 19 512
31 3 746
2 19 70
1 31 368
19 44 864
34 66 680
19 61 648
14 7 626
19 64 333
38 36 698
54 11 278
57 52 378
66 38 268
39 48 94
38 23 980
35 67 589
25 23 47
22 9 77
52 37 609
28 56 989
19 48 220
35 65 841
12 59 613
20 24 220
54 24 828
23 59 569
11 45 459
41 4 90
29 34 275
19 63 631
5 47 416
2 32 635
22 49 862
3 17 824
17 49 497
17 51 855
61 23 149
59 27 992
3 45 590
15 4 89
15 36 641
49 31 152
51 32 257
41 27 175
62 50 556
52 27 204
16 18 377
35 59 481
38 29 460
17 28 627
28 20 848
50 57 821
2 9 227
39 8 736
39 27 319
10 50 471
3 5 997
18 7 944
13 32 150
27 3 67
32 8 101
65 3 703
27 34 53
2 14 333
26 67 925
19 20 73
44 37 1024
59 20 443
41 58 37
47 37 487
37 25 246
40 25 1000
55 34 337
19 1 53
66 59 355
66 16 520
32 29 706
45 53 981
57 60 658
2 25 364
7 55 819
30 66 333
30 4 331
41 59 94
34 31 1021
20 1 395
17 11 842
46 2 582
62 3 173
45 14 136
59 26 371
15 40 264
67 4 743
51 45 652
24 30 596
64 61 930
26 29 227
60 42 631
40 41 108
61 29 784
66 11 353
58 42 578
26 20 193
53 61 503
39 61 55
61 41 340
12 17 376
18 53 613
6 11 226
44 21 606
55 61 585
56 9 561
30 63 551
48 5 929
1 21 35
15 28 637
62 22 808
25 66 684
20 13 565
47 62 41
67 36 410
38 20 521
6 30 361
20 33 738
47 52 438
22 40 351
57 17 712
57 2 809
56 18 683
17 43 498
2 41 412
60 43 575
28 29 39
24 57 479
17 2 528
41 40 91
24 28 68
11 22 211
59 28 512
27 8 435
12 42 93
46 13 658
13 16 312
6 44 366
35 54 323
40 14 534
28 40 524
17 32 937
6 49 321
53 20 149
56 2 167
2 34 358
50 1 293
54 34 283
42 3 596
10 9 665
59 67 805
12 22 34
37 59 108
28 31 839
53 52 556
53 1 727
25 62 243
52 57 223
34 43 776
56 14 806
55 31 364
62 2 109
65 51 264
45 11 563
29 50 179
65 44 596
23 20 602
15 24 93
64 28 742
7 47 528
49 25 927
16 19 665
40 60 598
4 2 538
22 30 155
6 23 572
18 31 396
49 53 819
7 10 325
3 44 780
25 51 839
1 43 824
51 39 266
14 64 292
14 17 154
28 25 777
54 62 480
42 14 742
65 15 521
27 67 979
26 19 649
5 26 181
58 61 565
41 11 461
33 28 514
33 32 685
2 21 88
45 63 269
62 28 194
43 46 548
20 27 895
41 34 868
7 24 469
44 66 883
17 44 451
24 1 540
64 60 790
67 61 649
50 20 248
35 23 93
20 46 80
38 15 730
17 62 797
25 29 450
1 42 202
22 57 338
42 56 347
18 51 747
43 32 77
22 62 820
63 20 636
1 34 548
66 35 560
59 63 823
4 55 48
42 6 232
7 28 530
56 57 521
27 37 436
23 65 750
61 13 128
44 67 877
22 26 453
61 35 557
33 46 650
63 67 82
40 2 117
21 62 413
52 60 833
31 34 871
60 22 53
44 49 508
11 59 838
16 13 747
6 58 500
47 55 431
14 19 697
30 34 674
30 17 765
66 54 528
33 8 112
66 51 740
34 49 752
8 23 586
5 55 741
36 51 845
28 21 736
52 18 763
37 45 642
65 42 881
58 38 1026
61 32 651
33 60 108
36 22 761
57 54 173
13 51 526
28 10 277
65 63 948
3 67 280
49 42 762
47 2 587
26 55 92
12 41 268
13 23 449
1 26 528
10 23 130
17 40 189
39 59 937
41 60 782
1 8 661
29 25 375
13 41 884
24 21 698
58 57 884
14 40 269
62 36 757
55 49 171
26 24 216
22 1 1017
7 64 211
52 66 552
10 8 664
40 37 730
14 53 850
35 31 969
30 28 649
2 54 741
12 14 302
13 6 164
36 26 122
27 2 351
59 65 865
61 51 351
45 59 390
60 41 324
41 56 435
66 55 826
64 22 342
18 40 156
32 13 965
18 17 1014
7 57 940
28 30 866
44 43 565
34 11 459
44 32 957
23 7 425
37 10 868
6 38 239
43 56 135
40 18 449
13 35 379
58 22 244
9 56 574
42 7 776
2 30 65
32 11 669
16 46 540
9 51 742
6 43 1007
45 65 651
47 13 1001
19 42 573
49 26 655
61 65 234
18 8 1006
24 48 675
5 45 489
6 27 876
33 65 219
52 53 493
59 47 97
5 11 223
55 40 478
4 18 1001
8 2 756
47 63 954
60 50 535
11 52 787
29 57 397
52 4 878
51 5 527
29 37 210
13 62 448
3 13 375
48 16 512
31 9 329
64 62 511
46 67 702
67 17 952
59 17 979
40 33 986
40 51 869
3 39 113
36 4 214
59 11 229
18 56 611
36 45 162
2 1 806
49 19 101
10 14 324
10 46 502
53 12 457
48 1 268
57 10 619
21 43 984
65 22 593
39 51 655
20 28 755
67 14 552
20 12 970
42 15 454
53 16 150
1 58 512
17 42 463
63 40 116
7 34 685
52 59 794
48 33 890
31 24 283
16 8 482
49 55 257
66 30 539
38 43 110
21 15 706
31 17 569
13 46 904
16 27 789
63 34 320
57 40 237
33 21 543
66 41 557
17 21 536
67 58 661
14 4 501
8 32 909
64 40 961
36 25 255
45 12 533
33 12 1018
54 10 83
34 62 586
66 6 977
4 53 586
25 53 408
56 24 489
60 24 358
40 44 137
67 34 893
38 58 717
53 18 850
15 45 806
18 12 1013
54 58 1018
44 56 741
29 64 80
36 50 389
11 32 961
37 50 461
26 11 909
51 23 330
4 54 933
39 24 439
7 21 636
30 44 852
5 53 680
18 57 949
19 55 414
53 27 870
63 50 703
65 60 721
4 42 760
42 32 1009
14 36 706
25 60 895
15 30 880
21 44 747
38 59 898
29 22 198
60 59 687
3 30 338
12 46 372
21 10 741
51 26 109
6 33 387
28 2 842
23 5 552
61 1 109
25 21 348
33 30 883
30 61 817
15 23 634
15 57 232
49 32 270
55 12 645
55 2 274
8 25 964
38 17 309
51 21 347
44 24 411
45 28 623
48 25 211
43 7 713
65 13 866
28 24 231
58 39 906
7 20 703
30 36 582
25 16 492
13 25 800
42 59 807
42 49 786
67 54 114
50 48 581
35 2 297
6 21 504
27 30 843
29 31 664
61 48 508
19 34 416
58 40 543
2 17 755
47 27 631
32 25 813
28 11 371
3 52 660
56 48 620
44 40 928
41 15 973
8 18 880
42 60 551
6 35 1015
3 12 755
12 32 838
61 26 258
40 38 294
13 57 627
23 21 403
28 51 934
19 4 351
43 10 963
24 3 461
64 55 527
27 19 989
7 27 703
55 4 615
56 45 991
67 43 315
51 50 807
64 10 800
23 45 270
56 6 403
30 43 929
12 57 810
64 41 670
40 54 453
53 26 273
66 40 775
62 47 151
9 35 150
49 14 708
18 54 479
64 56 665
32 38 837
10 38 590
59 18 732
28 4 895
23 35 789
16 41 902
41 17 200
29 17 276
4 27 220
29 33 51
22 14 526
23 24 896
47 5 879
48 12 787
15 25 546
63 49 923
17 7 317
2 53 450
32 62 103
17 47 380
58 10 932
67 56 962
23 67 780
7 5 55
10 22 328
58 56 490
53 62 979
56 12 37
50 15 313
56 23 396
35 6 226
21 57 655
19 43 205
37 11 754
29 12 997
20 19 619
5 22 997
24 42 981
17 29 603
19 17 463
49 46 757
6 47 398
64 42 1015
44 30 57
24 47 946
53 17 863
63 23 173
55 67 241
14 32 61
38 67 359
35 52 877
18 9 666
20 25 874
47 42 87
15 61 390
44 17 920
16 5 591
30 23 266
11 33 741
27 60 125
53 23 312
67 2 925
54 1 694
34 32 522
53 5 69
27 43 124
52 42 776
31 21 391
54 33 505
29 38 519
10 32 435
13 8 351
35 11 216
30 60 135
28 3 365
29 65 837
55 24 583
19 5 935
14 42 86
2 36 205
1 9 1028
38 53 534
6 39 662
64 48 622
52 61 113
60 26 245
17 53 884
6 29 598
39 16 255
13 59 858
32 67 999
58 8 388
45 15 272
8 35 36
2 48 301
31 15 110
12 39 38
30 56 743
58 63 736
5 41 259
12 13 147
2 20 898
24 61 818
54 37 35
63 38 340
24 5 937
31 32 632
52 5 1029
2 24 223
38 62 482
32 58 1026
41 14 790
4 30 500
11 12 169
19 10 660
50 11 972
2 49 749
55 20 592
56 13 551
2 50 387
7 38 779
12 3 267
23 31 765
6 60 473
41 20 1011
51 61 735
48 18 1014
50 63 212
4 45 604
22 5 375
60 51 389
38 31 1030
45 55 169
29 58 177
6 16 495
67 8 100
20 48 257
11 16 958
58 14 434
31 65 406
16 60 234
48 65 206
28 38 359
59 25 110
42 61 443
18 14 791
6 13 553
7 9 487
40 50 863
23 27 404
54 9 649
21 24 302
36 64 650
30 3 106
3 1 607
33 31 269
19 41 442
5 46 124
26 62 602
50 5 409
32 53 347
17 64 517
44 14 1020
31 43 778
9 50 342
30 53 83
19 16 736
56 36 651
49 16 156
27 12 767
43 44 1026
11 26 651
12 48 191
11 65 174
15 62 209
16 43 631
31 12 848
59 32 991
2 46 547
59 6 276
59 45 499
39 40 342
21 13 142
35 5 490
3 25 507
55 58 705
6 19 64
29 67 252
32 39 291
34 38 996
21 3 393
21 50 435
14 55 917
59 23 961
54 29 606
45 27 935
57 61 749
59 8 545
18 28 791
37 5 588
39 30 424
1 25 491
36 35 674
63 54 372
18 35 635
10 49 1021
59 58 354
21 46 567
49 58 285
47 15 523
59 54 289
37 63 146
9 37 346
3 49 225
58 30 247
31 11 775
20 8 594
29 10 731
53 30 631
47 39 677
17 36 1006
46 11 220
26 5 584
54 3 277
31 67 185
61 24 721
50 55 413
51 67 789
34 29 959
39 12 132
16 7 951
38 63 855
57 14 837
26 41 769
50 27 978
1 22 465
48 42 260
11 36 226
4 44 621
4 58 581
67 39 186
64 15 260
46 33 293
8 29 352
9 18 482
48 66 311
57 64 87
61 57 562
37 8 447
30 25 820
43 33 642
27 18 286
58 67 83
54 4 920
11 24 119
33 39 940
46 1 985
56 47 34
32 41 47
63 64 898
36 14 605
11 67 724
5 16 458
59 35 812
44 42 396
5 23 196
36 9 755
36 20 231
53 9 501
66 45 805
30 27 819
46 52 447
35 49 95
48 39 305
5 40 760
19 32 194
19 52 621
10 55 481
5 6 316
8 26 554
62 44 468
21 19 224
17 46 696
52 49 225
44 65 94
36 10 848
66 57 913
35 63 531
34 6 862
4 7 134
31 41 208
8 56 269
25 7 589
37 65 593
19 18 194
7 29 272
58 59 540
27 21 231
17 10 606
20 64 927
9 52 472
1 39 379
46 63 475
10 37 431
32 49 178
53 43 116
16 29 598
26 51 766
36 59 384
47 7 731
12 56 319
54 28 311
60 4 736
8 55 666
29 52 695
66 62 217
11 38 619
36 18 35
60 14 929
62 51 931
2 31 292
4 28 497
17 12 476
20 56 983
60 30 737
59 60 608
36 47 996
28 48 607
22 28 917
23 43 618
5 43 765
42 44 259
11 51 385
4 57 553
53 63 1001
20 55 794
11 60 464
60 2 212
43 23 499
10 3 457
20 2 599
49 8 582
34 48 1005
66 8 841
42 5 919
8 27 366
56 10 485
63 29 635
26 16 676
54 38 271
13 33 699
11 13 995
3 36 260
65 4 740
21 33 819
41 23 52
25 1 349
9 25 598
40 47 344
41 50 938
34 25 341
41 64 809
66 53 911
56 49 144
27 58 115
30 50 893
3 47 459
2 16 906
65 30 824
40 16 532
32 34 720
52 13 43
55 10 344
61 46 647
59 37 303
25 11 752
32 33 782
7 11 636
60 7 863
52 20 900
51 13 171
4 13 941
22 60 106
40 55 417
15 35 470
25 22 992
21 18 500
11 3 229
45 9 196
36 33 935
44 52 249
67 11 973
30 67 928
25 32 768
49 9 755
67 42 887
60 46 432
29 40 658
32 56 544
4 38 133
34 30 979
38 42 746
11 49 528
52 6 985
22 24 651
32 48 697
33 49 988
60 39 867
50 56 84
57 9 759
3 19 697
53 37 768
15 32 87
36 5 207
10 15 412
14 56 67
12 38 420
42 36 848
21 40 417
22 25 685
58 60 831
49 60 520
53 40 603
16 45 36
1 11 117
40 35 37
40 39 288
37 32 848
62 25 429
47 26 265
15 64 338
45 41 918
40 27 56
10 44 87
2 7 322
65 62 614
6 67 562
50 22 946
34 5 894
5 3 772
8 62 302
56 41 546
64 31 475
40 65 867
25 59 413
12 16 498
1 53 582
34 37 950
36 52 924
5 64 904
23 62 825
1 40 503
7 59 623
23 2 710
43 52 939
45 58 787
3 22 458
26 30 915
61 20 483
61 21 1005
1 51 406
45 54 670
6 48 734
57 20 401
46 19 861
26 14 91
21 16 964
43 41 540
27 46 335
38 22 270
61 62 600
30 49 963
24 4 484
66 49 879
51 17 540
52 34 913
67 5 305
49 45 883
18 1 59
29 7 916
22 52 330
7 8 733
43 38 428
52 30 235
11 20 344
7 37 242
30 52 68
28 61 1008
59 42 506
54 53 773
56 64 772
26 66 150
40 15 417
16 65 552
19 28 298
51 14 714
22 27 824
29 5 863
66 3 743
51 40 71
3 38 926
27 39 180
57 12 34
21 8 686
47 31 132
57 28 185
2 60 180
51 20 62
6 18 626
56 44 689
1 62 940
17 27 92
37 51 824
45 67 450
40 8 334
23 56 924
33 13 697
49 28 118
3 28 289
35 43 424
24 22 452
12 26 732
65 67 144
5 39 380
22 23 205
57 46 889
31 56 404
37 12 388
36 23 977
5 57 458
26 45 661
57 53 265
42 53 699
44 53 441
4 51 370
11 5 124
55 50 438
19 49 45
14 63 553
37 40 108
48 37 830
46 64 203
40 7 187
3 7 589
37 49 844
8 22 967
64 16 373
1 15 219
22 44 587
22 12 266
64 45 693
38 27 547
16 52 819
36 66 89
58 45 215
48 15 606
36 21 157
9 10 838
20 9 92
66 34 687
29 14 637
45 13 542
64 58 367
43 6 171
16 63 295
24 15 417
35 19 38
46 28 642
12 5 134
5 38 409
45 30 548
48 14 1020
23 54 642
14 21 756
15 41 260
16 53 681
23 19 132
66 42 781
40 12 847
34 52 520
39 15 42
53 28 96
42 40 362
65 14 925
1 13 882
44 13 313
14 38 870
50 66 76
17 39 551
34 22 729
58 23 501
7 49 141
25 26 820
16 48 660
24 51 67
12 1 246
7 56 365
49 10 1015
14 12 517
16 4 380
40 58 491
66 52 690
30 8 544
62 48 86
20 5 271
35 44 146
2 63 441
58 3 308
40 59 118
64 50 40
62 26 605
44 57 993
62 18 657
5 17 281
58 12 759
50 18 936
19 36 522
37 20 409
54 63 523
8 13 172
15 54 514
1 64 297
53 66 285
43 51 38
12 27 532
65 52 246
52 25 688
63 37 363
48 21 869
50 38 811
63 48 34
24 66 117
2 39 175
41 19 507
8 1 378
20 16 191
7 18 432
51 31 354
32 20 597
2 18 231
24 29 48
8 58 823
13 17 613
28 60 365
13 48 72
46 14 903
37 31 537
30 19 894
59 31 696
8 40 434
22 34 358
51 19 833
10 28 794
63 30 905
43 12 531
40 17 98
52 36 507
64 32 820
6 50 274
27 13 607
26 9 304
65 21 1029
16 59 789
42 21 148
61 56 140
21 59 378
10 20 787
49 41 525
30 16 574
34 58 624
57 18 745
38 10 1021
29 62 360
50 62 295
10 51 341
23 36 897
51 65 947
19 15 241
10 18 200
50 59 726
36 63 950
55 16 843
13 64 784
42 55 955
60 15 369
46 45 134
36 40 773
11 7 52
2 28 531
25 55 627
41 7 275
1 18 358
15 12 160
2 26 152
25 27 614
53 19 692
19 50 490
39 11 611
14 66 370
9 16 82
34 60 675
31 45 625
42 12 929
33 58 661
32 37 784
46 43 890
36 53 497
55 54 399
40 6 541
27 53 179
44 63 651
30 35 1021
51 53 348
3 20 566
33 11 771
55 32 96
23 51 487
49 44 908
64 1 811
2 15 99
38 8 962
17 3 659
1 50 825
18 30 931
6 51 161
6 66 433
60 38 859
2 13 759
27 24 288
21 1 602
65 10 645
41 1 1030
31 23 492
65 41 379
23 26 625
21 47 517
15 17 667
17 58 612
16 42 156
58 24 573
67 50 37
11 63 278
46 61 1021
64 21 44
63 36 745
60 55 683
18 41 893
66 15 428
54 30 432
25 6 964
14 62 600
67 38 807
36 28 315
3 21 697
42 64 891
2 10 685
37 16 623
48 60 475
1 19 463
46 60 610
43 5 305
21 42 556
24 49 470
24 9 614
17 20 100
37 18 807
13 18 112
4 10 196
60 62 564
55 3 961
25 41 352
65 54 1030
42 16 281
14 33 382
12 20 411
43 62 634
45 35 787
23 63 986
45 22 481
11 47 944
15 50 598
59 5 77
30 9 563
27 23 647
8 37 968
48 44 510
33 43 536
39 13 245
9 26 500
1 20 80
35 18 91
62 14 264
46 49 276
62 9 689
8 64 775
23 40 201
21 20 612
15 66 960
54 16 198
15 11 323
9 24 36
55 5 112
45 24 62
64 33 430
7 6 946
35 41 613
62 52 357
28 46 717
14 43 721
18 42 939
36 32 159
4 17 516
20 63 59
65 43 360
50 7 390
9 43 919
5 29 465
24 26 220
51 59 888
18 24 425
61 34 598
34 61 432
22 39 242
35 66 866
45 61 328
30 42 392
59 22 643
18 27 508
1 12 785
17 18 489
33 19 244
61 2 590
13 47 471
58 54 701
15 48 654
1 57 359
4 64 1011
51 18 763
30 12 116
4 34 972
60 23 691
54 45 482
18 34 82
53 58 54
52 28 429
45 23 168
46 25 782
35 13 824
57 42 711
9 4 941
9 21 192
48 31 161
62 63 680
53 10 607
10 27 610
2 52 48
33 20 634
9 23 636
54 59 828
22 59 305
34 35 632
50 21 619
34 33 432
67 9 231
62 60 275
18 20 992
56 60 617
26 59 860
18 58 823
18 48 168
24 7 295
33 44 530
38 46 556
38 25 495
65 40 496
48 47 286
16 47 138
51 44 428
18 49 351
20 65 1001
35 7 652
51 58 341
5 25 133
48 6 1016
20 59 675
39 50 334
36 37 961
53 11 537
48 22 361
5 35 285
34 27 968
26 31 646
18 19 504
12 24 371
1 66 965
46 6 781
58 13 482
62 31 82
34 44 918
52 55 957
25 64 594
29 41 375
60 13 346
35 50 291
25 40 270
20 7 935
49 43 311
2 51 952
38 35 616
29 21 292
51 33 977
16 14 326
22 10 758
13 21 56
8 61 590
15 58 389
9 17 52
59 52 948
53 44 164
25 2 496
2 3 130
57 49 806
14 46 70
52 22 228
4 3 409
66 60 77
20 18 181
60 63 31
62 33 675
7 14 1 7
1 2 5
1 3 6
1 4 5
2 3 2
2 5 3
3 2 2
3 4 3
3 5 3
3 6 7
4 6 5
5 6 1
6 5 1
5 7 8
6 7 7
52 275 1 2
11 18 1
18 48 9
10 15 1
11 19 1
10 20 1
3 14 1
8 16 1
31 32 2147483647
10 42 9
5 14 1
3 15 1
5 17 1
6 50 9
1 6 9
28 29 2147483647
18 40 9
43 42 2147483647
1 9 9
9 20 1
1 7 9
24 6 9
39 38 2147483647
4 14 1
38 37 2147483647
5 46 9
3 18 1
15 44 9
4 17 1
32 33 2147483647
28 9 9
32 9 9
26 12 9
34 13 9
13 40 9
28 10 9
24 8 9
5 13 1
34 16 9
3 16 1
36 3 9
36 10 9
6 17 1
51 50 2147483647
8 15 1
3 50 9
5 20 1
15 40 9
1 21 2147483647
44 43 2147483647
6 14 1
36 7 9
32 7 9
36 5 9
30 14 9
20 40 9
1 8 9
14 2 9
19 48 9
12 2 9
33 34 2147483647
6 42 9
23 24 2147483647
26 13 9
4 12 1
3 17 1
34 12 9
5 38 9
9 50 9
12 52 9
7 38 9
22 17 9
24 25 2147483647
5 19 1
9 15 1
6 19 1
4 46 9
26 17 9
7 20 1
17 48 9
18 44 9
6 13 1
19 52 9
29 30 2147483647
18 2 9
10 50 9
13 52 9
20 48 9
7 42 9
42 41 2147483647
10 13 1
10 12 1
6 46 9
22 16 9
1 5 9
26 14 9
15 48 9
32 8 9
26 18 9
7 17 1
8 38 9
32 5 9
10 19 1
3 38 9
4 13 1
47 46 2147483647
12 44 9
11 12 1
22 23 2147483647
6 12 1
4 18 1
46 45 2147483647
10 46 9
36 9 9
5 15 1
8 12 1
13 44 9
11 13 1
22 20 9
9 13 1
30 31 2147483647
11 46 9
5 12 1
14 52 9
5 50 9
50 49 2147483647
7 18 1
1 3 9
36 11 9
16 52 9
8 18 1
5 16 1
6 15 1
32 6 9
8 19 1
9 17 1
41 40 2147483647
8 50 9
4 15 1
28 5 9
11 17 1
9 19 1
15 52 9
9 38 9
8 20 1
13 48 9
52 51 2147483647
11 42 9
19 2 9
17 2 9
28 4 9
4 38 9
26 16 9
19 40 9
4 16 1
30 20 9
34 19 9
6 20 1
30 19 9
34 35 2147483647
4 50 9
30 13 9
28 7 9
11 50 9
8 14 1
27 28 2147483647
9 12 1
48 47 2147483647
26 27 2147483647
4 19 1
7 19 1
34 15 9
7 16 1
32 4 9
30 15 9
16 2 9
4 20 1
7 15 1
22 18 9
4 42 9
9 46 9
22 19 9
14 44 9
34 17 9
28 11 9
5 18 1
1 11 9
13 2 9
45 44 2147483647
30 18 9
11 14 1
30 17 9
24 11 9
28 8 9
10 38 9
30 16 9
6 38 9
36 4 9
22 12 9
10 16 1
11 15 1
12 40 9
32 3 9
22 14 9
18 52 9
16 40 9
3 42 9
28 6 9
22 15 9
20 2 9
7 13 1
37 2 2147483647
9 18 1
49 48 2147483647
34 14 9
24 3 9
24 5 9
24 10 9
8 13 1
12 48 9
11 20 1
15 2 9
10 17 1
35 36 2147483647
3 20 1
3 46 9
7 14 1
20 44 9
14 40 9
3 13 1
28 3 9
5 42 9
36 8 9
25 26 2147483647
34 20 9
1 4 9
24 9 9
24 4 9
19 44 9
20 52 9
30 12 9
11 38 9
9 14 1
24 7 9
14 48 9
10 18 1
17 40 9
3 19 1
40 39 2147483647
32 10 9
3 12 1
8 17 1
10 14 1
6 16 1
1 10 9
16 48 9
21 22 2147483647
8 46 9
7 12 1
7 50 9
32 11 9
16 44 9
26 19 9
11 16 1
26 20 9
22 13 9
7 46 9
34 18 9
17 52 9
9 16 1
36 6 9
8 42 9
26 15 9
6 18 1
17 44 9
9 42 9

