100 2302 66 90
35 39 873
3 56 739
38 60 561
3 73 282
29 27 38
56 70 646
73 51 681
6 32 634
29 96 882
9 99 240
20 45 562
60 10 810
93 21 613
77 27 621
3 14 561
86 41 1022
53 69 896
97 15 190
14 43 142
4 24 128
88 79 240
64 34 721
13 26 539
69 29 642
37 27 697
98 93 975
9 33 1014
71 61 703
69 46 938
99 5 829
64 49 522
28 99 921
28 76 663
43 10 803
23 14 240
13 33 367
84 62 606
44 45 71
65 51 327
37 93 353
7 54 714
65 24 529
13 72 459
44 55 741
86 36 200
28 74 461
51 19 157
47 70 726
12 90 397
4 43 1020
53 95 827
40 94 595
69 84 123
65 43 938
28 3 687
14 42 209
39 27 773
61 21 936
74 34 174
18 41 577
3 61 941
84 85 611
20 67 466
7 56 660
57 74 364
5 29 467
88 6 104
22 15 490
17 99 541
42 34 107
18 99 398
55 13 916
93 26 488
88 11 826
73 70 545
10 26 235
18 90 868
58 70 187
59 91 910
11 33 278
85 41 377
50 97 974
84 34 458
46 1 711
99 57 405
71 63 285
71 25 648
46 97 789
64 53 700
9 21 660
43 95 480
49 21 501
28 100 81
56 83 532
11 76 642
6 98 643
81 53 991
53 10 140
59 57 359
86 64 39
23 16 989
58 78 820
59 38 858
61 83 818
25 40 678
19 15 466
11 94 94
48 63 174
8 14 934
66 60 257
78 22 313
77 96 802
75 22 293
70 10 862
89 78 656
38 83 261
16 94 422
53 54 77
14 15 777
84 61 713
3 13 314
42 2 53
8 61 538
51 27 316
29 49 815
9 32 197
50 93 953
62 52 641
48 97 195
92 53 520
59 11 522
69 3 236
46 2 932
73 21 322
53 73 194
20 43 877
72 63 337
6 31 706
51 82 77
86 31 491
76 13 225
86 90 964
80 32 611
53 49 393
59 86 341
50 62 730
88 4 965
56 90 709
83 79 726
75 96 95
91 21 805
67 56 513
83 91 707
20 31 497
42 54 191
79 26 386
87 17 616
73 31 579
63 34 678
14 94 626
71 79 943
7 53 872
6 60 963
38 33 592
20 50 665
84 14 783
31 93 232
14 77 596
36 96 554
58 98 950
58 41 743
42 82 537
36 79 998
14 70 757
60 93 197
75 1 549
44 30 482
86 100 1001
77 94 678
2 36 485
80 26 835
86 50 867
65 76 806
7 82 182
75 56 190
10 77 271
84 40 369
88 91 984
44 72 663
89 3 1012
66 71 867
81 25 298
26 74 678
52 53 138
48 54 953
47 3 284
81 11 557
68 45 577
41 96 178
83 85 1024
38 64 974
42 49 702
7 25 978
10 94 896
67 25 95
55 57 293
24 85 57
38 23 624
62 41 428
59 5 693
83 5 188
60 63 571
68 29 467
30 91 719
84 28 736
28 94 953
23 6 84
53 17 645
38 3 496
73 41 442
26 54 190
81 63 813
24 79 514
66 41 843
7 17 308
92 19 775
23 27 593
20 48 373
93 15 627
84 17 495
7 63 763
23 56 61
97 55 531
85 26 606
37 5 48
47 32 583
41 1 58
32 51 678
69 50 932
19 74 442
93 94 339
84 13 244
87 68 629
30 25 503
61 94 1021
38 42 827
8 95 519
86 77 619
18 36 810
19 63 678
41 34 214
66 81 617
7 12 732
82 74 148
89 74 309
71 58 258
50 2 66
9 64 1027
6 29 534
6 55 55
78 27 381
71 10 919
18 52 333
24 2 954
44 48 56
86 26 430
99 34 358
38 45 102
95 32 406
61 33 590
43 56 365
59 16 163
92 1 892
18 15 999
53 62 273
62 70 708
36 41 678
73 77 851
59 93 195
25 99 543
64 11 435
86 29 961
24 49 913
81 17 628
49 72 713
69 98 986
16 24 134
98 13 778
51 34 931
4 92 131
81 93 663
40 52 465
44 24 838
30 56 315
85 76 946
81 12 143
26 19 930
88 61 833
6 77 990
18 33 1016
78 25 329
70 80 366
23 19 371
83 54 42
57 1 678
50 73 716
66 42 610
74 63 807
4 33 485
20 29 437
60 73 270
69 90 926
73 45 152
99 2 631
75 19 364
86 51 843
73 98 441
67 80 263
84 96 915
24 25 651
59 40 887
64 65 322
50 95 873
68 76 924
86 99 961
65 55 153
86 88 1013
14 7 570
13 77 569
14 41 342
74 27 680
40 55 850
4 78 716
75 4 623
43 34 836
53 82 855
13 57 678
11 51 102
70 12 103
92 25 110
42 85 251
97 21 113
86 92 934
7 65 222
18 94 796
88 40 169
20 64 388
89 90 165
89 7 661
65 37 701
80 72 615
44 39 380
16 36 869
89 26 937
5 55 488
57 77 126
67 91 1005
59 18 112
14 55 593
69 92 1007
85 90 784
31 53 791
79 77 588
30 40 322
81 80 83
17 72 91
60 57 699
50 61 261
16 41 565
73 83 129
95 83 432
14 24 132
71 44 217
4 48 162
97 90 583
7 1 563
23 2 234
91 29 523
43 68 882
66 30 585
61 90 300
4 32 395
62 36 421
87 13 816
61 32 675
25 100 50
42 80 412
16 55 303
59 85 625
84 89 672
50 85 312
44 87 1024
30 13 304
95 37 840
13 29 890
18 45 125
46 34 669
89 52 1018
92 80 423
22 39 953
50 14 417
89 44 678
23 25 1001
67 44 625
75 13 623
44 36 981
48 56 539
62 77 580
46 5 465
16 76 552
73 36 603
32 1 920
7 40 710
66 98 223
67 61 930
92 10 714
75 73 814
18 100 92
50 40 870
75 16 976
67 8 678
8 13 480
91 33 972
5 90 987
88 1 280
38 30 651
25 33 509
56 26 924
23 12 521
64 5 38
61 100 227
81 19 484
8 5 101
48 35 125
3 11 752
76 79 937
8 91 178
70 13 123
6 30 290
58 26 603
17 37 966
53 80 754
58 32 973
10 72 801
2 98 578
76 34 507
17 83 1012
59 95 294
78 56 487
2 33 269
80 74 496
91 74 977
78 68 214
98 19 618
59 1 615
79 51 824
75 53 341
28 70 214
83 12 600
92 93 980
84 91 112
31 49 466
88 13 309
61 76 318
9 100 210
59 4 68
86 30 290
32 82 559
11 21 35
50 27 288
3 16 631
40 70 561
86 45 87
57 72 950
7 97 38
87 95 53
93 45 247
3 93 132
20 52 587
88 85 648
64 56 321
66 84 949
81 61 128
83 25 155
47 83 569
69 67 308
81 65 639
92 57 161
53 22 977
20 99 133
99 93 727
3 19 310
22 100 347
67 82 278
58 8 763
20 21 237
26 12 888
65 90 434
17 32 737
4 64 42
76 12 771
47 41 928
67 5 228
84 10 803
40 29 616
78 85 874
8 44 358
89 37 433
23 73 973
81 13 679
23 22 184
16 31 790
99 12 143
66 15 979
50 11 790
91 15 408
78 79 338
48 61 119
71 73 824
89 76 646
35 76 186
80 15 312
28 15 259
89 8 765
100 93 1021
30 73 315
59 62 179
86 55 449
83 34 480
65 42 214
98 63 551
3 62 940
46 4 745
95 41 916
6 42 884
88 62 558
53 68 385
38 48 495
67 49 315
28 41 551
88 27 792
65 87 994
5 72 610
60 97 104
64 16 708
100 5 986
53 47 686
6 15 920
87 54 336
88 82 283
47 99 37
64 40 163
67 17 535
63 94 881
65 72 1003
91 26 832
22 56 678
20 74 709
92 54 518
71 65 871
8 53 513
28 64 139
38 37 512
22 24 80
80 51 798
11 41 224
66 78 731
87 19 667
65 45 389
37 80 989
43 96 783
89 33 852
53 11 228
71 16 183
31 96 368
76 82 357
88 5 999
4 26 118
56 87 341
50 17 150
11 72 422
69 24 569
35 29 819
11 32 186
89 70 710
8 56 87
86 33 731
18 60 176
58 55 690
11 24 750
66 72 274
88 57 241
31 13 805
43 97 597
56 94 918
47 75 923
93 55 33
13 51 678
20 23 213
34 54 678
46 54 734
38 99 772
47 88 985
31 27 608
47 98 784
86 87 282
58 87 665
15 53 678
9 90 919
65 29 233
16 37 896
88 17 919
66 76 887
59 19 302
67 89 708
79 21 735
73 99 694
9 3 685
38 76 567
88 19 97
52 19 810
58 45 678
67 6 797
9 88 752
67 96 574
62 45 669
30 62 503
28 33 273
82 77 705
83 2 736
20 94 867
67 18 735
24 5 388
48 5 848
78 49 743
20 100 513
46 96 679
68 70 83
39 97 482
38 74 739
46 79 648
7 85 547
65 36 852
23 68 646
69 64 202
73 100 1021
100 96 989
17 29 731
7 10 157
43 82 899
47 100 116
18 7 567
62 29 739
52 34 1022
50 28 150
47 72 164
53 63 1029
36 49 245
64 80 79
18 39 375
83 93 46
20 51 599
55 96 743
8 80 887
36 54 654
38 78 906
4 77 84
40 74 406
81 58 1018
58 77 308
1 45 120
48 68 586
46 53 307
50 65 1023
65 61 678
16 21 293
85 77 98
100 10 356
64 60 678
88 93 31
16 29 723
89 77 219
48 17 92
46 40 810
56 32 374
52 12 164
6 75 442
64 97 602
62 48 510
25 41 186
20 46 183
58 33 698
18 98 563
28 36 687
47 76 83
6 90 758
30 16 316
11 26 380
6 72 868
61 39 77
88 97 497
88 25 388
19 94 566
55 79 404
13 52 296
56 77 280
8 85 760
53 93 984
65 78 373
84 5 1025
100 1 317
9 29 381
9 42 551
87 35 797
66 31 694
23 93 124
6 41 112
35 99 211
73 87 554
37 85 403
35 70 239
97 29 650
71 34 349
61 72 673
2 21 1017
9 77 664
11 37 352
70 53 870
48 91 150
95 76 589
47 84 109
81 23 678
17 36 1026
7 95 746
64 27 696
68 36 919
48 12 474
14 37 235
51 96 877
46 73 506
49 94 1017
90 53 50
81 28 675
53 38 212
42 5 342
71 17 127
44 94 705
78 80 217
3 25 360
69 43 654
56 72 1005
9 36 547
55 53 187
47 36 122
45 96 50
48 49 580
60 11 794
18 4 678
25 90 598
4 55 672
86 78 945
99 85 543
78 91 132
32 34 980
46 62 744
23 13 263
81 9 585
89 48 788
98 34 813
47 94 762
7 4 266
68 33 941
94 21 678
35 72 984
49 45 643
67 79 945
44 32 785
43 91 110
17 21 682
36 53 568
13 15 100
78 10 282
22 90 963
30 85 829
7 79 479
62 32 690
75 12 898
95 72 169
30 93 898
2 45 753
53 35 161
79 29 575
3 54 712
50 25 682
50 44 948
58 21 50
11 36 82
17 39 453
76 57 779
35 26 473
33 63 801
26 53 849
44 90 757
57 45 185
71 80 39
58 31 583
69 36 205
66 51 403
92 40 275
31 40 696
50 1 63
91 55 369
30 63 685
24 97 700
11 70 770
78 96 562
89 60 186
73 74 477
42 96 323
23 58 641
99 19 938
71 91 371
8 11 647
84 93 506
78 17 941
56 99 638
24 82 657
84 27 684
89 15 619
30 1 707
16 99 987
84 19 948
89 75 165
53 61 913
87 93 115
62 15 609
48 22 428
38 84 671
42 53 902
47 26 293
24 34 388
20 26 888
71 86 562
99 91 454
2 51 807
62 21 383
38 55 424
79 15 583
8 49 280
67 93 557
80 90 469
71 1 332
85 98 232
56 33 64
95 33 856
66 59 278
42 10 601
23 28 1004
88 68 654
82 26 835
93 77 49
55 49 923
35 68 678
58 39 754
92 12 987
18 43 407
39 57 608
32 12 163
93 72 969
81 96 462
3 4 687
98 57 829
58 86 678
54 90 450
92 35 584
9 60 440
37 40 130
83 13 1020
64 19 631
92 22 442
97 72 717
5 33 853
86 72 490
29 12 1012
46 11 893
43 5 160
9 78 34
46 12 105
14 62 678
90 12 389
53 19 797
60 68 157
62 64 553
84 53 550
24 57 818
25 26 854
81 2 704
35 52 966
53 40 34
20 71 435
53 58 1030
1 77 254
56 39 324
7 96 518
3 35 521
58 94 489
16 83 226
11 77 31
59 69 502
38 67 566
37 24 678
31 10 1020
22 41 782
44 83 307
75 49 395
75 35 957
43 17 884
67 14 181
43 19 647
29 53 119
8 63 149
4 45 960
27 15 987
69 15 565
87 97 417
79 33 999
39 93 587
81 34 325
17 52 149
4 42 84
82 90 275
22 70 112
14 48 674
40 77 268
42 17 235
82 45 741
81 47 888
67 57 742
66 50 166
9 70 762
66 67 910
25 72 401
60 1 456
11 15 384
76 63 948
76 93 775
84 68 393
40 36 464
53 28 861
44 51 920
9 74 649
75 57 653
55 34 651
38 72 84
59 97 836
69 8 673
54 94 590
40 15 970
95 90 895
53 18 216
45 27 126
87 5 110
23 96 314
44 99 732
75 61 276
10 82 678
65 98 921
35 74 558
83 49 799
67 54 741
28 32 945
51 1 936
53 20 183
25 55 810
56 74 568
43 2 477
47 87 441
81 68 851
38 43 636
24 1 326
61 70 325
61 36 983
41 55 678
74 12 535
61 26 531
88 34 861
73 60 942
38 36 688
28 30 538
22 51 221
30 61 578
80 36 331
26 34 386
73 39 988
41 54 111
93 51 274
62 75 757
33 49 625
62 43 144
59 53 436
50 5 703
87 83 678
13 45 83
35 94 1017
58 24 59
97 36 626
84 82 655
30 96 553
92 82 310
22 99 768
4 36 115
64 96 639
43 54 86
65 39 797
3 17 62
60 54 117
85 51 466
88 67 678
43 57 729
80 55 456
42 57 299
23 9 908
48 82 786
66 83 448
44 43 910
83 53 990
81 62 696
23 85 652
67 27 491
86 75 124
99 63 474
11 99 610
50 96 819
10 15 667
46 61 1013
38 90 792
76 54 209
4 90 184
35 100 830
69 42 193
22 31 686
89 21 263
69 76 274
68 55 162
89 29 683
3 22 774
87 2 654
73 32 875
65 99 552
58 36 267
42 95 635
8 16 966
6 94 623
63 21 163
61 92 123
66 55 731
48 1 1015
100 79 635
55 54 868
98 5 893
73 29 349
71 12 461
44 42 852
23 95 211
73 43 60
42 79 163
46 56 814
3 82 901
6 74 963
16 100 653
21 96 474
59 17 699
38 15 158
14 32 1013
4 70 825
38 98 957
84 57 49
44 21 406
60 95 652
87 85 265
91 5 678
91 51 965
99 70 678
95 51 848
95 70 911
47 42 986
84 12 425
38 31 1026
23 44 633
75 93 578
32 54 636
41 53 76
60 16 937
84 4 937
69 52 230
18 37 498
17 77 619
55 10 487
8 30 678
13 94 814
78 57 686
3 27 39
81 56 925
70 93 51
75 5 237
71 89 554
69 33 729
65 31 557
30 22 866
60 53 509
62 76 78
43 31 678
73 90 544
76 5 757
21 53 979
14 87 1010
23 35 774
49 77 700
49 10 678
80 93 678
100 13 239
71 53 373
4 98 794
98 54 804
20 37 811
87 63 728
16 72 620
55 19 862
41 49 751
43 13 335
87 10 414
9 83 537
60 34 80
29 63 1018
72 12 480
4 29 953
22 52 69
78 97 233
3 5 592
41 12 906
57 94 258
75 17 773
77 54 177
75 95 409
6 26 568
20 78 557
48 10 161
47 60 673
92 63 953
82 94 843
37 57 270
23 18 492
66 29 253
9 26 122
70 54 128
44 41 282
48 80 273
41 91 327
71 97 309
52 27 851
84 22 312
17 45 783
30 19 593
65 70 755
76 27 81
70 34 263
53 1 365
62 87 495
64 10 964
81 18 991
100 85 275
86 37 82
31 17 623
6 37 818
71 57 1008
48 79 901
1 90 93
71 11 95
22 37 219
84 35 451
50 89 849
28 60 769
30 54 476
44 29 265
53 27 183
25 15 1030
70 96 244
18 92 941
81 91 290
43 25 359
38 70 96
61 45 376
14 99 519
28 77 284
81 35 53
14 3 536
64 82 534
39 49 773
87 25 66
3 65 305
47 90 163
7 61 974
43 11 393
73 55 918
3 91 265
69 70 712
81 82 319
37 68 87
100 25 408
8 27 605
64 73 190
36 63 540
47 15 845
88 53 968
39 34 874
59 63 1001
55 27 99
4 51 925
18 72 219
30 3 678
81 20 860
38 71 658
75 79 830
99 54 376
23 65 1029
84 80 367
65 83 906
48 92 678
22 98 927
67 95 712
64 12 243
60 13 265
38 21 149
72 82 530
62 37 110
66 37 525
2 76 751
84 63 57
67 19 575
2 15 960
44 7 436
42 56 237
17 70 390
41 57 499
22 32 157
69 7 283
83 40 635
79 52 288
28 29 201
87 96 257
8 10 270
75 27 901
86 24 741
30 12 861
51 49 619
2 94 421
49 15 926
69 41 650
44 70 255
59 6 182
69 45 177
80 45 38
8 18 520
24 80 852
79 72 435
73 26 777
83 35 52
41 10 85
38 94 924
20 15 941
78 63 890
88 65 857
76 49 529
75 82 393
45 26 678
71 4 949
99 97 922
22 83 540
37 97 348
4 83 632
39 63 782
55 12 58
24 93 1001
66 100 148
34 90 822
66 45 326
30 95 750
9 43 463
95 36 901
61 31 796
60 27 90
31 85 894
43 53 155
84 95 790
43 12 446
3 34 710
89 42 1000
69 87 103
16 32 429
70 91 431
75 65 599
67 10 748
58 3 76
53 34 166
10 21 522
61 52 643
73 78 337
92 27 108
7 13 421
17 24 909
99 13 932
23 40 82
23 54 320
62 55 1028
11 55 565
86 39 790
9 76 378
6 3 722
31 54 253
80 98 920
4 31 926
64 22 385
18 78 710
39 40 200
66 32 477
20 75 802
83 37 678
74 96 856
50 35 993
51 13 701
40 32 253
86 3 475
11 98 103
3 49 499
53 25 901
65 41 139
20 24 470
65 100 66
17 90 62
22 76 142
4 21 909
32 63 407
16 52 303
53 9 75
23 97 494
11 42 1029
66 77 532
66 90 337
20 87 950
58 60 503
66 36 886
66 3 911
28 92 947
20 32 776
81 49 907
23 34 543
72 96 363
28 42 313
67 4 884
35 98 774
43 93 766
28 45 365
40 41 288
23 47 514
58 52 928
86 7 599
36 1 706
36 12 1020
61 24 194
30 18 203
35 55 868
71 93 979
29 54 949
71 49 878
40 51 221
97 41 836
100 82 962
42 1 557
81 14 515
38 50 394
30 79 324
17 15 99
32 10 394
59 68 695
31 12 629
62 60 882
37 34 133
58 100 433
59 47 904
87 34 659
6 21 751
3 18 796
7 68 168
58 64 584
72 54 514
83 80 214
92 56 367
16 70 68
28 21 395
39 91 861
60 61 247
46 63 970
48 16 486
62 42 557
7 34 296
1 52 883
35 32 196
100 91 1026
71 5 786
20 90 577
44 78 513
17 98 1017
66 26 195
6 33 827
19 21 739
4 60 542
89 100 73
59 49 359
40 99 1012
18 31 177
5 45 907
17 55 986
66 23 664
7 91 767
89 99 534
87 27 31
8 4 659
9 94 205
71 9 474
41 63 974
44 100 244
47 50 342
61 29 978
78 16 332
50 91 898
58 51 686
9 67 620
81 97 995
78 12 423
39 13 443
53 4 108
78 54 79
95 39 36
60 78 678
72 45 678
66 52 464
14 36 341
32 53 811
56 41 243
69 100 877
5 26 508
7 16 866
92 5 439
86 9 678
92 17 846
46 28 115
10 90 1001
20 72 52
11 29 65
53 14 96
86 70 450
79 32 411
62 18 678
99 82 797
71 56 1029
59 73 991
67 85 238
38 29 529
74 54 965
2 41 362
37 96 581
89 67 181
58 30 872
42 19 249
86 52 768
37 79 212
43 35 332
25 52 953
66 39 78
25 29 730
50 13 531
18 21 946
21 15 678
88 63 794
16 45 1018
32 79 354
71 47 1003
75 68 347
36 57 892
64 35 329
99 96 84
62 39 894
9 31 708
34 94 803
56 37 756
92 2 188
92 97 218
6 83 621
39 12 896
75 80 279
5 21 643
83 96 440
25 21 737
44 74 173
97 76 549
25 94 496
31 19 864
47 33 829
100 53 256
70 79 694
16 33 733
62 98 45
91 32 128
81 27 234
93 91 678
92 85 568
39 82 643
77 12 587
78 40 1015
68 72 177
3 12 565
89 24 460
78 11 577
6 48 765
73 15 962
88 80 1008
56 51 230
9 24 545
1 21 174
72 19 667
84 44 439
94 53 120
45 63 915
67 11 553
71 13 642
36 93 392
50 22 779
18 74 886
59 13 341
84 1 724
22 26 518
20 98 311
88 54 862
39 19 679
33 54 284
78 65 607
35 36 99
30 65 1021
39 96 720
9 45 774
67 12 901
14 60 742
32 19 867
98 79 831
69 60 294
51 33 678
69 37 73
73 42 639
92 11 456
70 57 596
6 52 964
8 82 1010
84 2 605
42 68 803
62 7 680
88 22 890
36 27 912
97 51 754
99 80 742
72 53 157
68 74 554
100 12 825
44 76 974
68 51 635
86 21 282
86 32 75
88 2 220
36 91 420
100 49 477
46 89 986
40 26 436
3 85 680
84 11 785
3 79 867
91 77 393
81 95 923
22 45 504
23 10 346
9 75 637
30 49 655
48 96 814
57 52 773
78 53 790
51 57 622
52 54 418
58 99 641
51 53 483
61 51 721
86 42 873
62 99 109
52 1 1006
8 17 96
5 94 233
88 12 275
31 79 95
78 82 789
83 1 538
97 94 491
50 34 87
75 34 766
61 16 678
30 68 668
59 10 43
85 70 497
33 10 439
16 87 774
61 43 351
56 24 719
61 42 224
34 15 444
17 95 678
79 45 429
14 64 160
20 55 240
61 98 879
14 98 378
52 96 381
38 32 289
23 4 1009
29 10 518
68 90 1024
43 85 846
44 77 122
86 76 807
67 65 734
30 34 1007
54 15 233
6 76 507
53 65 267
59 2 71
75 40 757
46 68 383
51 10 200
38 46 807
97 98 113
62 24 775
30 82 781
64 61 584
70 19 52
81 79 837
8 79 1020
16 39 271
46 16 154
49 26 600
59 89 652
67 22 907
56 55 221
86 48 1019
81 86 750
4 74 342
31 63 640
94 96 913
71 6 791
60 17 798
59 81 678
22 55 477
69 78 997
2 90 417
88 73 574
9 8 929
33 34 322
46 93 516
98 12 525
79 13 678
95 52 1003
91 94 1012
100 80 827
25 98 81
22 94 121
23 5 247
9 41 573
6 14 678
16 51 88
16 74 803
48 85 908
20 8 58
7 27 741
69 83 780
91 41 506
11 100 1023
1 49 678
47 77 703
8 19 892
85 29 120
68 99 612
22 74 271
50 54 404
75 85 182
18 48 945
93 90 591
92 34 682
37 12 319
56 76 643
79 94 935
58 7 681
1 72 66
46 49 804
40 98 706
69 30 919
89 36 170
71 28 300
81 16 306
69 72 408
3 96 881
14 51 509
98 1 766
38 69 678
23 53 455
8 40 87
91 90 727
78 5 264
71 40 211
81 57 648
2 99 374
48 13 730
17 26 931
38 41 114
56 36 314
94 12 451
89 55 810
47 55 938
20 47 678
48 95 615
30 2 906
49 29 117
36 34 844
20 39 985
30 5 439
98 53 744
50 80 294
70 85 559
71 35 312
51 63 950
99 1 518
34 21 107
66 38 678
22 29 568
25 74 119
30 14 253
35 21 462
97 77 965
15 90 678
61 48 641
60 85 130
76 1 69
72 10 803
87 53 168
38 88 95
53 79 964
18 70 641
13 74 799
46 82 94
2 85 678
25 36 983
59 79 230
11 45 601
73 65 678
96 15 132
37 53 45
76 10 461
24 53 367
22 33 416
87 1 186
84 16 157
72 27 93
8 2 585
60 2 369
83 82 960
66 92 837
46 95 992
84 73 747
45 53 42
93 74 407
28 43 111
35 45 736
48 2 469
16 98 734
30 4 31
28 52 628
67 35 451
61 41 304
69 74 88
81 22 120
28 78 650
82 19 678
56 45 415
23 89 607
67 2 529
73 72 623
40 76 493
100 27 775
73 92 112
46 14 884
41 27 423
2 77 512
38 77 509
39 5 701
39 85 360
20 36 332
59 12 789
50 19 114
56 15 509
28 24 655
39 53 387
40 2 678
47 67 690
64 95 871
47 52 584
6 7 38
27 21 569
84 79 103
100 57 924
7 57 618
46 85 410
68 41 148
86 67 104
95 98 1013
8 62 588
39 99 678
44 92 266
93 33 569
4 39 583
47 71 358
9 87 635
70 27 789
93 29 1022
97 52 537
89 72 728
46 91 288
37 82 680
39 80 891
46 27 53
44 52 343
26 96 497
47 64 702
88 96 599
3 10 1018
4 87 1003
55 5 876
36 82 403
64 85 688
98 10 470
8 73 825
67 53 124
35 77 762
81 69 993
59 27 998
93 41 578
30 80 438
84 25 924
44 3 797
30 97 839
62 33 930
41 13 65
47 51 323
44 60 704
64 68 581
54 27 678
93 36 176
38 51 201
23 57 619
50 9 458
35 37 281
66 75 150
25 76 731
87 80 661
67 34 290
46 50 678
9 52 546
67 63 532
86 84 1028
17 87 769
64 54 257
84 6 98
89 83 866
92 43 678
47 8 121
86 43 329
89 98 108
95 100 867
68 98 386
95 26 686
65 77 46
18 55 91
44 31 160
85 33 74
14 39 955
31 5 1026
59 65 655
30 57 999
81 5 932
62 94 375
48 19 358
71 85 786
28 8 549
50 68 993
78 93 912
95 15 514
38 26 483
76 91 575
36 19 804
23 86 791
20 70 244
68 24 924
50 6 188
63 90 799
22 21 264
31 91 865
54 21 672
58 83 267
49 74 917
23 82 701
32 27 1025
62 100 880
45 19 292
53 86 856
80 52 328
48 11 302
5 77 888
37 91 243
89 45 90
89 31 923
28 83 159
3 95 625
98 96 67
59 34 457
18 32 56
3 1 142
39 79 422
50 57 204
50 84 678
18 24 267
24 40 549
46 35 793
58 29 620
65 33 651
20 3 495
18 42 430
59 20 745
65 26 823
87 82 228
62 92 450
69 20 678
58 72 541
14 92 997
60 65 447
15 96 453
61 99 140
60 96 634
58 75 690
96 12 678
62 78 644
20 42 621
23 79 746
78 13 652
46 9 177
56 100 223
76 80 353
83 27 353
47 39 834
66 53 678
18 29 660
11 90 134
58 15 582
86 98 502
78 35 140
85 15 908
92 68 535
43 27 794
53 2 133
25 39 958
27 96 678
11 87 552
3 68 944
30 17 117
60 40 382
81 1 473
69 81 383
74 53 745
49 90 775
31 82 964
6 100 504
89 32 299
86 94 317
44 64 32
99 49 121
23 49 681
9 28 678
1 94 494
18 87 327
64 91 529
60 79 258
16 90 290
27 90 876
29 19 314
60 80 389
80 33 653
47 78 132
40 45 66
64 2 700
91 45 623
74 77 678
6 39 413
33 1 793
76 96 779
25 51 859
22 42 693
41 79 807
66 87 742
17 94 437
23 62 568
23 17 244
88 18 300
95 55 230
29 82 260
14 31 367
64 63 208
71 46 678
93 32 545
24 12 602
63 15 306
65 92 91
66 94 59
73 37 660
98 82 178
87 40 56
89 41 1017
69 23 752
18 76 790
33 52 678
76 53 191
88 10 999
3 75 678
79 74 417
18 77 234
8 22 610
6 51 762
47 37 160
48 53 560
28 72 745
3 53 668
84 97 646
88 89 939
70 49 143
20 76 495
66 74 210
75 18 749
11 43 665
62 51 772
35 41 860
22 87 710
17 41 937
38 7 681
68 100 316
14 75 996
34 77 64
31 95 409
35 15 329
65 15 226
19 26 248
4 73 678
66 46 32
20 7 663
31 2 421
24 100 678
86 8 393
71 18 604
71 2 78
58 50 1030
60 56 955
59 61 651
93 52 408
46 86 180
75 11 776
50 86 215
80 77 439
33 12 713
67 1 825
7 64 678
57 33 875
32 57 653
50 82 692
23 20 760
17 100 607
42 27 1007
22 36 999
44 15 480
18 51 874
17 76 38
9 92 767
4 52 109
5 74 234
28 88 289
1 74 804
1 26 943
53 85 62
75 25 129
64 57 872
71 82 845
41 19 727
7 18 985
30 53 896
65 52 844
69 39 877
33 19 369
40 39 805
58 76 39
3 2 330
57 29 167
86 74 114
32 13 1015
69 21 204
47 58 678
85 97 678
76 19 592
47 21 552
47 92 470
53 5 532
28 75 582
64 13 289
24 91 359
37 54 302
95 94 138
32 49 610
28 39 300
42 87 678
66 8 599
4 37 175
44 98 551
7 19 807
2 74 627
87 49 221
69 77 678
65 94 79
75 62 604
69 99 267
30 6 87
33 27 266
71 27 409
70 76 678
13 21 78
59 35 369
40 21 481
47 45 537
23 1 35
30 35 1005
66 33 227
16 43 869
98 36 678
61 87 330
88 28 728
10 45 123
84 56 179
46 44 629
11 31 582
62 90 889
69 75 343
8 12 976
53 12 220
68 25 678
95 74 1026
24 10 72
86 83 97
23 61 994
77 53 551
28 89 678
6 43 139
76 98 678
97 80 678
29 72 678
11 52 338
50 63 808
67 13 749
81 10 459
88 44 990
43 63 704
5 15 793
66 24 748
56 52 157
59 28 77
8 93 200
59 96 276
38 52 256
43 49 793
42 40 517
56 42 404
87 91 688
64 25 770
59 44 994
68 21 842
24 19 828
23 71 678
41 82 98
6 92 901
65 48 351
42 25 883
7 22 140
17 33 559
75 97 217
25 70 555
24 63 351
43 80 37
10 74 817
37 13 221
68 77 610
88 35 119
95 24 897
2 29 682
47 74 40
39 2 694
100 2 833
55 32 678
2 52 679
70 5 182
98 91 235
53 44 427
84 88 678
22 77 379
97 26 300
64 17 547
71 62 720
85 52 904
78 48 678
20 60 743
45 54 438
6 36 449
69 51 909
100 39 678
13 90 231
23 80 891
14 29 173
25 32 438
46 25 946
78 1 574
55 63 391
69 94 440
38 59 373
61 55 527
85 21 145
53 59 678
75 7 678
23 63 995
95 35 678
48 57 864
5 32 327
87 57 925
20 77 714
44 6 678
14 52 796
33 96 261
17 51 693
6 78 327
24 96 442
28 98 109
89 87 101
76 97 887
81 73 578
28 55 58
44 26 684
59 9 758
14 21 924
20 33 626
31 42 678
92 96 960
9 30 306
89 94 329
89 39 168
37 49 483
5 79 678
16 11 678
47 43 252
95 29 386
47 31 297
73 33 297
53 97 957
52 29 678
78 19 528
30 27 515
6 24 75
31 34 551
28 37 563
56 21 683
60 5 649
11 22 678
70 63 289
56 17 678
60 19 624
53 96 64
3 57 55
48 27 725
58 90 433
9 39 149
100 491 64 68
97 1 381
42 59 606
52 59 820
46 82 246
84 98 49
95 85 575
50 51 490
71 91 597
16 5 403
79 16 175
32 66 342
42 94 590
100 83 631
34 98 335
31 69 732
68 13 367
70 25 862
60 91 311
65 15 433
32 59 300
97 23 331
90 82 162
24 35 803
74 91 955
42 92 888
6 80 370
30 11 989
72 43 858
39 45 370
97 67 734
71 67 117
53 50 813
39 74 455
29 98 478
72 7 803
51 99 96
14 57 902
56 85 383
53 24 107
19 79 445
85 65 893
34 99 764
7 75 968
57 75 458
63 47 538
61 13 261
18 36 611
54 40 476
29 68 432
59 34 584
75 97 202
73 82 938
48 71 571
22 50 929
20 57 585
32 87 748
19 19 108
11 65 977
78 18 182
64 71 62
12 94 320
93 1 394
15 41 419
64 39 466
72 46 39
58 63 558
28 92 442
44 91 912
61 42 322
83 74 452
76 15 715
76 79 326
68 67 370
59 54 136
4 14 699
18 93 622
9 4 79
51 38 58
93 29 302
18 50 914
32 86 97
62 81 372
80 72 1000
85 77 519
50 45 829
43 36 484
98 36 201
35 16 762
65 22 756
51 88 725
83 82 309
55 3 870
31 43 502
28 42 638
15 47 288
3 70 330
18 1 527
56 34 762
77 12 677
17 6 693
98 84 143
100 76 1026
42 99 32
35 6 562
34 15 989
3 66 904
55 63 706
88 46 775
51 44 1030
57 6 58
92 71 574
19 18 271
17 19 822
75 2 716
41 61 102
7 86 435
69 13 237
66 57 591
61 8 931
66 35 333
88 79 141
5 71 633
75 63 703
77 100 472
89 71 546
74 76 886
38 34 792
94 47 112
1 47 929
35 1 889
65 12 1007
36 14 746
50 86 103
49 79 77
19 94 905
46 2 193
80 15 518
78 49 555
24 99 400
76 10 700
87 86 187
100 1 51
38 73 238
16 72 187
62 46 935
15 61 906
81 48 503
81 25 934
80 94 111
89 16 286
26 24 762
78 96 648
3 4 900
74 12 189
71 17 956
31 44 69
31 68 735
55 72 716
100 52 148
15 8 227
90 91 867
86 8 44
89 29 122
100 87 876
63 51 371
31 56 854
2 93 584
5 10 790
64 59 841
54 47 408
14 61 997
42 4 982
29 49 922
93 67 974
95 59 41
2 82 56
94 87 786
56 46 839
66 9 295
12 86 59
72 52 212
75 56 77
23 47 819
41 90 947
52 53 91
33 30 585
20 37 487
17 45 832
25 9 387
62 89 52
14 23 1016
21 69 587
67 57 914
9 25 488
13 85 929
78 48 364
74 1 383
34 58 152
23 31 128
45 16 690
13 25 803
22 8 475
46 65 541
83 15 1001
26 16 513
73 2 806
73 6 283
82 27 808
65 25 942
32 84 64
56 8 60
15 52 624
32 14 545
98 37 443
14 19 377
20 51 826
99 29 950
75 40 984
10 25 948
17 54 531
20 47 587
85 14 53
21 26 684
92 72 82
90 95 847
40 90 313
68 61 184
7 14 582
31 31 308
36 32 317
83 40 85
96 62 704
73 68 741
96 71 813
90 87 756
31 21 345
91 74 185
5 78 52
87 55 211
70 42 693
61 96 529
75 22 663
42 84 610
64 66 782
50 92 229
22 6 470
47 60 300
24 34 342
31 14 846
24 28 785
71 26 954
92 10 967
27 89 141
93 92 834
84 90 97
41 29 98
86 62 665
51 29 641
78 83 323
56 59 998
65 95 368
6 57 812
49 60 38
39 78 182
19 45 265
21 85 658
34 19 810
97 25 397
55 92 1026
1 82 481
9 63 98
68 22 103
45 74 951
41 60 841
25 87 212
95 18 684
28 34 217
52 52 978
96 48 74
77 50 780
91 17 680
12 41 940
37 62 659
97 24 255
35 57 795
53 10 719
86 96 366
90 44 993
37 39 596
86 89 791
3 90 619
43 100 509
56 28 173
32 53 409
88 69 157
98 58 692
45 93 144
88 7 281
79 72 822
67 33 58
8 73 144
7 4 498
87 46 192
39 76 500
7 3 583
16 16 622
60 81 271
66 83 716
38 75 255
22 2 933
46 67 499
49 86 307
46 100 265
22 21 651
76 73 41
91 64 200
23 5 815
5 90 927
79 66 792
33 69 681
51 89 354
89 17 400
88 52 648
8 24 946
32 35 967
47 4 894
51 40 684
92 36 858
58 50 962
78 52 493
66 28 125
83 97 1027
86 66 315
9 81 854
95 69 113
50 32 644
42 37 391
29 64 593
30 48 937
82 10 646
9 56 623
57 52 688
22 89 822
55 12 259
75 95 620
7 60 914
95 72 1016
59 35 357
6 41 185
67 56 615
22 100 648
25 57 256
13 1 864
25 81 737
71 70 791
30 54 666
2 91 224
88 17 118
80 23 528
87 59 385
86 76 151
94 53 272
94 86 97
75 93 261
96 5 237
49 92 107
91 37 189
7 77 842
82 74 629
40 29 160
16 1 346
68 95 131
6 13 524
50 43 670
6 50 796
50 26 491
86 36 992
62 47 282
88 97 41
68 26 422
68 41 361
62 93 828
74 87 696
17 78 853
18 43 654
43 55 859
31 16 160
77 20 398
26 82 659
51 73 498
44 3 565
36 53 333
22 18 746
51 92 520
93 15 588
100 95 805
67 77 599
86 44 129
67 72 558
91 92 483
46 26 33
98 80 876
67 96 112
58 37 585
24 94 936
70 68 280
46 36 79
89 87 646
13 14 583
4 66 902
81 20 992
61 66 537
8 99 686
44 5 752
89 62 261
56 12 484
43 12 306
29 79 151
59 55 756
79 68 611
96 27 191
94 82 503
50 4 262
12 34 957
38 15 600
17 87 595
52 100 875
6 25 969
25 5 327
51 18 305
33 42 452
88 26 497
21 52 347
60 67 258
26 88 184
13 4 821
64 49 489
45 35 797
14 62 622
8 83 72
33 50 156
84 66 595
2 45 916
42 50 627
45 40 1005
93 99 169
31 8 532
66 27 820
27 18 317
9 11 830
10 89 537
27 53 669
71 90 505
20 87 158
12 61 199
62 51 544
69 52 36
47 94 319
64 80 984
75 79 1010
15 38 170
67 76 580
57 2 258
95 30 729
7 98 200
57 63 463
8 21 624
1 9 745
80 62 591
11 93 755
48 84 981
75 33 395
77 13 913
58 11 69
7 32 515
70 17 521
90 10 929
98 24 537
11 85 189
3 61 821
86 63 231
71 79 630
83 61 304
45 52 432
28 88 141
44 79 248
54 77 969
29 35 310
65 46 207
25 36 669
39 88 323

