100 3179 13 28
74 16 507
99 76 216
76 68 87
13 2 412
23 72 642
10 15 303
57 53 337
81 44 649
68 62 203
70 44 152
13 52 825
77 40 275
54 28 70
26 63 31
25 14 619
97 62 488
17 15 878
100 75 676
4 65 498
17 47 505
40 19 783
50 68 137
21 2 142
30 36 707
14 71 79
78 27 873
85 12 259
65 27 50
17 65 636
64 62 799
88 41 442
84 100 293
4 93 1026
23 47 746
18 41 311
18 17 250
12 53 733
66 54 454
3 66 233
37 8 512
8 6 158
88 20 254
63 82 803
15 6 367
68 65 774
56 15 841
23 61 608
94 9 443
90 38 116
26 58 379
21 51 318
43 60 524
27 91 449
97 53 974
85 75 859
21 41 139
12 10 376
43 41 898
44 58 1029
22 68 878
33 58 687
96 69 1019
22 50 244
61 65 215
31 71 596
81 82 621
70 21 540
20 28 581
63 15 1005
81 67 688
81 28 853
21 95 843
6 11 357
40 80 320
22 35 380
88 45 888
68 56 900
4 6 238
31 92 937
43 93 422
48 89 45
39 54 454
31 63 869
7 99 192
7 51 87
70 28 700
23 19 103
24 100 116
38 14 891
20 69 569
77 17 1028
76 56 227
84 67 1018
98 85 283
90 62 894
22 76 895
12 52 550
23 77 124
98 58 408
39 23 602
8 62 797
58 91 308
18 5 909
22 43 341
70 75 121
96 62 207
3 55 718
85 73 165
9 6 184
98 4 772
4 49 326
55 14 961
87 93 807
1 10 541
73 46 941
81 47 723
14 27 858
43 6 630
23 29 614
13 66 258
98 20 251
56 62 143
25 80 101
65 95 885
85 31 961
85 4 759
48 65 461
10 28 749
66 72 189
33 16 590
74 96 170
53 28 786
4 82 101
12 46 196
26 6 501
60 95 438
44 10 621
8 34 885
32 60 88
67 53 930
12 35 517
32 10 428
20 91 340
31 68 551
18 65 269
78 91 437
61 95 198
64 14 501
39 41 881
58 80 416
33 43 271
21 69 325
9 66 112
3 49 616
25 55 164
85 72 966
11 91 678
76 35 388
32 66 248
64 59 347
78 60 42
43 4 164
55 20 1024
13 55 506
21 53 992
84 65 157
67 31 416
86 68 56
73 58 838
55 80 188
56 95 205
26 9 846
24 68 663
98 7 946
43 58 827
51 28 321
23 35 328
37 1 189
85 80 623
68 46 204
51 69 682
78 4 141
54 92 124
8 98 678
30 35 400
98 19 317
17 64 641
96 11 350
50 41 721
66 69 754
44 14 205
53 91 458
84 94 412
18 46 353
77 64 457
67 12 135
46 75 1017
7 94 989
24 75 509
73 76 871
1 69 569
24 83 568
13 38 688
76 27 226
7 72 967
67 58 645
39 3 638
33 90 576
85 76 891
72 71 999
40 63 891
85 91 519
50 35 207
57 63 218
84 92 43
48 47 541
39 64 619
39 59 774
48 3 269
25 82 686
3 30 417
8 22 257
63 49 967
39 77 888
2 5 154
78 83 367
40 97 610
39 30 211
37 49 394
3 61 537
86 63 543
2 68 481
99 55 713
26 94 256
1 51 727
97 41 770
16 45 350
81 56 778
24 11 394
37 20 165
13 20 74
4 89 590
87 66 813
30 49 831
24 26 223
61 63 219
63 69 897
63 54 1024
36 53 763
90 91 472
85 36 386
9 41 624
94 41 579
14 93 678
48 54 37
5 54 38
24 32 808
3 14 31
52 15 369
44 85 491
87 26 636
90 2 212
18 89 383
64 82 294
67 95 727
30 12 547
39 12 751
100 93 701
35 11 260
34 41 799
78 14 777
33 32 457
78 47 1022
79 41 166
84 31 298
19 51 214
40 35 630
32 92 320
54 11 246
30 45 303
5 100 700
32 19 554
23 82 617
15 79 907
24 1 798
96 59 566
99 34 159
81 24 743
46 11 883
12 83 805
52 65 972
44 18 77
76 64 317
34 46 743
7 82 420
67 47 243
48 73 406
70 97 729
50 28 865
67 68 226
25 65 134
67 29 251
77 26 417
59 83 199
3 59 968
34 80 735
94 72 868
33 25 678
46 71 663
57 61 80
8 96 471
13 81 1010
97 91 269
9 92 734
81 96 366
86 79 136
36 65 786
6 93 303
40 28 764
70 61 532
78 55 906
40 53 861
85 96 250
60 64 986
13 100 273
30 62 972
1 26 956
19 82 752
31 4 757
24 65 294
8 7 279
55 91 717
94 47 827
30 29 48
9 64 309
61 35 626
3 37 594
77 19 637
19 29 888
32 1 942
87 68 701
90 61 130
94 45 635
44 1 332
10 59 194
3 18 1026
21 18 881
40 29 642
25 5 67
4 9 538
86 48 796
39 11 528
12 71 265
44 100 919
9 12 891
25 53 546
74 95 607
97 65 398
38 75 1029
57 65 389
90 47 77
23 5 326
24 71 363
55 15 806
34 15 678
23 79 907
55 46 44
2 59 196
54 51 487
55 49 391
63 75 585
73 68 713
32 80 352
6 75 241
23 73 117
79 11 461
7 80 462
42 69 140
80 59 100
2 96 266
81 89 880
48 37 177
57 52 126
5 82 89
4 56 714
13 73 45
51 11 616
94 75 862
86 99 1009
26 93 209
81 42 846
25 26 257
94 10 333
49 46 393
29 11 914
39 9 765
40 4 74
1 60 862
90 96 694
64 11 66
40 89 377
25 41 959
84 54 311
67 40 1017
94 49 648
77 57 795
18 27 931
78 93 339
97 79 763
89 93 662
88 68 1007
62 11 337
33 17 681
31 20 439
80 51 432
68 96 382
60 56 454
16 34 941
90 60 92
43 19 650
80 79 971
78 6 947
85 42 741
2 42 1005
13 48 738
25 72 702
85 88 567
90 53 854
76 79 778
4 66 837
43 47 305
4 10 692
24 48 377
42 80 325
58 28 721
86 93 1020
42 17 392
3 51 492
21 31 73
87 29 731
24 70 790
77 4 253
94 14 657
18 11 806
48 94 449
46 51 715
31 52 557
43 42 50
57 29 789
76 45 678
99 80 201
9 5 894
48 68 1017
45 92 663
1 59 434
48 40 942
23 97 510
49 92 925
48 95 504
74 18 968
85 68 915
48 18 110
74 98 833
58 20 327
3 5 121
86 4 382
49 79 373
39 99 573
3 74 678
22 28 436
41 75 469
99 64 566
92 59 293
23 34 772
48 77 646
70 53 1016
36 62 484
17 92 250
78 38 1015
87 83 732
80 82 390
22 14 59
46 96 616
45 53 758
39 31 95
6 59 877
33 30 730
76 69 916
22 54 243
13 32 111
74 5 752
44 96 316
84 66 115
8 54 465
81 23 588
77 43 556
48 45 183
98 1 687
8 75 513
31 65 391
50 15 869
98 78 962
21 54 362
61 38 828
23 10 104
25 99 872
18 96 939
35 41 693
48 35 317
99 28 172
94 91 426
40 52 533
43 75 226
32 51 523
22 91 277
77 70 232
35 75 501
32 17 169
46 91 47
25 19 102
8 52 368
42 52 304
52 92 206
81 33 823
77 93 929
90 87 160
23 27 637
88 91 518
1 75 541
61 99 400
76 15 82
98 12 679
16 95 1002
70 27 591
65 91 898
23 89 299
1 63 897
13 61 878
21 35 386
55 68 139
29 20 716
61 55 485
84 95 62
79 27 860
19 12 864
45 28 583
46 79 671
89 96 415
77 42 150
35 38 357
46 95 574
44 11 948
32 5 684
68 15 409
85 32 336
21 92 789
88 65 497
36 46 67
85 52 443
80 93 805
2 95 405
47 100 245
50 80 988
7 73 432
32 65 417
57 68 778
65 62 282
37 5 840
16 55 1011
8 17 72
74 11 520
96 75 96
81 95 150
22 34 908
23 32 751
44 37 678
29 45 73
96 83 256
9 35 198
98 17 451
60 10 790
44 80 843
24 74 713
74 17 124
2 9 147
31 46 486
13 67 573
49 56 481
2 64 374
8 12 278
54 71 723
46 59 939
3 85 184
100 45 516
17 6 303
73 29 386
43 29 759
42 78 91
98 47 700
24 15 799
63 56 684
5 50 46
97 46 703
100 11 103
7 16 115
48 25 43
44 62 142
67 5 430
19 100 826
23 66 653
37 27 802
35 79 282
37 10 353
8 83 767
49 64 495
23 80 855
61 31 485
86 38 999
78 69 580
6 62 190
57 67 678
77 58 792
21 46 37
43 9 1003
52 68 678
24 21 895
43 97 106
29 99 630
29 91 801
9 80 413
81 15 362
19 71 753
5 34 755
5 11 132
79 71 45
57 38 150
24 79 564
2 92 365
67 19 649
4 71 474
29 28 849
67 82 293
3 97 396
98 64 836
61 49 504
74 66 158
67 38 97
36 43 985
36 88 404
12 11 399
5 16 729
54 20 761
90 42 1023
70 67 252
36 95 880
23 99 621
23 65 390
90 11 723
29 68 997
5 93 106
7 40 711
47 27 194
19 83 998
48 84 790
39 84 817
84 38 517
48 16 292
10 91 52
86 41 516
74 70 678
7 1 365
2 63 1012
5 58 260
60 15 114
97 58 294
72 51 451
45 34 518
70 93 403
37 92 73
67 34 492
35 71 466
63 91 69
60 76 824
67 94 258
98 93 808
94 60 685
86 97 70
90 32 912
30 31 115
48 44 886
49 93 113
68 79 373
74 26 349
22 47 991
13 39 831
60 100 608
18 99 710
40 71 675
68 54 734
94 52 525
22 69 992
38 82 444
98 94 44
6 82 439
30 99 893
24 52 700
77 37 875
89 51 600
86 87 635
3 4 748
96 82 821
86 69 805
8 100 450
48 31 291
57 95 325
84 12 551
78 62 190
90 18 261
97 88 780
9 71 466
22 2 171
18 87 538
5 83 141
29 47 357
3 94 751
61 16 785
15 20 110
67 83 525
63 96 257
81 43 138
60 46 598
33 45 567
89 34 530
58 51 159
87 82 564
88 93 65
52 66 863
76 82 870
43 34 378
60 80 62
42 5 910
4 54 493
49 14 98
54 69 177
23 20 124
54 14 997
75 93 597
98 5 915
10 62 75
23 7 60
1 79 117
65 75 638
7 58 632
90 15 560
66 64 450
10 27 41
90 66 624
85 69 691
86 56 730
52 56 972
31 51 44
98 61 543
37 65 1000
30 94 730
30 18 843
26 65 612
14 83 48
97 96 576
13 71 861
40 36 678
61 100 857
86 45 772
16 49 391
95 27 128
55 66 979
19 72 412
93 82 134
44 20 44
30 92 889
80 71 615
8 30 231
71 27 219
7 35 704
7 32 678
7 6 674
26 34 571
90 83 373
29 79 611
2 78 519
4 27 425
35 59 716
70 2 304
78 52 647
66 11 694
17 91 635
8 50 488
86 14 780
2 82 648
35 6 509
48 55 671
2 53 558
24 14 734
74 34 834
37 34 615
47 55 82
61 14 843
87 91 465
70 50 1017
38 59 242
24 90 307
3 9 944
88 51 974
39 2 564
100 38 59
26 46 767
80 54 96
74 47 863
37 15 84
56 51 240
12 28 603
19 27 862
87 10 110
16 76 678
19 46 595
88 28 948
29 100 1030
74 27 125
5 99 928
8 5 441
1 88 216
94 79 420
98 50 194
39 1 692
45 79 579
58 76 435
18 54 798
47 51 122
89 75 826
13 26 373
75 51 821
22 87 678
55 27 244
42 89 65
89 6 383
9 53 202
2 94 305
21 26 916
25 38 36
42 29 822
32 69 628
22 1 138
85 64 380
3 71 389
63 38 721
97 11 476
22 45 32
1 12 177
25 94 396
84 99 319
32 52 682
25 95 1009
1 56 937
13 72 675
18 97 697
26 100 212
63 80 783
32 72 218
3 87 144
25 79 187
68 66 678
31 96 133
40 72 626
7 9 462
67 73 872
59 53 840
19 17 549
18 72 566
55 41 566
52 14 399
46 62 651
22 96 878
13 88 356
56 79 189
1 55 143
90 93 647
12 51 700
49 34 462
4 80 734
1 95 609
56 28 632
45 89 570
37 26 920
68 72 71
42 76 229
98 36 666
24 10 836
67 49 787
52 72 686
31 49 64
13 53 169
15 69 724
81 22 83
43 10 826
57 83 241
52 28 125
61 75 586
60 51 258
24 98 66
56 53 752
5 53 592
33 29 855
52 82 414
33 87 570
17 27 249
66 20 990
13 82 931
19 53 684
37 100 985
22 53 214
61 56 306
96 41 714
20 53 678
88 11 841
49 54 728
56 75 426
44 28 580
81 7 98
65 72 765
25 49 1012
29 41 286
73 83 450
8 89 469
3 91 36
49 96 481
39 58 929
13 84 912
22 20 300
99 49 319
50 72 236
8 68 932
16 28 802
26 76 438
67 21 839
60 96 450
97 15 536
100 69 983
36 58 609
51 53 91
61 59 415
17 11 40
30 96 796
81 86 705
13 75 531
61 17 913
47 62 964
30 6 35
29 6 572
49 83 259
36 54 1014
30 1 247
45 41 722
19 1 586
31 28 1007
12 41 783
7 53 383
24 45 526
24 7 749
74 10 79
4 16 104
24 61 854
79 82 338
89 72 160
98 80 270
26 27 677
23 57 244
81 84 108
90 63 489
98 54 305
30 59 256
40 59 311
34 14 637
90 27 50
81 51 241
24 18 34
7 88 656
77 76 560
56 93 294
70 99 940
98 83 204
16 79 909
17 55 374
73 64 850
36 94 599
19 20 932
37 43 952
21 61 658
57 91 870
57 16 794
6 53 542
31 75 258
73 59 215
19 63 231
49 59 255
26 95 231
31 41 479
96 91 331
46 64 108
47 41 650
98 95 447
32 93 562
13 24 901
64 72 405
19 93 490
58 93 78
88 59 228
1 100 726
24 17 457
39 36 361
21 79 357
75 83 420
62 83 911
6 65 422
45 27 502
30 16 628
84 9 554
33 99 210
22 99 911
38 11 628
24 8 262
31 76 644
40 88 493
13 31 1004
94 82 438
38 71 152
26 20 591
22 49 106
45 38 688
37 58 439
85 46 162
33 68 437
77 73 940
60 88 723
63 16 591
94 71 687
30 97 374
25 20 769
9 96 231
81 35 338
94 46 590
74 80 117
13 16 537
24 23 94
36 93 139
12 38 397
4 76 412
2 29 289
13 6 801
48 28 175
67 76 858
30 60 650
11 69 293
3 21 218
5 89 416
32 89 73
2 27 972
16 15 261
100 80 492
36 34 38
87 17 739
37 31 166
82 83 793
50 27 589
47 75 192
9 62 652
35 20 235
70 16 258
68 35 387
99 69 720
39 90 1001
56 38 894
50 10 839
76 92 618
30 46 641
32 34 283
74 29 804
96 28 535
66 6 931
29 75 745
53 11 678
60 62 528
5 62 676
10 20 789
2 16 45
3 32 151
24 93 866
29 82 976
3 47 673
81 77 285
60 53 759
32 73 566
78 71 287
72 28 1019
86 28 385
22 93 984
84 1 407
10 54 455
16 68 555
97 34 956
33 44 220
43 64 66
85 93 654
84 60 811
62 95 511
14 51 442
50 88 891
30 47 109
84 87 97
24 34 935
92 95 678
2 40 678
17 59 201
2 47 34
4 96 321
22 64 998
63 95 595
94 80 718
47 95 874
81 60 858
36 92 884
76 54 168
32 4 259
43 27 403
90 49 660
39 14 252
16 66 103
40 46 248
3 75 368
44 72 534
88 79 977
2 28 458
26 68 360
22 38 685
67 15 166
56 91 129
85 62 911
39 42 393
19 9 103
88 54 358
74 61 374
18 69 313
19 54 327
26 56 498
67 18 535
23 30 343
3 60 486
33 65 558
3 70 758
22 56 80
37 11 617
43 83 310
31 50 431
60 75 887
97 20 1029
33 60 269
84 6 595
84 35 638
15 35 678
10 53 932
19 68 376
57 99 476
85 10 61
17 4 300
58 56 85
39 10 713
87 16 135
6 41 1026
8 79 538
1 53 524
13 98 629
24 25 143
22 41 71
44 98 710
62 59 909
32 91 687
77 61 962
31 62 434
73 17 519
13 18 334
39 4 279
60 14 899
39 80 805
52 95 234
84 93 399
18 31 693
25 58 182
74 31 363
58 65 684
34 91 861
8 46 906
48 8 758
8 64 321
65 11 244
96 71 989
3 11 907
33 100 217
18 16 577
18 92 948
30 58 723
7 21 276
64 80 761
85 29 107
45 83 63
8 14 608
13 8 411
46 65 838
41 14 195
2 100 632
81 9 99
48 1 621
24 78 490
55 51 96
23 26 448
90 54 539
59 71 542
90 21 730
98 45 917
64 51 124
13 12 718
57 20 748
47 28 54
24 5 933
74 89 789
47 16 437
74 1 196
19 31 262
60 6 837
78 12 793
25 12 1007
70 30 974
85 27 233
40 51 197
3 36 91
1 78 196
61 78 899
11 28 317
8 47 32
65 64 653
42 88 1030
66 91 294
77 20 326
39 7 218
22 9 149
90 97 55
15 54 952
37 7 628
68 71 841
99 62 79
23 91 162
56 82 536
13 35 855
4 92 321
6 69 900
51 91 771
2 34 652
42 58 761
88 66 304
98 28 885
29 59 853
39 27 160
3 27 1023
74 73 917
39 35 245
21 15 526
36 60 440
61 27 369
93 69 155
25 77 678
39 61 701
45 6 52
94 55 109
67 28 896
17 76 752
44 65 135
5 52 849
47 99 827
33 61 950
62 51 989
90 9 981
87 60 612
44 27 206
61 58 881
38 51 995
48 17 898
76 83 1022
18 94 83
68 95 202
73 52 666
23 11 247
60 41 206
87 65 139
2 46 526
64 20 126
72 82 890
47 92 956
44 7 457
97 68 143
77 75 988
31 34 555
49 82 476
32 28 897
77 46 405
25 85 975
30 78 909
86 2 956
44 19 755
24 50 638
88 53 50
77 16 1029
29 62 509
56 20 400
39 97 811
9 45 264
22 51 678
18 42 845
21 43 55
16 62 797
47 66 494
57 79 801
57 98 795
100 82 636
40 73 696
10 49 1016
60 66 475
17 63 793
10 11 175
24 2 192
24 76 761
52 53 907
87 4 890
56 65 228
46 69 541
89 28 926
32 62 533
41 27 626
18 100 639
85 95 427
73 94 942
2 38 504
42 50 540
12 72 986
58 66 85
5 64 252
26 49 895
34 38 242
84 98 401
87 63 730
42 95 122
74 49 94
49 35 618
52 93 128
44 38 993
4 47 897
86 49 199
60 82 858
42 72 310
52 35 375
98 9 343
90 72 37
34 92 981
12 64 632
77 34 1003
9 52 411
44 99 779
4 99 182
43 17 137
1 16 43
67 98 658
38 69 352
39 73 1026
67 63 598
38 79 678
30 79 238
22 52 506
70 35 446
43 79 604
63 14 811
47 71 523
57 5 273
4 75 163
44 51 291
78 28 668
79 14 485
4 14 962
73 69 224
48 79 576
86 66 582
61 73 672
81 27 297
17 31 742
68 41 790
19 92 342
30 54 54
47 58 455
25 47 535
63 27 452
10 56 748
31 89 809
94 63 444
15 96 419
98 88 513
68 20 567
21 56 401
37 29 34
54 91 108
23 31 743
49 6 960
42 28 796
24 33 754
90 59 962
36 9 879
2 45 1003
24 94 411
40 47 960
91 69 678
56 34 678
17 66 143
18 22 678
67 78 395
98 2 63
29 80 200
84 27 168
42 83 356
77 97 604
57 72 506
81 34 988
67 27 374
90 92 542
61 88 167
73 71 113
18 80 454
78 88 757
84 14 436
19 99 321
49 80 137
25 67 368
52 11 352
90 78 304
26 4 225
56 14 930
21 47 315
45 75 725
67 92 775
4 5 459
13 99 141
12 16 382
48 98 934
73 6 182
6 64 795
10 68 102
81 38 634
90 95 884
76 89 647
40 31 402
7 12 207
31 53 211
37 21 248
81 53 719
88 16 813
57 32 216
24 85 401
19 79 846
40 43 230
93 51 446
35 51 883
31 66 942
41 95 303
57 66 286
45 20 477
36 12 555
92 20 545
57 28 418
94 50 615
63 46 800
24 36 324
84 11 395
74 30 773
42 38 410
87 88 659
86 31 793
38 93 1029
3 54 667
85 90 678
47 50 327
43 72 672
9 54 457
96 53 973
55 28 262
23 25 546
86 17 270
40 100 681
31 100 148
27 53 678
7 59 133
36 89 266
67 52 100
45 46 405
32 43 234
85 58 936
1 94 112
3 2 989
75 82 301
48 12 152
31 60 621
80 83 364
78 59 769
90 7 207
85 89 195
26 80 62
81 83 79
33 80 1020
90 4 466
8 93 88
90 71 735
25 40 73
72 11 592
76 46 115
31 10 158
74 57 836
74 85 509
40 94 592
45 55 486
36 82 776
1 45 909
31 91 68
39 83 697
24 6 786
30 61 597
32 63 714
32 9 32
70 40 990
18 20 869
4 53 601
44 78 963
84 76 456
19 4 780
95 69 315
2 11 33
97 17 756
21 89 942
16 14 486
23 54 931
23 6 360
95 53 120
33 1 65
84 59 166
81 41 1021
43 82 361
70 18 839
76 52 469
74 35 1009
57 73 174
70 56 901
36 1 542
25 93 71
74 63 966
78 41 683
44 16 442
52 38 135
85 35 452
25 92 762
41 71 280
1 52 284
77 85 510
63 79 213
7 96 203
94 29 594
99 15 502
94 31 614
81 32 528
77 27 49
77 74 716
37 55 66
84 74 750
89 41 412
10 82 709
87 27 231
40 62 682
48 32 370
84 77 760
83 27 537
30 4 370
83 71 908
7 60 126
5 68 733
33 8 918
21 45 631
99 83 767
62 93 809
50 93 62
3 12 649
13 29 680
61 34 157
7 97 742
94 53 261
7 26 60
1 73 847
88 82 994
81 99 207
25 27 177
95 82 424
77 59 698
12 20 269
85 38 600
80 53 457
77 95 196
44 67 712
46 6 678
87 5 351
17 10 515
85 87 364
76 65 119
5 79 510
30 85 678
3 68 827
86 6 734
84 43 419
19 47 31
78 15 896
79 75 379
9 88 496
42 12 104
53 69 111
68 27 725
97 80 370
25 2 412
90 31 866
66 53 436
67 55 293
85 20 72
88 15 254
29 72 982
33 64 620
97 75 727
2 15 883
22 26 997
81 8 132
42 53 482
78 50 183
40 58 884
84 36 879
48 49 608
49 41 662
32 53 894
38 95 494
70 12 37
85 99 140
3 62 106
74 65 790
22 5 714
71 51 678
16 93 702
49 52 634
87 42 938
89 79 213
99 56 947
76 11 837
36 97 419
39 67 1028
8 2 515
21 76 260
20 82 603
77 1 654
64 96 833
33 4 912
70 9 792
8 9 260
47 46 562
85 40 689
18 75 42
86 80 741
8 55 839
98 46 173
21 19 489
13 5 473
47 79 797
73 26 678
74 51 128
22 12 886
63 10 132
50 66 599
39 52 934
40 93 685
20 83 276
66 71 305
87 50 771
47 15 398
23 4 227
44 17 955
25 100 788
84 57 53
60 38 88
77 53 468
12 100 146
70 43 486
39 34 853
78 46 192
86 30 391
86 22 248
3 41 845
40 12 164
13 42 330
9 38 705
100 55 887
2 54 993
58 14 1023
6 27 664
38 53 177
52 54 506
92 93 804
59 20 678
79 92 672
50 14 811
57 47 580
3 52 451
61 5 676
39 92 608
36 6 600
13 7 971
88 69 739
21 99 180
81 25 71
7 38 634
83 51 994
25 61 692
24 46 993
49 89 850
74 44 340
31 99 441
90 51 779
74 64 1004
94 27 716
59 82 186
73 89 609
78 17 267
74 50 1004
70 49 870
88 63 678
83 91 968
50 6 964
36 47 810
17 35 481
75 59 370
60 93 79
25 69 223
12 50 753
72 95 912
85 94 658
34 20 529
99 6 525
50 46 165
25 17 794
74 21 626
90 55 659
67 89 422
56 41 122
100 92 907
98 52 630
64 91 205
98 38 846
24 28 477
70 20 228
1 66 591
74 20 814
100 28 622
17 72 953
40 49 676
8 66 564
18 40 901
52 20 632
5 38 577
86 75 376
77 66 501
94 95 507
12 80 929
74 93 783
39 70 501
81 14 243
18 88 1020
81 69 622
41 62 678
24 9 946
58 38 855
84 63 476
29 31 719
63 64 559
65 71 394
99 92 380
77 50 38
12 60 678
77 87 916
2 66 503
77 36 380
15 72 346
89 62 562
84 26 610
67 87 640
34 96 1018
12 91 690
25 51 77
70 45 430
15 91 486
50 11 641
25 42 424
87 94 885
18 91 831
30 95 184
84 75 959
15 46 442
98 35 676
97 28 232
5 10 494
17 99 921
88 83 745
18 45 140
17 80 218
9 14 672
10 51 325
98 30 678
87 11 869
40 11 849
7 20 114
98 87 196
43 45 477
77 89 805
19 65 380
16 65 108
45 71 64
17 82 387
58 35 50
73 78 567
43 69 724
33 9 639
47 93 93
81 3 345
85 53 236
57 55 343
90 88 267
7 22 878
82 28 922
89 65 667
58 54 645
81 48 472
98 6 308
26 60 752
77 15 719
19 28 97
47 56 1010
1 9 793
68 75 495
64 83 564
100 54 245
44 79 586
25 6 1023
24 84 481
19 97 800
74 32 397
31 69 741
70 57 280
60 54 526
77 62 727
12 62 126
92 71 102
24 63 291
39 76 33
73 47 594
39 94 115
58 6 638
25 59 635
18 49 600
8 41 983
32 56 97
70 15 82
25 35 926
77 22 375
8 60 283
86 54 513
45 56 241
84 47 534
67 96 328
48 14 638
3 6 490
99 50 678
70 38 82
98 69 313
9 50 82
37 99 1002
30 63 808
21 20 250
19 91 464
23 41 540
45 10 678
73 4 924
77 63 293
40 54 65
18 76 593
62 14 455
89 68 910
19 42 678
67 9 290
57 2 836
87 99 584
23 17 422
67 4 312
44 64 451
3 42 689
84 21 703
98 60 377
16 35 453
32 76 653
37 95 371
73 14 759
67 79 1014
67 6 480
15 41 636
51 27 972
22 63 1030
40 79 663
33 75 524
17 45 927
44 42 919
80 75 821
47 54 148
37 96 281
15 64 200
45 64 215
55 79 605
22 83 525
3 79 658
18 51 689
60 47 678
2 83 902
44 49 136
4 52 631
81 98 530
67 1 515
48 87 582
57 69 543
87 71 548
18 47 209
40 99 291
100 63 308
70 60 750
14 28 956
78 66 775
85 6 938
87 28 969
37 94 664
100 46 683
89 52 678
43 53 615
86 78 103
44 88 779
31 64 964
81 79 959
3 46 543
90 100 186
70 92 555
48 50 955
50 82 937
8 16 304
21 40 534
90 52 328
30 42 416
43 49 512
98 71 375
42 71 119
67 65 439
85 60 374
98 99 135
89 20 179
55 59 328
44 76 31
10 72 127
73 9 1014
74 22 742
10 35 452
81 80 713
65 79 494
39 95 852
97 45 626
80 72 701
86 44 423
73 72 243
8 40 876
73 95 547
60 50 976
36 52 128
9 34 358
42 41 616
73 66 389
67 85 1001
47 6 522
47 96 305
31 47 489
67 100 816
21 28 40
20 51 164
48 100 663
30 34 775
39 17 785
44 92 283
61 6 654
74 12 580
88 14 381
48 99 189
45 52 997
90 58 826
57 18 987
32 50 96
57 10 580
68 91 964
25 29 720
81 2 537
57 58 886
70 63 297
50 91 275
50 69 224
37 76 747
89 80 456
78 49 242
93 11 494
69 28 678
10 83 92
79 51 872
2 41 482
80 92 212
34 51 476
74 7 698
98 49 576
81 73 594
18 53 834
84 79 938
45 69 923
3 93 50
67 41 294
37 66 70
98 76 618
87 80 1012
19 89 1030
98 63 446
72 91 140
1 91 981
3 26 243
100 27 906
13 77 831
35 80 960
26 64 63
19 41 414
24 54 573
99 45 570
89 66 898
84 20 221
67 90 78
70 29 618
57 93 951
61 89 832
5 69 626
5 20 603
81 88 420
16 83 812
9 11 634
3 44 447
24 97 274
74 91 899
22 100 902
73 91 273
84 90 64
58 68 175
81 19 375
73 65 746
4 34 726
63 11 117
87 95 88
80 20 1025
39 19 479
3 69 761
47 83 551
55 54 913
66 56 678
94 64 555
40 42 929
23 42 861
40 14 373
78 58 37
25 21 737
33 57 922
9 99 50
62 28 787
24 55 708
21 11 396
86 94 870
23 55 568
33 54 624
31 9 187
33 95 146
44 15 297
96 72 943
74 36 954
84 71 72
22 59 286
97 59 798
2 26 471
61 2 450
16 56 584
38 96 746
41 93 318
45 59 76
66 82 707
73 35 878
30 91 116
86 74 548
1 41 144
86 5 745
61 1 1011
63 53 930
23 1 364
58 41 557
54 72 602
86 58 884
86 16 752
17 60 504
13 96 593
84 2 458
29 38 535
36 72 599
25 60 175
88 38 110
21 17 63
85 79 131
76 34 965
13 65 164
26 96 124
39 79 962
76 28 949
12 95 620
48 61 493
86 47 189
32 31 316
8 59 752
26 35 656
67 43 445
99 11 982
21 87 800
32 61 34
29 64 577
37 75 738
68 34 850
70 83 316
21 58 67
37 9 946
74 92 619
52 64 185
60 99 792
13 4 255
13 11 318
43 62 947
100 96 687
36 91 853
33 83 411
29 88 482
2 55 282
56 80 546
18 56 339
70 62 611
98 96 449
100 15 807
60 63 445
66 80 672
24 88 429
74 9 922
37 63 952
77 32 162
48 46 637
24 49 903
37 36 833
57 76 726
99 95 992
2 1 771
5 92 898
58 95 206
89 35 476
1 96 800
33 97 321
89 53 75
8 73 777
48 34 199
40 17 438
57 89 279
4 69 171
86 57 310
41 54 257
86 52 805
25 78 171
26 91 745
43 96 926
31 14 361
43 100 973
65 53 414
13 54 929
66 51 965
78 95 174
78 54 544
97 49 663
87 54 227
97 52 864
64 93 759
8 78 188
44 71 260
5 91 849
17 69 768
81 40 497
42 6 698
99 96 230
44 59 378
70 68 1002
2 89 687
12 76 821
87 15 616
97 5 512
23 18 160
86 26 775
25 45 825
37 17 57
70 69 317
98 65 453
5 15 167
77 51 848
63 28 785
23 9 235
85 1 1026
1 5 588
47 63 279
29 95 918
57 85 462
84 8 591
87 9 197
44 94 57
100 76 202
21 71 493
33 70 894
64 41 861
42 91 330
76 71 1027
13 85 515
10 34 328
81 5 761
84 97 713
40 15 847
13 36 344
60 52 310
1 27 693
36 96 984
38 62 678
50 49 470
43 26 417
41 82 966
84 22 904
70 36 639
71 53 764
87 96 753
10 66 161
67 30 782
33 19 100
7 49 75
48 22 297
23 62 34
57 21 319
44 43 506
77 78 211
55 6 869
7 68 539
84 23 678
99 14 529
97 100 1030
30 14 65
58 62 629
87 19 599
81 29 801
70 91 711
8 32 285
61 66 936
18 66 1030
65 14 128
65 54 302
66 83 207
22 27 903
3 83 1021
90 64 828
30 56 418
56 83 758
3 64 56
49 72 93
7 19 745
16 38 918
44 32 503
57 31 179
64 71 833
46 14 616
16 72 283
32 18 488
9 72 154
84 53 722
25 87 424
94 16 451
76 62 925
7 41 79
32 2 657
44 91 965
49 75 200
12 59 768
15 93 389
84 18 674
17 93 1020
73 82 247
97 1 678
97 56 281
97 51 177
30 22 56
60 20 713
4 51 566
3 29 1030
30 10 475
33 18 928
81 11 201
44 54 580
63 6 818
62 75 678
39 74 919
81 78 50
94 88 309
39 40 960
70 54 823
70 96 119
13 30 83
32 58 628
90 99 355
39 55 937
4 83 462
58 59 703
40 82 991
47 80 960
85 5 613
52 69 986
36 56 86
43 46 109
44 47 648
39 57 420
24 92 183
43 14 988
70 5 337
13 22 163
26 89 1029
97 89 548
72 92 678
85 50 725
36 20 488
85 7 638
88 49 598
26 28 951
13 92 265
4 15 207
42 64 428
48 29 171
23 53 39
33 14 762
49 66 33
3 58 79
37 30 348
98 10 354
12 27 592
32 22 289
21 65 169
77 88 696
57 92 842
84 91 188
90 19 384
65 93 314
40 50 1020
57 94 505
17 28 498
98 91 856
32 21 678
73 11 266
23 92 637
90 76 322
90 14 140
68 6 776
88 71 162
24 35 197
43 55 157
6 79 892
15 62 31
70 82 357
26 83 633
21 12 959
22 88 848
56 35 954
86 67 1006
81 76 829
78 5 283
1 34 827
48 88 223
74 68 334
67 50 361
36 38 454
35 83 107
86 37 422
87 2 678
17 29 678
33 74 776
26 92 627
35 92 800
87 97 380
19 56 542
26 12 846
77 38 246
94 78 238
81 18 451
60 16 493
13 60 333
13 97 619
97 60 141
36 14 388
23 64 267
3 57 215
81 59 206
30 43 990
63 20 550
73 51 237
48 52 747
13 70 614
33 96 341
96 20 712
67 66 688
100 35 332
31 59 775
33 12 925
45 80 325
89 82 532
39 45 328
36 68 506
48 19 304
65 41 917
44 6 1028
61 19 720
44 95 880
87 55 897
77 2 962
100 66 308
79 95 1023
77 65 485
54 82 248
57 82 629
59 27 793
86 83 128
24 44 179
23 28 762
35 91 832
76 41 123
56 6 559
99 89 235
13 19 1021
19 34 92
58 89 664
85 19 388
22 19 218
48 71 672
45 96 224
29 4 830
86 59 752
44 63 38
32 45 440
43 50 438
39 18 193
89 54 358
98 43 415
39 22 313
70 89 371
87 72 71
37 50 618
21 93 517
77 47 853
12 69 90
17 41 992
81 62 854
1 4 967
97 10 430
48 60 913
16 53 522
41 53 226
15 75 895
57 80 384
9 79 967
80 38 678
13 49 380
26 41 247
13 50 504
31 79 986
74 90 545
87 52 263
37 73 825
90 29 715
76 91 210
63 89 53
8 20 757
36 35 125
39 5 36
73 53 160
29 35 218
19 45 731
9 63 43
39 86 678
31 11 635
55 65 178
63 45 668
22 10 766
50 52 241
55 92 364
40 83 361
1 54 762
61 62 153
7 46 503
37 91 496
81 31 310
18 14 918
81 87 60
37 87 403
90 73 654
67 26 837
98 100 630
22 15 472
13 63 292
56 92 206
22 6 529
26 50 333
23 49 592
45 15 62
7 4 37
33 10 212
52 83 786
49 15 677
39 32 751
50 38 942
22 66 601
5 56 982
13 43 330
97 9 471
47 76 561
100 59 309
66 15 381
73 79 533
67 72 792
33 34 370
60 27 984
17 54 144
25 1 701
84 16 612
22 11 635
55 82 801
78 56 649
70 42 670
19 73 832
86 95 571
39 85 246
24 42 618
73 49 901
76 66 694
37 78 204
94 28 284
40 95 908
93 27 176
4 62 570
48 7 1009
98 79 265
34 54 907
7 2 185
30 75 960
8 92 784
8 45 401
29 83 947
61 53 539
56 72 356
31 58 553
32 59 344
77 41 923
15 82 612
48 72 802
36 15 108
74 100 995
82 51 394
52 27 280
24 39 678
92 53 758
31 16 76
86 96 298
18 43 431
29 9 910
15 51 177
9 16 567
70 34 630
42 92 605
19 62 392
21 96 352
90 46 775
97 64 462
47 11 299
13 76 94
86 8 140
55 83 387
49 62 494
43 73 949
29 55 961
36 16 654
2 75 370
8 27 329
30 83 932
64 75 649
20 11 973
21 83 219
2 76 942
47 20 1000
13 56 59
37 57 678
36 80 187
25 43 906
82 27 209
23 78 704
86 90 391
33 2 824
94 6 1013
25 68 174
21 80 588
7 50 604
44 60 987
5 47 861
86 71 685
13 1 598
34 71 200
45 62 489
84 30 135
70 85 557
22 46 113
42 35 809
12 66 916
95 91 762
92 11 663
81 91 1030
65 96 32
98 18 860
81 70 567
99 53 319
6 91 849
85 56 175
44 83 214
15 38 85
39 20 109
98 34 775
5 72 429
18 73 409
73 12 235
5 95 736
34 95 357
19 88 675
44 26 56
61 18 942
70 7 478
87 69 567
34 69 731
32 100 608
77 72 140
5 41 447
78 96 953
33 89 365
86 33 670
40 1 889
98 89 832
95 51 200
32 99 654
21 72 986
21 78 720
94 4 711
30 32 429
39 47 121
85 78 555
52 91 654
47 68 100
70 73 888
18 10 521
70 17 576
30 88 741
44 35 537
79 72 459
10 38 754
86 88 655
5 46 62
84 55 914
57 51 632
6 72 432
78 64 491
10 65 621
4 55 888
96 14 680
24 67 987
48 5 654
79 20 707
89 14 880
21 36 549
20 71 842
73 50 762
2 79 811
73 41 552
67 17 704
23 33 678
86 35 423
25 88 489
50 95 78
88 72 288
29 65 226
85 97 435
42 16 404
74 78 922
54 95 545
40 76 404
7 66 833
3 88 433
31 6 31
43 54 612
61 45 316
10 79 405
40 92 116
57 12 343
57 40 456
12 82 791
35 46 678
7 95 329
19 50 573
73 63 933
42 63 695
32 16 962
9 69 406
78 89 754
37 41 823
19 26 249
73 31 1010
58 64 480
2 97 798
85 54 228
3 38 589
37 69 530
5 71 943
99 79 888
48 92 808
96 92 557
21 9 213
41 59 256
4 72 581
30 21 1007
70 94 585
3 34 903
70 14 831
30 53 45
73 55 212
81 63 925
67 62 498
77 3 678
70 58 360
44 46 970
3 7 178
81 46 895
36 50 333
1 17 1010
4 20 529
6 83 251
3 98 501
26 62 906
7 27 138
24 51 330
85 92 465
32 46 615
75 54 678
17 50 477
99 54 314
94 89 656
33 79 592
38 54 824
78 99 415
56 96 755
12 79 882
2 91 344
86 77 447
99 41 675
39 93 774
58 53 145
10 55 678
94 35 481
74 59 438
9 100 911
86 3 625
85 14 792
82 91 459
30 11 581
33 93 484
81 74 435
21 97 144
45 51 427
90 5 738
75 27 958
37 97 714
7 15 545
86 36 803
97 73 767
64 54 721
49 91 175
77 7 88
94 69 154
13 58 253
68 64 688
86 55 582
97 69 242
48 78 893
95 14 879
13 94 857
77 54 136
17 38 67
42 96 1007
42 97 678
62 82 438
42 79 577
36 76 807
42 46 495
61 29 699
58 55 648
24 58 895
81 93 689
25 44 280
94 83 134
84 50 1000
85 82 475
18 4 603
48 21 937
24 80 921
30 93 790
44 12 441
61 15 374
77 60 840
70 51 818
39 21 498
18 35 625
74 75 358
93 59 679
13 90 86
32 71 466
37 35 713
43 92 57
43 5 84
19 5 977
84 85 716
33 28 169
24 62 83
67 8 801
76 10 689
29 27 284
52 46 339
48 76 119
23 37 275
56 71 864
7 62 506
72 20 646
81 85 334
43 12 792
45 65 123
5 60 401
30 89 706
57 36 1017
1 46 56
13 95 197
25 30 991
66 93 304
48 27 490
58 88 412
65 28 48
5 59 464
78 63 378
19 60 948
33 69 106
78 92 656
22 29 870
57 34 653
83 69 631
76 14 191
55 93 910
100 10 741
13 3 845
87 1 500
33 77 332
18 79 698
16 6 411
33 47 589
26 71 826
68 59 165
19 14 462
3 95 870
22 42 546
55 34 863
86 89 1008
13 33 136
3 63 742
68 53 544
30 100 327
95 71 831
47 35 526
21 10 781
23 2 395
10 71 945
37 2 362
9 55 862
17 79 546
67 91 90
81 21 886
23 70 1011
8 91 376
85 9 156
16 96 429
37 89 414
84 41 104
23 68 79
86 100 679
90 34 789
33 37 175
46 92 608
33 15 217
90 6 890
94 100 975
23 96 693
43 11 826
84 44 154
48 67 920
85 16 573
32 64 995
54 93 108
37 61 50
43 56 88
100 99 95
25 73 348
88 6 690
40 38 905
36 71 319
99 68 246
23 56 199
76 20 251
17 9 354
84 10 1009
55 69 597
98 40 663
44 31 449
70 64 804
63 59 265
81 20 87
19 69 845
63 35 619
97 66 52
87 20 219
66 75 853
85 47 630
6 92 840
3 43 929
77 79 253
88 62 521
1 72 269
40 9 1005
90 20 589
17 100 789
32 26 1026
30 40 890
97 35 651
73 34 204
66 62 212
65 20 283
99 65 677
48 90 232
84 82 218
30 20 1013
61 20 679
84 45 255
33 36 239
39 53 752
43 38 479
45 49 139
92 14 707
29 93 983
60 72 448
78 79 518
77 82 263
3 82 784
100 95 893
15 14 558
10 96 196
37 45 850
67 97 472
33 56 109
99 51 745
87 49 904
50 34 792
50 71 568
80 27 536
23 14 533
31 95 1024
79 62 415
22 72 942
19 58 710
57 9 480
24 31 394
67 60 674
95 93 485
43 66 633
54 53 607
70 4 672
87 76 831
1 38 872
100 58 678
25 54 999
4 59 90
12 55 208
78 68 106
90 26 582
8 49 218
47 88 152
3 65 1030
90 43 613
40 96 180
33 92 956
96 54 105
100 41 122
7 69 928
48 43 645
22 75 684
19 80 701
44 9 425
76 6 562
12 49 886
37 28 247
67 45 1012
33 72 525
91 28 725
32 36 508
43 52 476
70 87 801
74 28 411
34 27 817
33 78 256
90 17 464
86 92 608
17 20 567
39 48 610
29 56 1024
42 51 827
23 59 750
97 26 343
9 15 613
39 60 750
99 52 220
68 38 765
99 93 502
25 62 212
18 83 171
18 29 673
60 65 162
57 42 126
70 37 334
33 27 841
94 76 543
4 46 1024
48 56 472
84 7 289
36 17 658
24 72 907
25 98 420
66 38 622
37 18 571
24 37 998
56 69 594
22 65 295
78 31 92
43 95 98
73 88 307
88 89 1009
70 90 677
92 91 764
23 43 156
2 69 953
60 28 40
63 65 655
10 93 521
25 9 720
58 69 554
9 56 538
67 80 602
90 16 590
66 35 269
78 10 366
8 28 297
89 71 39
37 54 36
84 58 248
98 31 187
24 3 185
78 75 341
29 58 867
77 98 882
27 28 583
18 9 530
81 39 400
30 9 592
70 78 619
3 15 375
86 20 975
1 62 39
22 55 94
29 46 418
49 95 801
86 72 832
37 52 635
55 38 189
17 95 267
87 36 239
58 99 678
84 89 56
8 35 231
12 34 570
48 58 710
39 25 408
32 96 336
50 79 92
100 34 852
5 96 41
4 91 158
15 80 620
67 71 184
13 9 168
22 97 728
38 91 732
79 96 678
37 38 113
39 56 391
5 27 832
94 38 721
94 12 614
66 34 637
81 94 333
44 90 273
75 53 670
57 100 32
32 35 759
84 46 870
74 14 297
70 52 134
21 64 174
87 41 468
6 14 384
26 75 360
63 72 148
5 12 678
30 72 182
58 16 662
33 38 702
94 62 90
50 55 444
37 56 282
81 4 910
100 491 64 68
97 1 381
42 59 606
52 59 820
46 82 246
84 98 49
95 85 575
50 51 490
71 91 597
16 5 403
79 16 175
32 66 342
42 94 590
100 83 631
34 98 335
31 69 732
68 13 367
70 25 862
60 91 311
65 15 433
32 59 300
97 23 331
90 82 162
24 35 803
74 91 955
42 92 888
6 80 370
30 11 989
72 43 858
39 45 370
97 67 734
71 67 117
53 50 813
39 74 455
29 98 478
72 7 803
51 99 96
14 57 902
56 85 383
53 24 107
19 79 445
85 65 893
34 99 764
7 75 968
57 75 458
63 47 538
61 13 261
18 36 611
54 40 476
29 68 432
59 34 584
75 97 202
73 82 938
48 71 571
22 50 929
20 57 585
32 87 748
19 19 108
11 65 977
78 18 182
64 71 62
12 94 320
93 1 394
15 41 419
64 39 466
72 46 39
58 63 558
28 92 442
44 91 912
61 42 322
83 74 452
76 15 715
76 79 326
68 67 370
59 54 136
4 14 699
18 93 622
9 4 79
51 38 58
93 29 302
18 50 914
32 86 97
62 81 372
80 72 1000
85 77 519
50 45 829
43 36 484
98 36 201
35 16 762
65 22 756
51 88 725
83 82 309
55 3 870
31 43 502
28 42 638
15 47 288
3 70 330
18 1 527
56 34 762
77 12 677
17 6 693
98 84 143
100 76 1026
42 99 32
35 6 562
34 15 989
3 66 904
55 63 706
88 46 775
51 44 1030
57 6 58
92 71 574
19 18 271
17 19 822
75 2 716
41 61 102
7 86 435
69 13 237
66 57 591
61 8 931
66 35 333
88 79 141
5 71 633
75 63 703
77 100 472
89 71 546
74 76 886
38 34 792
94 47 112
1 47 929
35 1 889
65 12 1007
36 14 746
50 86 103
49 79 77
19 94 905
46 2 193
80 15 518
78 49 555
24 99 400
76 10 700
87 86 187
100 1 51
38 73 238
16 72 187
62 46 935
15 61 906
81 48 503
81 25 934
80 94 111
89 16 286
26 24 762
78 96 648
3 4 900
74 12 189
71 17 956
31 44 69
31 68 735
55 72 716
100 52 148
15 8 227
90 91 867
86 8 44
89 29 122
100 87 876
63 51 371
31 56 854
2 93 584
5 10 790
64 59 841
54 47 408
14 61 997
42 4 982
29 49 922
93 67 974
95 59 41
2 82 56
94 87 786
56 46 839
66 9 295
12 86 59
72 52 212
75 56 77
23 47 819
41 90 947
52 53 91
33 30 585
20 37 487
17 45 832
25 9 387
62 89 52
14 23 1016
21 69 587
67 57 914
9 25 488
13 85 929
78 48 364
74 1 383
34 58 152
23 31 128
45 16 690
13 25 803
22 8 475
46 65 541
83 15 1001
26 16 513
73 2 806
73 6 283
82 27 808
65 25 942
32 84 64
56 8 60
15 52 624
32 14 545
98 37 443
14 19 377
20 51 826
99 29 950
75 40 984
10 25 948
17 54 531
20 47 587
85 14 53
21 26 684
92 72 82
90 95 847
40 90 313
68 61 184
7 14 582
31 31 308
36 32 317
83 40 85
96 62 704
73 68 741
96 71 813
90 87 756
31 21 345
91 74 185
5 78 52
87 55 211
70 42 693
61 96 529
75 22 663
42 84 610
64 66 782
50 92 229
22 6 470
47 60 300
24 34 342
31 14 846
24 28 785
71 26 954
92 10 967
27 89 141
93 92 834
84 90 97
41 29 98
86 62 665
51 29 641
78 83 323
56 59 998
65 95 368
6 57 812
49 60 38
39 78 182
19 45 265
21 85 658
34 19 810
97 25 397
55 92 1026
1 82 481
9 63 98
68 22 103
45 74 951
41 60 841
25 87 212
95 18 684
28 34 217
52 52 978
96 48 74
77 50 780
91 17 680
12 41 940
37 62 659
97 24 255
35 57 795
53 10 719
86 96 366
90 44 993
37 39 596
86 89 791
3 90 619
43 100 509
56 28 173
32 53 409
88 69 157
98 58 692
45 93 144
88 7 281
79 72 822
67 33 58
8 73 144
7 4 498
87 46 192
39 76 500
7 3 583
16 16 622
60 81 271
66 83 716
38 75 255
22 2 933
46 67 499
49 86 307
46 100 265
22 21 651
76 73 41
91 64 200
23 5 815
5 90 927
79 66 792
33 69 681
51 89 354
89 17 400
88 52 648
8 24 946
32 35 967
47 4 894
51 40 684
92 36 858
58 50 962
78 52 493
66 28 125
83 97 1027
86 66 315
9 81 854
95 69 113
50 32 644
42 37 391
29 64 593
30 48 937
82 10 646
9 56 623
57 52 688
22 89 822
55 12 259
75 95 620
7 60 914
95 72 1016
59 35 357
6 41 185
67 56 615
22 100 648
25 57 256
13 1 864
25 81 737
71 70 791
30 54 666
2 91 224
88 17 118
80 23 528
87 59 385
86 76 151
94 53 272
94 86 97
75 93 261
96 5 237
49 92 107
91 37 189
7 77 842
82 74 629
40 29 160
16 1 346
68 95 131
6 13 524
50 43 670
6 50 796
50 26 491
86 36 992
62 47 282
88 97 41
68 26 422
68 41 361
62 93 828
74 87 696
17 78 853
18 43 654
43 55 859
31 16 160
77 20 398
26 82 659
51 73 498
44 3 565
36 53 333
22 18 746
51 92 520
93 15 588
100 95 805
67 77 599
86 44 129
67 72 558
91 92 483
46 26 33
98 80 876
67 96 112
58 37 585
24 94 936
70 68 280
46 36 79
89 87 646
13 14 583
4 66 902
81 20 992
61 66 537
8 99 686
44 5 752
89 62 261
56 12 484
43 12 306
29 79 151
59 55 756
79 68 611
96 27 191
94 82 503
50 4 262
12 34 957
38 15 600
17 87 595
52 100 875
6 25 969
25 5 327
51 18 305
33 42 452
88 26 497
21 52 347
60 67 258
26 88 184
13 4 821
64 49 489
45 35 797
14 62 622
8 83 72
33 50 156
84 66 595
2 45 916
42 50 627
45 40 1005
93 99 169
31 8 532
66 27 820
27 18 317
9 11 830
10 89 537
27 53 669
71 90 505
20 87 158
12 61 199
62 51 544
69 52 36
47 94 319
64 80 984
75 79 1010
15 38 170
67 76 580
57 2 258
95 30 729
7 98 200
57 63 463
8 21 624
1 9 745
80 62 591
11 93 755
48 84 981
75 33 395
77 13 913
58 11 69
7 32 515
70 17 521
90 10 929
98 24 537
11 85 189
3 61 821
86 63 231
71 79 630
83 61 304
45 52 432
28 88 141
44 79 248
54 77 969
29 35 310
65 46 207
25 36 669
39 88 323

