100 3948 12 73
5 90 787
35 20 791
28 31 123
79 17 876
10 19 714
83 96 66
91 62 360
2 61 346
30 91 219
93 26 35
82 82 459
1 43 315
84 87 950
52 32 177
71 15 207
18 3 68
80 32 851
40 99 941
83 87 794
8 43 375
89 71 767
83 56 201
70 27 253
53 73 636
20 2 888
22 39 1010
5 59 1027
3 21 1006
90 85 298
32 29 780
55 18 787
10 88 427
88 10 110
12 68 631
13 77 835
4 56 54
14 4 675
35 80 379
71 99 482
51 100 523
20 56 506
7 4 860
69 35 221
88 87 860
64 92 572
19 15 884
22 12 539
53 12 653
3 15 487
2 59 509
9 35 711
65 16 831
99 59 37
38 88 257
29 81 96
95 87 59
6 95 829
70 17 403
84 73 107
95 3 210
29 84 163
96 84 372
6 42 936
46 21 286
26 86 1023
12 15 951
59 65 446
75 37 503
100 66 824
2 45 860
37 77 454
20 70 82
62 75 629
34 83 287
19 75 532
85 96 609
50 63 373
38 87 331
3 81 105
99 10 856
76 85 358
97 36 994
24 86 566
6 94 79
80 47 112
27 26 82
41 20 667
80 72 1016
12 46 205
73 24 608
57 51 106
44 66 833
29 53 130
23 1 605
21 82 810
46 34 441
17 22 68
88 59 160
86 33 839
9 10 250
11 86 222
76 40 178
81 39 521
81 13 202
15 44 476
100 55 196
21 44 294
79 73 110
63 82 298
73 1 283
10 93 891
49 92 801
40 83 328
4 54 1008
48 51 241
54 16 755
97 79 306
69 59 178
50 26 356
3 30 718
47 90 842
38 12 451
72 61 52
77 91 391
27 1 746
43 77 545
73 52 198
83 99 446
8 76 715
89 15 516
78 27 70
41 99 216
2 72 806
92 84 977
92 100 606
20 14 432
71 34 326
21 49 551
48 85 833
62 23 793
40 14 681
91 52 359
62 27 651
46 25 152
97 100 895
62 54 738
95 1 757
96 21 579
32 24 999
54 86 46
68 36 760
71 16 951
97 37 393
73 10 755
73 75 452
78 82 848
78 9 809
99 57 856
22 78 51
59 45 782
46 26 888
62 99 407
50 61 877
59 37 425
85 58 997
67 27 521
27 58 398
35 35 628
12 55 1026
9 58 99
86 67 609
84 43 854
45 41 515
81 35 916
91 2 827
17 44 111
26 12 477
60 61 355
66 56 590
24 76 853
42 54 513
85 77 299
77 14 482
12 99 426
65 95 559
71 74 117
31 51 843
38 10 302
13 84 220
66 67 643
95 35 484
8 86 120
58 34 397
5 62 60
32 80 724
5 66 583
7 30 1006
16 54 236
100 43 326
18 7 638
52 60 456
89 2 602
22 20 209
35 49 218
66 94 722
32 98 153
13 73 310
66 31 516
8 26 684
14 85 635
26 62 852
27 33 603
98 63 43
98 51 217
91 94 651
88 69 617
13 48 200
43 85 212
68 90 278
52 94 585
66 15 99
98 39 976
61 52 954
63 38 751
56 10 748
24 96 990
23 65 1029
8 99 841
49 46 983
43 52 102
57 72 806
48 17 871
99 40 868
88 12 680
97 81 142
45 40 298
9 91 973
7 1 96
56 77 903
27 52 197
96 92 206
35 30 853
47 31 503
27 43 990
19 62 638
9 4 682
9 21 643
14 45 701
43 70 105
94 36 112
86 11 790
67 85 85
97 57 920
91 68 718
52 28 196
8 31 666
28 43 774
25 66 35
46 92 400
81 73 942
44 32 436
80 87 73
89 28 691
56 67 939
35 32 930
66 68 633
60 63 640
25 67 368
16 89 344
40 100 89
24 57 121
10 51 616
89 11 396
55 72 284
38 71 591
57 25 278
20 35 643
38 24 1002
26 37 379
78 95 494
34 85 134
37 23 409
99 88 318
70 93 158
92 53 264
17 52 801
51 64 758
26 88 229
62 36 866
8 51 744
44 6 421
66 84 1006
53 23 542
45 50 41
50 35 410
1 6 902
17 85 470
4 35 1020
91 22 945
41 35 558
47 25 565
30 1 408
5 64 674
54 26 78
89 6 523
46 29 624
82 68 276
68 9 92
89 75 747
24 2 237
48 88 730
100 65 976
16 60 57
41 8 261
98 52 67
78 45 707
97 42 304
57 56 937
31 24 804
84 31 92
71 82 867
36 79 167
95 57 966
54 88 833
5 76 74
1 4 123
98 35 349
21 8 306
36 58 572
14 46 942
71 33 829
10 36 876
37 31 129
40 75 434
68 97 86
2 16 628
61 43 177
33 100 450
42 41 1004
87 5 540
20 55 705
7 100 175
37 51 236
11 6 572
8 61 563
75 59 130
17 57 883
16 76 595
57 50 680
13 11 621
67 82 531
69 87 237
74 29 125
86 13 935
96 13 194
53 17 868
80 34 584
81 83 652
91 25 260
28 6 672
9 6 38
95 64 556
75 58 676
88 63 801
52 78 987
20 16 534
53 21 886
87 94 518
12 23 698
69 16 641
75 76 668
38 1 276
96 99 670
10 69 97
87 25 384
54 29 335
27 36 154
72 23 759
95 43 445
62 53 508
37 90 177
38 35 303
36 26 92
56 44 287
81 97 848
61 53 587
48 29 692
23 9 70
65 23 342
17 53 88
6 99 949
92 23 286
69 84 975
13 93 662
14 18 649
94 80 761
2 71 661
24 34 483
76 91 247
48 69 420
84 65 711
76 96 131
37 34 43
55 5 504
86 87 169
56 17 162
90 69 563
32 85 786
93 69 1014
13 58 391
77 90 191
24 43 474
58 55 201
14 80 837
100 18 291
69 49 928
37 81 436
74 89 477
94 24 108
4 84 953
45 96 617
87 91 694
42 61 517
73 68 526
91 80 339
39 78 391
72 35 959
60 81 847
35 10 272
70 84 766
66 71 69
56 34 213
17 20 652
36 68 45
15 76 217
44 88 307
78 16 798
10 85 869
20 26 980
55 61 114
25 51 983
58 86 100
30 7 908
97 21 224
24 7 911
12 36 525
79 3 1021
63 93 450
89 42 260
1 77 231
52 81 285
43 28 419
15 73 1000
21 5 896
10 41 735
95 90 276
71 90 316
4 96 116
54 75 67
33 64 55
57 85 349
61 51 963
11 44 436
52 48 395
12 30 905
53 27 858
94 12 205
89 50 675
16 38 278
31 63 83
15 33 967
17 18 475
60 23 135
7 39 498
89 13 849
15 93 312
79 67 116
28 63 109
65 63 249
12 4 946
29 48 861
3 5 477
41 72 589
6 90 195
98 23 935
16 8 702
78 38 780
40 56 959
7 42 275
62 57 754
9 87 417
13 86 845
84 44 499
25 60 39
99 17 396
6 88 693
43 89 160
51 17 738
44 13 729
100 36 187
39 22 48
24 88 109
19 56 121
30 17 257
46 82 333
33 97 632
21 26 589
89 85 284
2 84 286
89 40 729
63 10 528
50 88 218
58 30 541
74 56 111
7 11 741
55 64 38
33 22 971
17 27 343
52 82 84
44 80 85
53 30 125
40 17 887
21 80 889
29 60 246
2 30 177
75 22 484
54 34 1016
35 87 832
67 93 336
96 40 331
12 96 483
43 54 574
55 21 694
28 61 422
57 60 412
30 13 265
64 98 892
2 51 545
47 56 831
86 56 97
33 60 544
39 55 1008
59 71 350
20 62 1004
79 96 32
91 30 440
40 43 170
90 57 885
98 58 638
17 90 221
71 67 706
41 86 444
55 12 1002
2 65 373
31 26 703
74 65 93
82 71 584
39 79 274
67 36 523
56 79 279
22 54 995
59 19 566
22 90 358
86 85 764
64 57 165
28 72 148
51 25 573
81 20 954
16 12 445
94 61 111
99 77 818
17 12 191
7 92 549
99 12 608
70 81 71
47 75 451
66 98 953
30 64 833
90 96 248
66 83 94
30 43 692
73 14 809
49 6 767
12 35 909
44 28 907
18 100 529
68 22 975
83 24 192
79 93 321
13 56 962
8 70 728
21 48 209
78 84 733
12 14 33
91 42 597
90 92 540
11 88 110
86 50 877
79 40 959
86 72 789
54 51 509
89 5 781
2 7 510
96 73 273
87 35 464
75 14 853
24 60 716
15 40 853
38 99 131
10 70 669
60 100 775
16 2 229
23 81 469
95 23 1023
81 8 118
94 83 604
53 68 778
45 90 153
43 43 668
64 33 957
15 77 367
16 27 778
48 66 894
22 58 716
30 45 162
12 70 743
31 70 888
20 92 93
14 81 637
46 8 279
23 96 494
66 58 123
75 95 822
71 79 43
41 43 924
10 100 935
53 62 465
34 68 337
93 68 1002
88 31 748
82 8 1022
40 52 1022
34 43 540
12 8 214
54 1 837
6 58 277
67 44 338
87 2 790
6 74 975
37 43 467
96 34 306
100 77 240
42 38 779
1 74 664
54 80 1028
11 78 933
54 85 238
81 41 895
23 29 100
8 5 788
36 14 984
26 14 483
99 99 76
30 48 129
7 51 182
43 10 844
78 52 956
7 74 36
63 31 210
28 36 117
93 40 805
91 38 430
39 88 528
41 39 609
2 4 567
90 22 709
93 48 146
66 53 824
49 85 882
36 71 244
28 45 471
65 96 1015
4 45 805
42 23 895
45 59 835
18 37 889
65 5 678
70 98 770
76 14 888
73 6 623
13 16 618
87 81 1021
46 37 1014
34 95 58
38 94 728
87 86 892
87 43 613
52 52 366
9 96 294
98 68 466
66 55 985
46 46 997
34 29 784
81 9 881
74 6 966
53 2 242
4 89 781
100 52 632
19 39 293
73 94 690
70 60 655
51 65 52
11 67 38
68 3 118
86 28 643
39 91 1002
28 41 806
31 95 210
70 9 861
63 68 31
74 45 603
91 18 625
11 64 937
90 77 656
25 75 732
71 6 359
79 88 889
43 13 272
12 7 46
89 3 888
52 61 296
80 86 559
79 48 448
54 49 232
11 29 957
86 19 758
98 61 756
56 28 250
22 50 501
7 78 353
7 48 132
55 1 163
36 27 516
93 3 76
5 80 114
84 99 463
68 81 719
70 52 280
99 26 702
98 79 960
99 11 66
25 48 73
52 96 308
6 93 334
85 76 526
35 61 183
16 1 966
19 50 86
44 73 807
74 3 305
85 90 703
32 84 553
79 61 429
24 64 581
11 16 1023
11 51 609
91 61 89
81 85 763
64 7 399
77 5 482
92 7 761
55 15 984
70 59 234
73 37 297
30 35 507
16 98 171
76 9 608
60 41 98
18 61 1030
81 42 622
95 47 213
5 3 420
27 97 661
25 38 391
85 67 358
25 34 133
85 34 444
48 49 461
88 26 414
42 15 660
10 74 664
59 56 709
96 68 135
14 95 511
47 97 895
32 10 371
32 92 307
75 96 155
1 31 996
67 61 783
40 46 777
48 24 186
15 81 544
10 61 991
6 26 104
68 66 303
59 95 586
6 19 370
37 84 244
49 88 744
70 42 854
62 68 316
39 93 925
57 17 682
69 64 312
52 77 869
91 43 705
72 69 872
91 6 573
36 52 134
4 55 125
28 26 181
91 59 931
20 97 499
62 24 202
88 98 792
85 70 368
5 11 85
13 9 499
20 3 286
97 5 90
3 25 160
26 96 979
45 99 879
56 53 715
60 31 220
20 52 733
74 7 798
78 18 417
34 57 913
58 38 919
53 86 273
14 47 299
12 47 174
16 31 770
99 72 225
50 75 137
8 42 256
78 80 382
86 14 959
23 54 593
60 96 750
6 16 955
4 59 320
34 51 183
6 45 950
32 3 48
25 81 649
56 32 657
69 12 186
22 74 671
17 46 593
43 63 309
45 67 612
42 86 197
44 4 254
24 22 485
55 100 361
19 7 916
92 47 384
89 61 357
62 82 726
76 12 110
42 45 1004
28 12 149
83 35 90
56 42 933
56 24 609
14 10 115
61 15 733
21 42 377
55 89 117
18 68 879
63 41 1006
26 11 948
5 25 809
29 55 364
38 39 971
33 26 569
52 26 323
45 2 393
55 71 1007
77 67 332
53 45 943
97 71 128
90 25 565
81 91 368
59 29 865
84 74 749
37 36 101
59 12 245
25 65 651
69 29 379
99 98 331
69 95 789
45 81 838
35 71 179
15 5 160
88 23 218
75 45 553
38 11 142
31 32 477
28 85 945
55 2 315
81 32 545
56 71 460
100 45 299
63 8 74
46 78 111
29 24 65
13 90 847
8 7 426
63 24 155
94 38 231
16 19 612
61 88 367
68 83 918
97 15 480
72 49 377
14 65 606
20 61 818
14 82 477
37 58 38
32 28 761
14 15 621
29 65 241
29 11 489
39 72 445
46 16 821
73 46 865
87 37 997
3 99 962
66 57 490
3 87 319
80 82 264
4 48 721
34 76 559
34 92 255
49 82 1009
95 68 754
83 34 178
33 66 465
89 77 119
28 17 136
61 50 91
9 92 770
36 21 973
79 45 59
12 76 292
79 51 193
65 99 139
82 85 721
58 25 205
75 31 993
68 82 685
40 77 393
36 5 480
11 18 158
12 88 547
48 30 411
24 4 92
54 19 402
96 12 628
30 66 1003
6 28 922
62 29 561
79 56 497
11 94 59
32 95 735
35 57 134
17 77 563
82 1 759
62 93 288
90 75 445
98 93 258
43 74 636
5 15 798
100 72 500
8 27 431
87 54 117
15 87 522
15 67 890
59 76 523
86 90 784
78 17 826
51 74 423
18 94 465
41 63 822
67 15 873
59 44 318
25 55 32
41 53 257
9 48 542
27 79 174
41 70 843
8 13 101
3 100 373
58 53 583
5 20 459
57 98 610
57 9 450
48 2 910
26 97 244
47 9 570
10 13 63
22 35 417
73 30 776
25 82 279
97 11 488
94 42 192
55 62 200
56 93 308
4 6 908
12 98 433
76 30 732
91 14 415
25 14 87
76 84 260
39 60 66
88 14 769
69 67 732
37 78 159
2 14 121
15 22 311
37 55 635
20 36 521
24 11 549
58 91 489
83 17 313
49 19 300
78 99 569
91 89 857
13 22 558
19 78 624
7 21 160
17 91 679
7 49 54
85 93 212
2 75 380
72 96 962
70 86 363
32 91 383
9 84 147
29 13 65
19 13 71
20 89 939
85 55 483
71 87 206
34 96 176
25 100 186
60 16 869
25 3 477
37 95 558
77 4 628
46 71 147
69 74 1010
23 79 147
61 54 884
8 58 539
77 95 575
72 22 199
27 19 387
49 36 164
22 67 61
52 36 429
6 89 903
8 64 463
66 72 571
13 57 930
7 53 952
28 21 81
86 10 630
52 41 378
75 64 51
90 48 308
62 40 67
70 39 484
22 13 397
94 63 955
70 36 983
32 35 133
24 82 818
66 2 369
29 74 256
29 3 682
68 40 672
7 93 85
19 11 406
81 36 179
2 42 293
83 29 476
84 19 799
10 44 365
12 48 45
51 41 625
96 47 293
93 22 269
32 15 901
73 29 168
53 75 669
72 95 103
67 81 238
66 48 447
4 4 713
77 24 908
98 14 366
64 36 658
93 73 442
67 63 466
13 87 519
94 95 642
38 26 731
13 55 735
79 42 811
14 22 461
39 33 224
53 20 716
40 8 734
86 71 47
48 1 692
43 96 684
68 96 617
74 52 106
16 85 771
37 15 849
21 60 562
40 98 752
100 1 705
22 69 196
22 30 81
17 83 128
13 70 722
16 45 841
100 85 715
14 55 382
26 39 470
23 60 390
23 86 281
92 51 632
56 51 575
77 42 592
73 53 156
10 89 971
64 40 171
54 79 536
14 90 261
99 92 735
50 46 310
2 69 1001
4 65 525
50 3 860
29 88 694
59 93 409
100 76 363
43 80 276
88 11 526
8 81 927
73 28 529
50 29 132
100 13 230
87 76 219
31 54 747
90 35 856
100 31 399
33 79 538
60 29 946
40 31 518
98 81 519
62 81 723
37 21 774
43 90 812
32 16 343
67 94 652
49 14 741
27 21 241
56 36 825
38 75 284
70 64 475
2 8 525
23 4 86
12 85 175
79 49 169
72 71 400
58 43 918
45 37 245
72 42 352
87 87 341
94 81 962
34 32 538
82 22 749
4 92 327
31 19 487
68 85 296
61 58 793
99 68 464
19 84 895
2 91 444
24 61 929
67 10 310
97 30 266
15 38 802
51 56 832
8 18 151
75 51 1012
78 22 562
16 49 516
96 87 854
51 40 220
22 94 78
80 91 482
83 23 194
31 9 901
11 69 617
78 96 693
16 71 551
56 12 646
68 4 948
28 81 382
2 96 961
62 67 43
83 53 526
30 67 688
100 87 766
63 54 881
67 23 188
18 59 455
47 68 367
74 50 283
44 9 598
11 19 880
49 54 309
55 56 60
77 66 322
36 90 488
3 27 957
75 4 581
88 9 55
49 76 894
67 25 390
72 3 852
79 84 800
44 76 906
34 33 383
12 60 770
63 84 224
66 87 97
2 26 311
78 37 511
33 58 577
16 80 300
91 55 178
76 59 74
87 98 59
70 44 470
96 83 974
32 63 227
90 61 705
69 82 37
75 81 252
34 24 995
31 52 370
26 43 656
36 96 777
90 66 933
72 62 202
86 58 97
98 84 329
31 42 70
87 80 264
90 19 297
33 96 280
28 42 405
94 96 92
55 68 981
64 86 704
48 36 741
41 75 990
5 86 869
94 14 690
8 78 515
46 3 721
81 14 84
56 73 983
41 15 776
60 67 331
98 5 318
36 32 722
49 44 874
76 35 519
53 19 559
55 9 167
45 19 692
59 64 299
25 64 992
81 51 651
64 95 600
59 90 736
93 78 784
11 58 159
71 94 163
37 27 470
55 41 789
33 70 91
36 43 867
82 12 599
23 69 263
52 23 221
9 3 66
55 36 576
81 27 499
21 85 535
82 88 989
45 89 742
9 9 629
77 41 662
51 84 36
93 16 96
3 88 482
42 98 403
94 77 236
34 41 238
42 91 735
83 75 295
18 80 623
88 37 474
3 54 31
39 25 723
26 28 341
76 52 995
4 57 737
96 65 330
39 69 963
13 85 204
92 77 638
85 72 394
61 64 297
89 26 335
40 91 1012
97 97 639
61 48 495
93 17 240
65 93 384
4 75 1000
29 31 360
19 64 148
66 89 736
49 48 948
6 98 428
22 59 496
66 12 688
74 97 504
82 95 347
46 65 375
10 79 964
65 10 935
76 67 908
24 93 374
41 6 399
88 74 899
52 70 880
25 85 677
3 71 898
98 22 359
42 21 968
3 78 373
21 7 489
13 50 317
70 71 440
43 39 181
13 40 868
49 39 971
71 58 195
92 87 949
65 76 798
94 18 491
100 29 493
2 15 813
72 24 278
62 26 447
53 15 990
49 71 654
87 41 1025
62 8 916
31 68 32
59 82 277
73 65 177
49 12 130
26 80 801
41 91 114
47 14 566
18 38 157
10 32 457
70 69 795
89 23 756
71 69 386
35 67 497
98 66 1021
77 88 369
68 71 395
33 7 287
22 85 633
5 63 302
74 27 212
48 52 481
68 59 569
35 77 939
52 68 725
92 6 174
72 78 622
56 81 854
18 52 728
96 85 532
99 35 505
58 26 704
34 86 672
1 33 258
59 28 561
80 100 352
90 67 237
41 64 345
89 17 208
86 68 103
38 89 261
80 76 193
98 83 450
13 97 339
30 80 131
73 59 360
89 89 124
99 75 664
35 47 890
54 20 200
43 2 738
18 64 175
52 35 454
48 95 104
80 48 116
78 70 617
5 4 606
51 15 656
70 85 290
24 92 744
87 36 338
74 11 107
68 84 259
92 36 137
13 23 1027
68 50 656
67 34 711
58 99 532
45 58 255
7 35 394
64 90 834
51 49 601
73 45 292
22 22 56
96 52 824
82 32 806
90 10 981
24 25 377
38 61 135
79 16 329
27 86 44
23 99 595
45 25 567
48 18 241
31 93 888
15 86 121
76 88 653
100 86 142
60 42 1017
76 41 154
13 54 684
12 18 1011
36 7 185
5 69 481
49 26 428
86 17 58
73 39 873
10 2 448
91 15 659
97 68 786
66 100 451
72 55 562
92 5 849
18 55 753
86 82 401
76 76 286
77 46 710
68 15 1019
49 3 312
1 23 608
7 54 825
26 75 142
85 94 345
34 17 545
56 46 746
61 41 446
84 7 152
81 16 314
100 95 331
74 58 581
79 97 906
24 63 429
59 97 265
76 11 396
19 14 48
87 50 983
33 2 163
90 52 1014
86 79 87
49 29 117
45 64 92
7 29 1003
33 80 778
25 37 50
40 7 181
41 92 619
44 75 851
74 84 693
3 70 978
18 84 78
98 56 474
77 55 33
66 74 117
20 58 493
78 61 283
44 22 1014
27 84 509
48 83 483
83 83 37
38 78 406
70 66 232
27 29 897
87 33 968
36 77 45
9 12 614
92 91 1009
26 95 935
8 53 534
38 28 517
17 100 206
83 1 350
63 19 319
95 56 345
23 71 284
35 54 1019
25 32 779
71 88 522
23 91 547
2 29 607
1 5 144
54 76 160
72 16 94
28 82 408
3 75 377
86 23 811
15 83 857
96 59 631
100 24 832
27 5 385
94 21 138
75 98 309
62 22 836
11 1 287
76 10 772
58 36 796
68 89 511
96 96 757
16 3 135
65 34 528
59 46 315
59 2 303
20 96 665
56 61 540
96 93 150
37 68 69
85 46 412
72 99 874
63 23 490
61 79 486
56 13 697
17 75 216
9 46 223
76 93 643
74 88 629
96 48 301
3 97 463
33 5 522
69 5 906
4 44 166
21 72 994
53 35 747
52 57 920
48 41 616
26 35 754
86 94 103
33 57 346
40 61 970
74 77 634
30 19 586
22 56 637
53 95 237
88 70 488
81 43 114
2 38 651
58 54 940
29 25 324
42 64 780
70 19 920
95 81 427
41 87 848
11 97 153
5 32 692
94 52 572
99 13 725
23 6 934
38 56 163
57 97 256
31 11 577
63 59 1017
50 51 852
81 12 114
84 5 1018
48 100 911
53 3 110
60 87 684
29 49 960
57 29 322
70 37 124
27 76 456
80 88 538
19 93 843
34 84 954
44 12 632
25 56 960
78 100 269
67 46 327
42 71 797
50 84 275
89 91 752
82 55 483
17 79 601
100 10 387
63 11 682
70 92 178
70 30 1002
89 45 997
72 89 239
15 10 340
69 62 1029
99 85 662
8 41 430
62 91 244
69 15 534
13 33 300
1 93 289
62 3 112
24 53 926
60 36 247
100 35 645
95 86 205
86 99 526
99 81 187
65 85 130
50 6 298
44 98 263
48 45 377
83 61 252
70 28 811
55 54 762
53 49 756
69 57 344
75 24 260
90 56 1009
32 39 346
44 60 946
23 92 228
76 23 649
77 100 103
34 15 155
42 28 340
25 88 886
17 8 776
55 75 614
57 88 393
31 6 515
30 31 543
44 7 619
23 68 604
19 53 161
26 50 485
42 52 807
29 66 372
86 51 628
68 63 658
75 3 540
42 76 535
96 24 741
45 31 159
82 53 36
86 30 687
51 71 1028
53 69 608
15 48 46
96 62 539
37 41 381
91 31 918
43 88 215
24 44 596
47 94 33
67 71 184
14 38 236
23 73 703
36 81 171
76 83 567
78 76 455
47 47 557
42 65 52
58 20 73
47 78 539
100 42 75
82 30 510
57 55 837
72 39 766
18 18 425
82 39 523
1 35 364
20 78 651
49 38 960
98 60 306
92 56 425
21 87 176
75 93 557
66 28 366
83 74 137
73 66 406
59 52 740
88 72 140
26 53 111
85 28 860
72 46 221
51 33 795
94 66 394
45 27 966
20 69 364
48 98 389
21 76 826
85 88 248
69 4 871
59 86 322
76 49 50
3 37 843
90 83 740
58 68 1007
55 79 279
83 26 478
80 65 998
19 82 337
22 23 373
7 66 793
8 85 351
96 49 127
30 58 181
97 87 270
27 35 828
72 2 265
73 85 556
69 75 580
3 24 129
84 27 955
36 17 559
95 33 274
49 20 1023
65 80 646
1 46 434
86 24 110
20 44 135
69 96 685
48 72 787
64 100 322
48 44 257
67 88 604
98 4 352
44 59 616
67 39 68
62 43 453
54 35 470
77 86 338
72 64 601
60 37 648
15 58 67
73 43 864
63 81 259
5 55 777
85 49 339
19 41 549
61 1 803
10 78 556
46 47 180
56 83 239
50 17 405
82 97 377
89 44 940
37 4 196
29 22 981
29 94 651
36 95 612
65 73 209
12 22 670
14 56 223
11 54 924
54 15 1006
57 81 594
30 83 282
24 3 511
15 6 743
48 43 706
3 35 904
9 29 817
23 56 1027
37 22 940
40 54 470
27 15 345
47 79 508
41 55 822
28 28 470
8 66 824
63 63 232
33 16 307
12 65 198
26 79 289
92 62 715
55 74 646
21 67 73
35 21 980
50 97 694
75 27 426
91 46 484
83 89 372
73 18 563
80 8 960
99 3 714
19 52 34
67 16 620
45 63 370
91 16 896
34 21 207
51 5 889
95 59 162
5 71 700
23 16 568
86 7 734
85 81 520
57 57 566
62 16 699
20 99 602
7 88 696
29 9 950
55 76 406
29 68 436
42 92 162
9 13 518
59 36 79
98 1 150
7 73 308
34 48 237
99 31 643
18 89 765
85 83 646
94 30 150
37 61 535
49 49 976
36 49 684
89 69 142
61 46 839
8 4 797
91 17 831
31 3 829
55 94 676
55 39 512
21 15 688
41 34 308
95 84 850
99 48 886
89 82 641
84 16 795
56 43 273
89 12 346
22 89 470
5 8 962
56 57 556
58 71 572
39 36 675
6 53 915
90 72 798
84 67 787
96 82 43
36 73 683
96 4 805
4 81 261
74 23 868
52 69 326
87 14 983
91 50 673
15 18 978
33 74 119
66 38 403
38 91 750
73 99 284
95 37 188
16 84 513
81 88 116
30 82 255
47 29 45
73 69 559
4 64 856
71 24 637
59 33 410
94 68 956
33 53 1023
14 29 903
94 44 833
55 85 603
70 62 917
16 35 792
19 92 524
24 36 417
52 9 749
95 11 162
19 63 307
55 88 568
68 74 374
96 15 444
31 76 535
96 11 550
39 4 702
75 42 120
83 12 243
45 43 295
46 9 459
19 4 165
86 69 585
13 74 80
24 45 610
21 6 596
32 70 970
27 34 604
97 45 300
61 12 504
99 47 372
14 74 395
71 39 1026
41 79 946
26 4 929
70 74 107
47 2 756
58 75 412
23 19 124
89 48 305
35 42 458
99 53 674
77 20 144
32 19 136
5 47 562
6 72 383
33 6 1029
51 51 338
44 5 601
1 82 887
54 25 895
25 91 893
95 48 821
42 79 604
65 84 809
70 34 66
97 23 601
35 50 346
11 66 46
1 80 551
49 22 776
79 95 970
14 25 563
48 61 928
11 50 969
56 22 366
57 37 118
74 5 652
53 77 963
26 74 515
20 66 415
45 98 546
57 95 259
86 4 794
96 79 1012
52 100 120
28 84 593
2 21 997
19 5 122
16 72 893
63 1 89
28 76 745
31 92 681
22 70 818
100 3 524
51 92 171
35 6 422
7 72 150
11 15 803
35 88 588
53 56 829
74 43 860
76 37 633
67 29 532
72 21 882
95 92 968
61 16 274
90 58 537
38 37 418
80 18 823
68 72 996
97 73 272
69 77 90
60 66 1014
75 10 1008
84 68 869
50 8 458
88 34 186
77 21 767
94 13 556
18 31 988
84 14 1023
93 44 434
60 82 108
19 61 743
24 56 280
90 15 419
72 92 260
38 84 378
14 17 905
26 30 416
93 92 834
48 93 537
29 19 912
19 42 400
77 11 259
60 58 283
16 66 800
97 51 813
40 6 838
32 12 382
2 46 829
43 15 58
24 55 728
44 87 689
36 76 749
1 97 299
4 79 714
9 38 762
73 89 901
18 88 733
90 16 229
25 99 252
63 57 738
39 27 34
35 96 169
55 63 724
44 33 685
1 91 526
14 62 199
23 70 675
49 25 337
96 63 527
89 99 931
42 56 614
3 76 382
24 72 947
100 79 969
73 17 531
3 66 404
80 50 115
35 85 1016
63 36 1009
34 53 963
64 43 939
91 82 938
52 17 452
66 77 170
100 39 864
37 76 843
72 54 629
76 38 391
19 46 477
52 54 840
68 27 682
97 66 986
26 25 651
80 4 84
93 1 334
98 99 422
35 12 345
81 58 1021
12 19 42
53 94 958
96 2 414
96 5 483
46 48 675
57 63 672
14 5 406
33 17 138
3 28 423
21 38 814
72 29 773
76 25 415
38 18 861
94 46 517
10 5 183
38 50 315
48 5 269
38 41 944
83 76 1016
12 71 186
92 60 857
69 45 37
38 27 413
83 65 1002
88 17 796
37 53 205
93 91 594
33 56 694
61 93 431
31 100 665
38 85 820
64 67 188
29 39 525
97 4 560
50 30 47
92 94 435
48 57 727
40 9 412
2 78 647
11 33 300
43 30 477
44 83 969
52 16 216
64 48 268
50 2 121
82 72 141
59 14 611
93 53 798
8 90 642
47 87 539
94 76 625
48 67 588
19 77 289
10 87 918
75 19 742
27 87 452
69 50 96
39 64 703
1 19 716
67 77 462
96 35 409
35 66 469
54 30 430
40 51 805
41 17 883
4 41 851
80 33 290
99 18 367
75 1 319
40 79 585
57 70 333
89 43 120
57 96 211
49 68 751
81 79 307
51 67 386
82 15 810
60 69 971
29 71 962
98 7 670
92 49 456
39 29 796
59 50 52
56 33 333
63 39 583
77 18 485
97 10 66
77 33 906
25 10 355
6 27 947
55 48 237
84 69 695
6 75 339
37 65 681
30 12 377
14 40 947
1 32 900
48 39 905
68 55 611
91 8 294
65 68 661
11 92 946
74 90 582
13 6 163
77 51 976
8 20 150
98 94 802
53 26 601
12 41 469
32 23 59
73 11 275
65 26 221
6 30 931
12 62 904
78 51 604
43 11 106
65 39 569
5 26 625
34 78 41
96 3 846
33 55 570
35 29 202
56 52 79
66 27 781
69 81 119
98 43 323
100 58 357
41 85 704
95 76 958
75 48 942
4 99 284
21 43 1001
59 4 609
91 92 352
33 85 772
90 63 769
49 78 855
96 76 830
46 81 307
41 4 1011
44 82 831
36 56 989
86 40 463
16 36 831
13 96 564
20 6 907
68 6 994
59 38 117
88 58 627
83 3 1002
30 36 281
87 64 393
92 80 1012
81 18 231
92 42 790
1 37 929
72 76 914
81 72 438
83 95 626
70 45 808
86 59 138
65 92 276
82 93 568
12 2 943
61 86 1006
84 94 429
78 89 162
75 66 696
85 25 566
77 23 703
24 81 700
77 94 275
28 59 886
13 34 571
6 84 483
46 67 218
40 20 321
62 92 1006
73 80 134
47 93 377
5 48 205
90 40 432
25 92 997
92 31 602
24 48 900
95 38 963
86 65 602
65 20 64
65 43 236
58 41 589
5 16 387
97 17 191
40 35 32
71 59 957
18 28 448
7 60 523
24 31 69
43 64 406
86 70 870
93 37 543
62 49 500
96 51 596
6 29 635
33 98 157
92 90 174
75 80 33
38 55 356
91 49 635
27 62 165
27 31 657
77 48 570
2 31 71
43 26 156
74 28 647
28 53 821
73 73 711
87 63 811
69 42 289
16 81 116
19 68 644
1 9 801
54 2 797
83 77 950
26 52 95
67 13 568
27 83 39
12 6 139
65 24 365
89 35 229
11 95 1025
72 97 50
19 20 220
83 57 1019
65 65 637
13 100 994
99 50 155
76 82 795
22 77 702
19 48 64
38 38 436
94 78 606
11 36 188
84 20 304
43 67 925
95 82 522
78 71 784
54 94 212
53 28 633
90 33 903
19 60 240
54 17 886
73 90 496
91 36 531
98 74 292
77 76 497
61 49 849
20 10 539
77 34 963
64 34 387
43 29 430
30 69 54
70 53 735
43 66 887
70 32 236
70 51 112
80 11 624
96 89 643
82 73 1030
15 30 58
64 4 564
68 8 493
34 16 514
65 21 808
15 54 329
77 47 599
66 11 530
19 37 758
51 28 373
54 13 467
14 27 282
81 10 650
54 39 535
7 37 699
6 5 666
16 4 942
26 51 459
14 78 149
93 72 719
5 61 922
31 12 427
92 83 940
30 87 373
19 8 226
23 43 284
79 6 789
81 87 705
10 57 382
34 97 847
94 88 340
78 88 918
37 35 300
79 89 318
37 47 892
75 73 522
67 54 597
51 19 242
36 55 189
70 24 319
10 11 55
9 24 386
9 39 48
53 72 630
58 90 1008
76 1 74
43 21 576
49 31 424
24 19 311
86 44 432
9 51 42
24 94 250
86 62 890
76 39 194
28 83 951
48 80 579
31 25 273
49 5 273
94 22 581
39 41 389
1 44 765
62 56 127
1 71 312
35 92 239
14 92 119
91 86 918
95 28 148
5 45 449
18 5 338
62 39 176
39 21 890
82 29 990
25 17 424
89 74 380
85 92 926
79 54 131
36 13 708
26 10 526
13 8 339
33 68 359
13 79 749
82 25 431
11 85 1017
3 32 757
8 84 342
41 69 85
8 49 997
38 67 181
97 44 374
81 82 711
96 71 876
69 93 754
89 47 886
37 13 326
4 15 933
98 6 681
58 49 961
28 94 825
92 98 373
85 73 633
31 28 102
39 70 882
12 24 403
17 56 417
11 45 254
33 82 264
63 30 359
32 33 120
7 5 659
80 46 1022
88 85 890
90 28 558
86 3 519
36 70 1029
39 53 72
20 33 757
52 75 119
8 55 202
54 46 1009
38 57 540
17 36 727
20 24 68
41 74 905
60 6 841
65 47 298
97 25 388
71 65 459
22 15 117
30 76 1022
40 62 328
13 37 599
70 99 439
93 75 262
58 3 511
60 20 610
35 64 431
59 92 1013
21 41 529
59 17 533
50 20 419
4 100 63
37 3 820
8 82 565
15 16 463
16 5 445
32 7 153
20 79 811
40 19 38
39 52 487
93 93 642
60 25 390
27 9 60
93 52 926
34 73 831
53 81 251
96 1 380
75 52 173
52 11 798
60 93 657
29 42 928
69 11 925
93 64 280
73 36 113
62 47 165
14 96 820
28 58 842
59 41 853
1 39 815
63 85 643
26 34 163
61 68 156
7 3 628
55 92 741
44 29 106
53 93 823
33 29 121
23 66 331
92 63 446
60 40 471
14 89 784
57 52 490
86 27 996
30 71 740
84 42 544
65 32 36
82 33 269
25 52 950
64 45 541
5 98 52
56 9 617
34 75 674
5 36 411
98 49 640
30 55 375
50 5 672
2 76 335
46 39 559
95 60 175
64 74 919
65 83 675
71 81 619
47 37 420
85 66 973
94 62 464
35 17 319
8 57 247
60 71 445
92 11 111
29 52 481
46 95 827
7 34 363
68 68 759
92 72 939
45 4 98
14 66 812
76 46 823
28 97 714
22 45 494
26 58 97
5 39 351
60 7 195
60 68 691
25 49 435
71 93 900
19 76 676
15 92 855
44 52 1028
32 8 260
70 29 392
28 93 848
95 5 908
95 9 267
87 79 43
58 100 483
61 97 98
39 81 694
19 43 325
63 60 294
67 89 1022
6 38 263
32 77 867
28 44 224
65 79 975
54 22 637
30 59 256
67 43 883
91 66 388
67 2 120
62 96 551
19 2 678
88 38 408
32 9 672
5 68 737
64 93 42
58 45 471
75 2 390
14 39 677
78 28 1016
87 69 70
54 27 453
46 90 158
42 31 373
85 91 757
47 10 785
46 88 684
25 26 597
46 17 575
24 39 913
85 64 904
27 42 198
88 96 334
77 73 832
16 26 339
48 70 458
65 57 81
40 66 289
28 88 651
100 89 438
77 49 466
20 7 382
8 89 522
78 34 794
96 44 670
80 39 761
20 11 793
60 19 520
67 57 499
26 1 478
43 100 606
62 85 768
72 100 447
48 82 226
56 50 786
56 90 604
8 37 862
7 65 987
22 29 381
76 71 109
63 29 93
37 11 858
86 18 505
16 74 68
80 30 75
61 81 434
71 78 845
97 90 611
66 64 347
82 83 63
64 79 79
6 10 518
21 13 101
98 80 643
60 57 265
50 89 250
58 62 764
92 95 324
71 43 657
4 22 720
66 10 567
78 32 572
65 30 941
5 49 301
61 17 150
23 50 962
11 21 63
93 99 589
19 6 283
49 87 308
65 6 513
32 67 315
93 31 1009
85 6 453
90 11 177
58 24 847
44 1 347
90 30 311
71 46 976
89 83 887
10 29 318
92 59 312
98 82 756
60 80 192
83 48 833
35 16 591
70 80 734
51 60 735
11 53 987
21 34 448
54 11 439
48 86 481
80 90 68
48 91 39
12 58 186
64 66 768
49 83 230
82 49 856
93 20 324
34 9 324
69 27 745
79 35 392
44 72 656
27 23 119
18 19 1030
87 29 1012
59 74 571
67 67 563
86 91 749
46 19 248
69 44 226
91 85 721
85 74 447
3 73 868
83 6 938
57 46 424
66 49 501
71 45 786
41 62 49
85 9 95
69 100 715
42 68 758
14 6 742
20 13 196
17 58 679
47 62 835
95 32 309
92 39 226
5 57 948
66 73 189
17 10 573
84 37 541
41 48 534
5 13 199
15 13 870
76 17 87
59 48 733
49 95 880
39 13 744
75 75 360
74 78 796
38 98 888
51 38 193
73 41 492
10 50 93
7 7 166
89 49 254
85 17 90
26 78 502
67 48 226
69 94 420
5 83 626
54 45 58
13 81 219
86 29 73
89 22 661
6 33 449
35 4 286
82 99 411
10 35 797
54 62 102
86 2 707
71 91 908
45 73 793
77 92 333
81 47 990
31 79 225
67 18 246
68 47 252
68 39 737
58 16 1028
83 78 50
26 33 494
76 24 803
94 40 308
92 61 1026
46 68 913
75 88 370
51 95 777
88 67 400
5 22 453
29 46 934
68 23 610
50 33 546
18 15 627
57 6 672
11 80 499
6 78 57
24 100 307
97 74 795
43 78 399
65 9 1027
85 48 827
42 42 596
21 10 604
51 88 314
50 65 819
52 1 91
60 50 733
96 17 50
47 64 36
95 12 454
88 29 890
49 2 331
36 85 952
32 90 803
85 2 825
34 5 229
50 76 240
65 81 436
76 4 34
4 63 280
57 15 167
42 36 515
19 59 351
60 83 654
61 30 486
17 28 622
92 37 355
72 94 604
27 98 321
91 20 260
2 92 801
92 14 643
81 38 459
74 63 403
23 53 774
5 44 41
24 73 96
83 36 340
59 32 331
73 4 411
26 100 85
43 32 528
15 98 684
62 6 660
50 67 127
71 21 286
26 7 516
47 36 593
78 85 992
27 39 734
50 64 762
13 94 1011
4 87 438
57 100 361
63 37 487
50 52 264
35 65 362
40 39 618
55 22 653
79 71 367
65 31 598
16 13 554
4 69 910
72 85 774
40 45 808
30 84 180
3 7 871
5 31 977
28 67 176
10 86 706
22 9 470
42 88 337
95 34 440
31 77 47
75 54 118
11 55 709
17 47 190
13 38 349
98 13 676
98 62 806
31 71 99
12 78 275
66 8 249
12 67 359
96 97 342
34 11 373
64 55 779
71 25 43
90 6 608
70 2 372
15 3 772
16 59 580
92 85 64
2 27 159
56 27 445
85 21 230
39 62 271
4 51 139
51 75 990
71 26 522
46 28 496
100 61 430
4 7 719
21 21 766
72 81 485
3 33 189
26 45 82
49 81 491
9 32 236
67 20 87
87 7 891
52 72 134
36 63 736
19 21 712
86 49 615
66 9 983
49 66 531
21 23 491
88 15 896
74 76 266
40 85 754
12 66 737
21 55 593
94 47 230
31 1 596
58 88 1007
42 11 532
60 70 223
61 47 786
67 9 597
74 40 117
93 67 255
91 19 714
6 97 60
6 14 372
94 90 402
25 35 905
23 90 64
31 57 676
22 95 343
89 19 916
59 55 560
68 77 455
52 80 806
28 39 590
36 37 512
31 49 595
1 86 1016
7 15 56
6 54 1000
97 65 38
81 62 53
32 25 136
17 61 742
78 2 236
74 59 957
44 77 926
49 99 78
24 68 511
75 72 243
65 98 607
24 24 937
52 71 610
50 18 105
8 71 954
19 94 130
36 41 461
6 20 284
24 46 587
71 10 99
71 7 941
11 89 100
82 42 35
28 50 993
48 60 668
8 77 965
70 46 32
8 33 703
46 14 541
85 45 731
78 1 341
79 63 175
44 64 430
57 74 437
70 67 35
44 96 273
40 48 821
41 59 757
55 55 334
7 26 812
44 48 502
46 77 276
71 84 572
37 40 928
42 50 632
73 38 431
98 96 132
10 34 612
49 84 335
82 2 571
6 70 191
10 63 232
47 63 380
8 21 852
3 23 924
81 92 96
64 96 705
81 65 686
2 77 90
79 80 108
52 53 806
26 47 814
84 38 616
11 3 307
34 37 958
13 14 274
65 89 353
11 72 1004
82 59 690
36 88 612
93 81 374
13 59 1001
62 30 289
3 52 853
26 77 869
87 27 232
91 72 937
78 5 1018
11 49 206
69 71 450
7 96 163
37 6 263
40 28 477
69 18 579
95 71 56
7 24 143
30 30 675
34 69 265
82 44 895
99 96 525
4 80 132
23 52 779
27 60 932
96 94 613
39 10 146
2 36 580
6 25 37
2 49 298
61 2 496
16 51 1017
92 66 290
97 7 647
51 85 869
84 15 987
36 92 554
92 22 256
74 80 548
93 18 949
29 56 998
5 7 948
62 86 468
83 11 703
99 51 44
79 72 860
11 41 434
41 47 532
3 49 836
40 86 1006
3 11 867
75 74 1002
25 40 337
88 24 466
46 52 776
75 77 955
21 79 489
21 36 630
7 12 684
32 18 664
86 100 936
22 99 608
85 53 529
84 98 487
55 45 155
83 66 848
20 64 581
40 10 533
9 43 813
50 73 544
50 78 451
100 56 37
1 62 394
45 86 977
63 3 883
35 8 737
2 3 837
79 23 287
86 81 788
91 60 939
40 74 840
44 61 802
51 68 779
94 72 694
69 80 395
49 37 226
61 98 411
56 74 853
9 59 776
74 94 727
46 57 818
25 74 564
14 69 32
72 72 692
97 47 379
32 58 234
41 12 815
74 26 584
94 79 160
42 80 973
64 42 806
73 97 403
84 82 586
45 42 125
37 50 416
44 85 641
61 59 45
58 31 408
50 34 663
91 28 454
93 13 398
47 51 986
83 13 399
62 69 342
45 66 717
55 32 536
38 9 797
2 40 131
14 61 530
30 16 669
90 34 1024
99 61 461
40 78 535
57 44 343
93 100 329
32 1 528
16 33 595
77 28 528
44 18 979
37 93 850
14 50 648
57 62 340
61 10 40
23 26 482
3 3 602
96 74 630
45 44 719
69 22 193
17 59 224
94 10 519
67 38 542
22 61 634
90 100 83
97 38 57
20 20 538
30 65 779
40 53 48
29 16 841
53 78 917
20 83 610
92 17 592
44 86 574
12 97 613
82 26 993
58 28 933
39 24 32
16 62 683
59 40 606
27 82 314
81 37 472
18 43 620
50 27 84
31 62 442
78 73 320
22 83 371
42 17 259
92 21 1028
81 11 199
86 15 54
62 60 628
89 33 737
5 14 736
25 63 277
51 23 521
66 26 125
29 47 332
3 83 213
70 58 668
27 67 907
89 66 212
23 18 729
69 19 347
3 53 475
61 42 277
15 17 798
28 5 727
19 24 558
41 83 421
58 82 118
77 98 640
81 94 861
23 40 863
27 17 1017
93 4 263
98 21 244
31 60 185
80 22 894
65 36 1003
79 92 715
95 30 261
80 58 431
53 24 98
56 3 94
100 78 742
23 45 574
4 62 1026
96 10 889
32 89 774
88 88 861
90 4 336
73 25 565
46 32 605
8 79 927
69 37 182
57 80 178
55 87 70
31 73 265
19 49 737
2 23 238
69 23 391
48 22 311
30 23 114
48 73 1009
73 60 515
21 18 945
95 26 716
66 79 1017
10 71 817
14 59 916
36 42 678
22 28 759
94 6 320
5 42 719
23 57 491
48 42 963
20 98 275
100 22 225
73 49 526
30 38 147
28 91 97
21 75 719
100 2 1018
50 99 447
58 77 407
26 32 302
15 100 174
93 61 304
35 79 175
9 19 54
63 6 626
61 74 877
43 61 326
8 16 820
91 88 398
2 56 390
81 52 134
57 22 528
86 57 375
68 53 165
54 56 935
75 6 386
95 65 442
11 37 223
47 40 344
55 84 442
45 26 400
2 81 305
9 71 936
44 62 509
12 5 280
22 52 291
7 32 698
1 51 80
14 30 731
42 7 78
42 47 798
88 1 462
92 13 261
10 33 934
41 100 442
43 1 548
24 1 500
54 48 913
85 54 725
31 21 767
84 52 260
48 34 999
32 48 551
85 86 686
33 21 709
39 73 915
44 67 492
38 16 41
37 37 221
91 4 389
11 35 773
35 19 457
100 69 621
15 79 621
3 22 510
63 75 157
77 30 704
97 72 299
75 62 698
48 94 464
43 62 119
44 50 328
70 76 273
64 89 535
18 54 577
47 27 400
18 95 528
32 14 124
90 36 998
76 79 893
25 76 888
53 18 783
41 23 1004
73 91 785
19 40 884
33 34 353
32 6 784
19 25 360
24 97 624
42 1 301
88 64 845
30 70 90
70 75 314
55 98 433
12 51 465
36 33 548
23 49 862
49 93 478
64 59 45
60 54 914
94 29 1014
14 49 611
84 3 726
37 39 611
44 95 471
95 27 186
40 88 829
20 71 275
88 60 32
37 92 487
91 87 1001
76 60 72
59 16 499
69 58 36
60 49 408
41 27 284
27 57 182
94 25 162
7 91 172
17 48 1018
64 72 739
64 2 587
20 19 98
47 24 500
78 19 840
99 95 700
55 46 870
22 62 148
45 70 1016
98 78 131
68 45 494
10 76 359
56 97 137
54 36 287
34 6 93
56 16 376
18 85 302
79 68 36
6 48 827
2 6 288
89 14 295
46 45 741
37 30 849
74 68 365
11 43 713
39 12 602
65 67 947
61 78 456
2 57 302
31 75 469
22 8 882
43 36 474
72 18 866
66 52 515
78 75 325
30 40 392
56 30 393
17 9 423
11 56 394
32 75 59
6 21 725
97 58 454
66 7 749
57 21 322
39 83 103
47 76 558
58 69 374
13 32 449
29 18 539
2 64 570
59 87 428
38 48 741
20 72 950
47 100 388
16 95 786
99 14 643
40 95 756
9 55 310
72 47 791
14 52 923
85 71 60
36 28 332
31 83 130
42 72 196
94 16 995
89 81 618
30 4 927
51 78 457
12 31 329
82 66 406
4 38 995
87 39 658
17 65 538
47 80 40
29 79 169
78 59 32
43 87 241
17 3 522
31 29 65
45 6 891
10 65 929
16 75 101
41 50 612
69 85 565
47 6 47
4 18 954
20 17 598
45 83 407
8 48 448
24 90 1018
98 12 399
18 58 36
54 93 628
11 9 896
97 52 549
68 37 923
31 5 46
9 95 932
70 12 437
84 34 1023
20 59 480
12 27 153
75 33 361
1 50 282
45 46 135
30 39 838
6 63 105
72 33 800
98 91 168
76 65 885
9 47 196
10 99 1022
7 55 622
97 62 218
72 83 94
91 98 133
33 87 457
43 59 681
93 51 241
61 82 857
17 50 505
51 14 1015
78 86 538
27 89 44
7 90 866
65 40 914
67 51 208
61 22 1001
94 100 99
43 75 959
8 59 727
34 31 955
89 73 946
82 86 669
4 8 587
81 57 492
39 5 835
39 28 239
57 19 411
94 9 591
1 66 724
28 34 979
84 96 534
89 52 214
92 67 1005
68 42 828
76 54 884
27 96 229
22 51 908
25 87 192
48 12 944
41 9 41
46 12 335
93 62 728
44 39 454
30 52 327
90 5 503
84 49 193
9 77 49
17 39 648
54 21 731
1 64 648
1 79 689
64 11 272
92 29 169
30 98 230
49 7 898
72 63 380
93 63 924
88 56 730
32 44 674
47 61 621
25 71 373
19 69 509
3 63 172
59 96 843
93 34 466
48 89 267
68 67 430
38 45 1000
1 94 132
57 39 340
90 74 921
81 96 113
25 58 214
28 60 228
56 60 247
94 69 666
36 100 65
98 67 503
57 10 248
49 43 167
62 45 366
24 83 177
31 90 125
25 78 133
33 33 282
27 88 355
34 67 1030
57 64 537
46 59 357
76 61 639
95 4 968
47 19 426
98 95 177
64 46 1015
80 52 700
38 31 56
14 76 277
53 46 936
41 42 482
96 31 311
14 26 105
58 9 501
9 78 316
91 3 495
54 81 747
47 33 299
31 61 53
39 31 712
68 16 821
22 81 182
23 37 653
4 53 214
36 22 667
100 83 66
51 4 608
62 11 472
87 93 89
10 52 885
47 48 1019
68 20 732
14 2 549
65 14 197
65 18 264
68 24 135
60 26 780
32 79 652
85 97 371
76 57 586
58 57 44
33 13 160
68 79 527
69 31 271
99 4 483
25 1 150
33 8 651
64 23 166
88 22 1026
70 14 369
25 18 689
72 53 688
32 93 759
88 40 891
10 75 798
14 19 361
87 42 195
100 33 334
70 43 555
22 100 479
46 56 502
3 16 496
21 99 857
61 25 35
93 80 673
87 4 194
94 75 515
78 47 302
45 12 231
3 82 1006
27 38 672
58 81 884
61 75 276
16 90 563
11 8 994
68 80 604
57 34 601
90 9 95
28 3 150
8 56 928
34 54 86
23 38 498
48 8 614
56 23 903
66 45 921
99 15 840
14 51 438
69 48 765
11 71 557
70 54 279
45 78 227
60 55 68
75 65 433
6 83 883
55 77 607
80 97 1001
78 48 581
97 39 308
31 44 34
100 84 798
22 33 204
70 55 413
66 40 892
58 97 42
95 15 219
85 44 703
28 99 951
87 11 533
48 47 550
94 97 68
42 60 578
8 100 387
51 73 533
11 48 597
43 51 804
28 2 457
26 21 717
57 68 810
1 7 960
48 74 213
77 78 57
49 16 236
59 1 513
15 31 787
32 51 419
100 30 303
58 11 759
31 45 412
57 38 59
8 74 232
37 52 907
53 57 883
5 91 31
36 47 389
38 36 856
81 89 38
26 70 996
15 50 578
88 51 134
37 32 234
70 35 732
95 55 952
74 18 539
35 24 327
29 35 863
8 97 871
14 77 506
31 37 1000
51 35 673
26 31 377
60 15 463
54 72 38
68 43 459
71 19 427
83 15 898
99 56 930
47 53 667
61 40 112
96 29 79
59 31 664
74 99 962
83 100 844
38 52 912
32 26 991
12 75 704
18 76 165
16 7 1023
68 73 348
46 38 967
14 34 96
58 76 76
9 62 451
99 30 862
26 16 249
84 61 66
3 14 1019
36 31 116
51 66 386
12 38 269
61 39 927
21 74 804
76 99 895
72 73 262
54 69 914
74 67 226
12 64 471
27 75 943
73 42 954
29 40 193
15 29 376
13 51 52
35 9 416
29 32 78
98 59 366
90 73 404
94 84 384
78 74 39
48 6 251
77 3 569
87 13 999
70 61 934
39 84 814
97 19 633
78 6 1017
37 69 594
12 73 70
37 97 886
20 80 355
35 34 642
42 13 967
20 29 397
88 44 831
12 83 320
53 52 883
80 83 847
62 97 519
95 8 609
22 92 195
57 99 590
91 40 929
94 45 341
52 73 145
34 42 246
83 30 425
66 75 306
12 16 691
98 88 408
22 2 553
63 17 205
92 64 390
78 25 1014
20 65 764
46 43 827
23 77 740
10 6 793
64 81 190
95 66 926
18 60 570
42 95 372
46 63 202
10 96 954
52 44 225
80 53 870
86 16 845
18 27 754
89 8 49
100 47 395
56 11 506
3 86 403
51 72 263
18 86 642
96 61 579
56 100 596
15 70 219
61 34 160
100 68 59
28 48 415
51 32 912
88 95 1014
21 11 960
15 37 259
33 19 921
32 55 221
9 72 450
52 24 737
10 73 803
47 54 423
19 86 773
6 55 204
53 32 327
24 38 530
99 42 46
20 30 72
15 41 370
1 83 386
55 57 504
12 44 842
42 59 317
44 23 309
73 16 175
48 10 560
51 18 515
95 29 747
38 92 858
48 78 459
91 67 952
45 85 642
80 15 689
25 19 795
68 46 989
97 26 678
63 100 877
59 79 268
99 54 233
91 64 700
57 75 545
77 56 324
74 66 348
51 12 163
81 1 426
34 55 184
54 59 40
28 25 1030
19 70 738
75 63 296
40 32 124
16 52 149
16 99 399
22 5 679
10 9 65
68 18 102
44 70 755
13 29 34
27 47 153
10 40 227
29 7 918
33 25 522
35 94 356
95 80 377
65 51 787
86 76 606
14 31 350
60 53 214
58 89 854
79 91 167
3 67 736
54 23 230
81 50 546
88 46 169
30 34 503
39 77 164
15 95 559
33 73 274
24 91 745
23 44 961
11 10 164
40 27 754
86 55 613
10 98 979
63 9 964
16 28 965
85 62 826
80 44 939
3 89 713
64 75 348
100 491 64 68
97 1 381
42 59 606
52 59 820
46 82 246
84 98 49
95 85 575
50 51 490
71 91 597
16 5 403
79 16 175
32 66 342
42 94 590
100 83 631
34 98 335
31 69 732
68 13 367
70 25 862
60 91 311
65 15 433
32 59 300
97 23 331
90 82 162
24 35 803
74 91 955
42 92 888
6 80 370
30 11 989
72 43 858
39 45 370
97 67 734
71 67 117
53 50 813
39 74 455
29 98 478
72 7 803
51 99 96
14 57 902
56 85 383
53 24 107
19 79 445
85 65 893
34 99 764
7 75 968
57 75 458
63 47 538
61 13 261
18 36 611
54 40 476
29 68 432
59 34 584
75 97 202
73 82 938
48 71 571
22 50 929
20 57 585
32 87 748
19 19 108
11 65 977
78 18 182
64 71 62
12 94 320
93 1 394
15 41 419
64 39 466
72 46 39
58 63 558
28 92 442
44 91 912
61 42 322
83 74 452
76 15 715
76 79 326
68 67 370
59 54 136
4 14 699
18 93 622
9 4 79
51 38 58
93 29 302
18 50 914
32 86 97
62 81 372
80 72 1000
85 77 519
50 45 829
43 36 484
98 36 201
35 16 762
65 22 756
51 88 725
83 82 309
55 3 870
31 43 502
28 42 638
15 47 288
3 70 330
18 1 527
56 34 762
77 12 677
17 6 693
98 84 143
100 76 1026
42 99 32
35 6 562
34 15 989
3 66 904
55 63 706
88 46 775
51 44 1030
57 6 58
92 71 574
19 18 271
17 19 822
75 2 716
41 61 102
7 86 435
69 13 237
66 57 591
61 8 931
66 35 333
88 79 141
5 71 633
75 63 703
77 100 472
89 71 546
74 76 886
38 34 792
94 47 112
1 47 929
35 1 889
65 12 1007
36 14 746
50 86 103
49 79 77
19 94 905
46 2 193
80 15 518
78 49 555
24 99 400
76 10 700
87 86 187
100 1 51
38 73 238
16 72 187
62 46 935
15 61 906
81 48 503
81 25 934
80 94 111
89 16 286
26 24 762
78 96 648
3 4 900
74 12 189
71 17 956
31 44 69
31 68 735
55 72 716
100 52 148
15 8 227
90 91 867
86 8 44
89 29 122
100 87 876
63 51 371
31 56 854
2 93 584
5 10 790
64 59 841
54 47 408
14 61 997
42 4 982
29 49 922
93 67 974
95 59 41
2 82 56
94 87 786
56 46 839
66 9 295
12 86 59
72 52 212
75 56 77
23 47 819
41 90 947
52 53 91
33 30 585
20 37 487
17 45 832
25 9 387
62 89 52
14 23 1016
21 69 587
67 57 914
9 25 488
13 85 929
78 48 364
74 1 383
34 58 152
23 31 128
45 16 690
13 25 803
22 8 475
46 65 541
83 15 1001
26 16 513
73 2 806
73 6 283
82 27 808
65 25 942
32 84 64
56 8 60
15 52 624
32 14 545
98 37 443
14 19 377
20 51 826
99 29 950
75 40 984
10 25 948
17 54 531
20 47 587
85 14 53
21 26 684
92 72 82
90 95 847
40 90 313
68 61 184
7 14 582
31 31 308
36 32 317
83 40 85
96 62 704
73 68 741
96 71 813
90 87 756
31 21 345
91 74 185
5 78 52
87 55 211
70 42 693
61 96 529
75 22 663
42 84 610
64 66 782
50 92 229
22 6 470
47 60 300
24 34 342
31 14 846
24 28 785
71 26 954
92 10 967
27 89 141
93 92 834
84 90 97
41 29 98
86 62 665
51 29 641
78 83 323
56 59 998
65 95 368
6 57 812
49 60 38
39 78 182
19 45 265
21 85 658
34 19 810
97 25 397
55 92 1026
1 82 481
9 63 98
68 22 103
45 74 951
41 60 841
25 87 212
95 18 684
28 34 217
52 52 978
96 48 74
77 50 780
91 17 680
12 41 940
37 62 659
97 24 255
35 57 795
53 10 719
86 96 366
90 44 993
37 39 596
86 89 791
3 90 619
43 100 509
56 28 173
32 53 409
88 69 157
98 58 692
45 93 144
88 7 281
79 72 822
67 33 58
8 73 144
7 4 498
87 46 192
39 76 500
7 3 583
16 16 622
60 81 271
66 83 716
38 75 255
22 2 933
46 67 499
49 86 307
46 100 265
22 21 651
76 73 41
91 64 200
23 5 815
5 90 927
79 66 792
33 69 681
51 89 354
89 17 400
88 52 648
8 24 946
32 35 967
47 4 894
51 40 684
92 36 858
58 50 962
78 52 493
66 28 125
83 97 1027
86 66 315
9 81 854
95 69 113
50 32 644
42 37 391
29 64 593
30 48 937
82 10 646
9 56 623
57 52 688
22 89 822
55 12 259
75 95 620
7 60 914
95 72 1016
59 35 357
6 41 185
67 56 615
22 100 648
25 57 256
13 1 864
25 81 737
71 70 791
30 54 666
2 91 224
88 17 118
80 23 528
87 59 385
86 76 151
94 53 272
94 86 97
75 93 261
96 5 237
49 92 107
91 37 189
7 77 842
82 74 629
40 29 160
16 1 346
68 95 131
6 13 524
50 43 670
6 50 796
50 26 491
86 36 992
62 47 282
88 97 41
68 26 422
68 41 361
62 93 828
74 87 696
17 78 853
18 43 654
43 55 859
31 16 160
77 20 398
26 82 659
51 73 498
44 3 565
36 53 333
22 18 746
51 92 520
93 15 588
100 95 805
67 77 599
86 44 129
67 72 558
91 92 483
46 26 33
98 80 876
67 96 112
58 37 585
24 94 936
70 68 280
46 36 79
89 87 646
13 14 583
4 66 902
81 20 992
61 66 537
8 99 686
44 5 752
89 62 261
56 12 484
43 12 306
29 79 151
59 55 756
79 68 611
96 27 191
94 82 503
50 4 262
12 34 957
38 15 600
17 87 595
52 100 875
6 25 969
25 5 327
51 18 305
33 42 452
88 26 497
21 52 347
60 67 258
26 88 184
13 4 821
64 49 489
45 35 797
14 62 622
8 83 72
33 50 156
84 66 595
2 45 916
42 50 627
45 40 1005
93 99 169
31 8 532
66 27 820
27 18 317
9 11 830
10 89 537
27 53 669
71 90 505
20 87 158
12 61 199
62 51 544
69 52 36
47 94 319
64 80 984
75 79 1010
15 38 170
67 76 580
57 2 258
95 30 729
7 98 200
57 63 463
8 21 624
1 9 745
80 62 591
11 93 755
48 84 981
75 33 395
77 13 913
58 11 69
7 32 515
70 17 521
90 10 929
98 24 537
11 85 189
3 61 821
86 63 231
71 79 630
83 61 304
45 52 432
28 88 141
44 79 248
54 77 969
29 35 310
65 46 207
25 36 669
39 88 323

