7 14 1 7
1 2 5
1 3 6
1 4 5
2 3 2
2 5 3
3 2 2
3 4 3
3 5 3
3 6 7
4 6 5
5 6 1
6 5 1
5 7 8
6 7 7
100 491 64 68
97 1 381
42 59 606
52 59 820
46 82 246
84 98 49
95 85 575
50 51 490
71 91 597
16 5 403
79 16 175
32 66 342
42 94 590
100 83 631
34 98 335
31 69 732
68 13 367
70 25 862
60 91 311
65 15 433
32 59 300
97 23 331
90 82 162
24 35 803
74 91 955
42 92 888
6 80 370
30 11 989
72 43 858
39 45 370
97 67 734
71 67 117
53 50 813
39 74 455
29 98 478
72 7 803
51 99 96
14 57 902
56 85 383
53 24 107
19 79 445
85 65 893
34 99 764
7 75 968
57 75 458
63 47 538
61 13 261
18 36 611
54 40 476
29 68 432
59 34 584
75 97 202
73 82 938
48 71 571
22 50 929
20 57 585
32 87 748
19 19 108
11 65 977
78 18 182
64 71 62
12 94 320
93 1 394
15 41 419
64 39 466
72 46 39
58 63 558
28 92 442
44 91 912
61 42 322
83 74 452
76 15 715
76 79 326
68 67 370
59 54 136
4 14 699
18 93 622
9 4 79
51 38 58
93 29 302
18 50 914
32 86 97
62 81 372
80 72 1000
85 77 519
50 45 829
43 36 484
98 36 201
35 16 762
65 22 756
51 88 725
83 82 309
55 3 870
31 43 502
28 42 638
15 47 288
3 70 330
18 1 527
56 34 762
77 12 677
17 6 693
98 84 143
100 76 1026
42 99 32
35 6 562
34 15 989
3 66 904
55 63 706
88 46 775
51 44 1030
57 6 58
92 71 574
19 18 271
17 19 822
75 2 716
41 61 102
7 86 435
69 13 237
66 57 591
61 8 931
66 35 333
88 79 141
5 71 633
75 63 703
77 100 472
89 71 546
74 76 886
38 34 792
94 47 112
1 47 929
35 1 889
65 12 1007
36 14 746
50 86 103
49 79 77
19 94 905
46 2 193
80 15 518
78 49 555
24 99 400
76 10 700
87 86 187
100 1 51
38 73 238
16 72 187
62 46 935
15 61 906
81 48 503
81 25 934
80 94 111
89 16 286
26 24 762
78 96 648
3 4 900
74 12 189
71 17 956
31 44 69
31 68 735
55 72 716
100 52 148
15 8 227
90 91 867
86 8 44
89 29 122
100 87 876
63 51 371
31 56 854
2 93 584
5 10 790
64 59 841
54 47 408
14 61 997
42 4 982
29 49 922
93 67 974
95 59 41
2 82 56
94 87 786
56 46 839
66 9 295
12 86 59
72 52 212
75 56 77
23 47 819
41 90 947
52 53 91
33 30 585
20 37 487
17 45 832
25 9 387
62 89 52
14 23 1016
21 69 587
67 57 914
9 25 488
13 85 929
78 48 364
74 1 383
34 58 152
23 31 128
45 16 690
13 25 803
22 8 475
46 65 541
83 15 1001
26 16 513
73 2 806
73 6 283
82 27 808
65 25 942
32 84 64
56 8 60
15 52 624
32 14 545
98 37 443
14 19 377
20 51 826
99 29 950
75 40 984
10 25 948
17 54 531
20 47 587
85 14 53
21 26 684
92 72 82
90 95 847
40 90 313
68 61 184
7 14 582
31 31 308
36 32 317
83 40 85
96 62 704
73 68 741
96 71 813
90 87 756
31 21 345
91 74 185
5 78 52
87 55 211
70 42 693
61 96 529
75 22 663
42 84 610
64 66 782
50 92 229
22 6 470
47 60 300
24 34 342
31 14 846
24 28 785
71 26 954
92 10 967
27 89 141
93 92 834
84 90 97
41 29 98
86 62 665
51 29 641
78 83 323
56 59 998
65 95 368
6 57 812
49 60 38
39 78 182
19 45 265
21 85 658
34 19 810
97 25 397
55 92 1026
1 82 481
9 63 98
68 22 103
45 74 951
41 60 841
25 87 212
95 18 684
28 34 217
52 52 978
96 48 74
77 50 780
91 17 680
12 41 940
37 62 659
97 24 255
35 57 795
53 10 719
86 96 366
90 44 993
37 39 596
86 89 791
3 90 619
43 100 509
56 28 173
32 53 409
88 69 157
98 58 692
45 93 144
88 7 281
79 72 822
67 33 58
8 73 144
7 4 498
87 46 192
39 76 500
7 3 583
16 16 622
60 81 271
66 83 716
38 75 255
22 2 933
46 67 499
49 86 307
46 100 265
22 21 651
76 73 41
91 64 200
23 5 815
5 90 927
79 66 792
33 69 681
51 89 354
89 17 400
88 52 648
8 24 946
32 35 967
47 4 894
51 40 684
92 36 858
58 50 962
78 52 493
66 28 125
83 97 1027
86 66 315
9 81 854
95 69 113
50 32 644
42 37 391
29 64 593
30 48 937
82 10 646
9 56 623
57 52 688
22 89 822
55 12 259
75 95 620
7 60 914
95 72 1016
59 35 357
6 41 185
67 56 615
22 100 648
25 57 256
13 1 864
25 81 737
71 70 791
30 54 666
2 91 224
88 17 118
80 23 528
87 59 385
86 76 151
94 53 272
94 86 97
75 93 261
96 5 237
49 92 107
91 37 189
7 77 842
82 74 629
40 29 160
16 1 346
68 95 131
6 13 524
50 43 670
6 50 796
50 26 491
86 36 992
62 47 282
88 97 41
68 26 422
68 41 361
62 93 828
74 87 696
17 78 853
18 43 654
43 55 859
31 16 160
77 20 398
26 82 659
51 73 498
44 3 565
36 53 333
22 18 746
51 92 520
93 15 588
100 95 805
67 77 599
86 44 129
67 72 558
91 92 483
46 26 33
98 80 876
67 96 112
58 37 585
24 94 936
70 68 280
46 36 79
89 87 646
13 14 583
4 66 902
81 20 992
61 66 537
8 99 686
44 5 752
89 62 261
56 12 484
43 12 306
29 79 151
59 55 756
79 68 611
96 27 191
94 82 503
50 4 262
12 34 957
38 15 600
17 87 595
52 100 875
6 25 969
25 5 327
51 18 305
33 42 452
88 26 497
21 52 347
60 67 258
26 88 184
13 4 821
64 49 489
45 35 797
14 62 622
8 83 72
33 50 156
84 66 595
2 45 916
42 50 627
45 40 1005
93 99 169
31 8 532
66 27 820
27 18 317
9 11 830
10 89 537
27 53 669
71 90 505
20 87 158
12 61 199
62 51 544
69 52 36
47 94 319
64 80 984
75 79 1010
15 38 170
67 76 580
57 2 258
95 30 729
7 98 200
57 63 463
8 21 624
1 9 745
80 62 591
11 93 755
48 84 981
75 33 395
77 13 913
58 11 69
7 32 515
70 17 521
90 10 929
98 24 537
11 85 189
3 61 821
86 63 231
71 79 630
83 61 304
45 52 432
28 88 141
44 79 248
54 77 969
29 35 310
65 46 207
25 36 669
39 88 323

